# omch2 H0 logA LRG_NGC_b1 LRG_NGC_c2 LRG_NGC_b3 LRG_NGC_cct LRG_NGC_cr1 LRG_NGC_ce0 LRG_NGC_cequad
  6.4801369E-05   5.8424142E-03  -2.5824067E-04  -2.4501068E-04  -1.5214217E-03   2.2229027E-03  -1.9470061E-04   1.4992652E-03  -2.2863815E-08   1.4728829E-08
  5.8424142E-03   6.5254674E+00  -1.7411990E-01   8.8697112E-02   1.9518662E-01   3.6088231E-01   1.6426852E-01  -1.1761711E+00   1.9023950E-06   4.6021368E-06
 -2.5824067E-04  -1.7411990E-01   4.4086893E-02  -5.7180090E-02  -3.5222716E-02  -2.8639220E-02   3.3111906E-02  -3.6006651E-01  -9.4852184E-07   1.0206199E-06
 -2.4501068E-04   8.8697112E-02  -5.7180090E-02   8.2013587E-02   5.8880995E-02   3.3827105E-02  -5.3395089E-02   5.1482225E-01   1.3536738E-06  -1.6115259E-06
 -1.5214217E-03   1.9518662E-01  -3.5222716E-02   5.8880995E-02   2.9831948E-01   2.8480375E-01  -5.9044481E-01  -4.6084754E-01   1.2889506E-06   1.2888813E-06
  2.2229027E-03   3.6088231E-01  -2.8639220E-02   3.3827105E-02   2.8480375E-01   3.8541281E+00   2.0206252E-01  -9.5123865E-01  -7.1555906E-07   3.4665923E-06
 -1.9470061E-04   1.6426852E-01   3.3111906E-02  -5.3395089E-02  -5.9044481E-01   2.0206252E-01   3.4476723E+00   8.2022143E-01  -3.7623377E-06  -7.1408282E-06
  1.4992652E-03  -1.1761711E+00  -3.6006651E-01   5.1482225E-01  -4.6084754E-01  -9.5123865E-01   8.2022143E-01   8.8787556E+00   9.9629701E-06  -2.1978457E-05
 -2.2863815E-08   1.9023950E-06  -9.4852184E-07   1.3536738E-06   1.2889506E-06  -7.1555906E-07  -3.7623377E-06   9.9629701E-06   2.5926287E-08  -5.1558168E-10
  1.4728829E-08   4.6021368E-06   1.0206199E-06  -1.6115259E-06   1.2888813E-06   3.4665923E-06  -7.1408282E-06  -2.1978457E-05  -5.1558168E-10   2.5230636E-08
