8.225502398003987968e+07 1.000505718020228669e+07 1.331298352775674546e+06 7.771516459098430350e+05 8.642463127657768782e+05 6.179596295954668894e+05 3.128798263506595977e+05 -9.148336505617157673e+04 3.314105193668696302e+04 -3.732361809306815121e+04 1.649605451786337653e+04 -3.263379018285485927e+03 1.103251077506310539e+05 4.479658749809328583e+04 6.632064119391610438e+04 -8.407410399312590016e+04 -4.747012306223286578e+04 -9.093563993406256486e+04 2.343280177551144152e+04 1.060295733522959745e+04 -6.677696463533879432e+04 -7.923643512915869360e+04 5.398514309678383142e+03 3.217687093092641135e+03 4.162919295646699902e+04 2.490201122076050524e+04 -2.991775779323429015e+04 -2.052797888746325771e+04 -5.520919584769462745e+03 -4.948469967200056999e+04 -1.342306803692786954e+07 -4.380023518277432770e+06 1.610690647648527520e+06 1.356511548865141522e+05 1.016240998930202448e+06 1.211593529499844648e+06 1.315563526920392178e+06 -4.971334414252647548e+04 4.162836302119821776e+05 -5.927800342186556372e+04 -1.017696369217480387e+05 -2.925621846597805052e+04 2.758224700500209583e+05 6.198918289775143785e+04 1.674629428652384377e+05 4.052216994340913516e+04 6.943069907576218247e+04 -5.022700712871910218e+04 -5.220703805611908319e+04 -5.525444085870361596e+04 -6.600305800483652092e+03 -1.749115689316498756e+05 -4.953091571744719113e+04 -4.338383900456141419e+04 -1.983039007827539172e+04 1.506325099869638871e+04 -1.114103730691463861e+05 -3.142558049371796369e+04 -2.268650875042256303e+04 -6.838738411537208594e+04
1.000505718020228669e+07 2.858608006497757509e+07 5.399464805367037654e+06 3.502811900284244912e+05 3.126262978206574335e+05 1.038469568670517619e+05 4.988652567706849659e+05 2.743720806847019121e+05 1.215989000547838368e+05 1.775518150600532535e+05 9.563187395833068877e+04 4.088981598435168416e+04 5.260701573787687084e+04 2.551439153143442309e+04 6.233633662979097426e+04 1.106128140545964561e+04 -1.908166103212476446e+04 -5.873523361896554707e+04 -3.991670366976813966e+03 1.918599015293698540e+04 2.879994142158306931e+04 2.375234462245813120e+04 1.822337305295128681e+04 -1.507403574450704582e+03 3.924455312696278270e+04 -7.972106605194588155e+03 -7.510950296757679098e+03 -2.678499597363435896e+03 1.459830880423099006e+04 7.642987698333019580e+03 9.753416085408365354e+06 2.457262630189536139e+07 1.546655570000265725e+06 -6.030944131264240714e+05 4.667595892262452981e+04 -2.835884448114362895e+05 7.220660570649389410e+05 6.908980543938544579e+05 5.682426895892835091e+03 1.451146242451821745e+05 6.153560825894318259e+04 -2.389722229414270623e+04 -2.391728006282649949e+04 7.087667985410046822e+04 5.450218786262746289e+04 5.789711181697479333e+04 4.589022172967485676e+04 -8.801727789592891349e+04 -1.742242111764574656e+04 5.620207619512105339e+03 -5.384811219897504998e+03 3.963345627802798845e+04 2.864865239970497896e+03 -8.509852827638473173e+03 -2.183870979698122756e+04 -2.415121390718544717e+04 -1.728965276540822379e+04 -1.641306648632255747e+04 -4.021851812658391282e+03 2.058058782519000306e+04
1.331298352775674546e+06 5.399464805367037654e+06 1.251504037644160539e+07 2.807686979765115306e+06 4.186160088245186489e+05 1.719090354271333126e+04 2.934458061209378229e+03 1.578947618874750333e+05 1.024749979204405390e+05 1.632512875382416241e+05 1.474955700754105637e+05 2.933894037736870814e+04 -1.954359417443468192e+04 4.141982893750530638e+04 3.464538048553265253e+04 3.150566388443546384e+04 4.178102561890568177e+04 7.120009024778263665e+03 4.740669040446743747e+04 1.813185945227918273e+04 2.815631727913422583e+04 3.223376079522604414e+03 1.465150380476313876e+04 6.183096514018787275e+03 1.192149289337395385e+04 4.489977231502383802e+03 2.018162887498943405e+02 1.079738916480109583e+04 1.038399066946523089e+04 4.709079251293979723e+03 7.198487804239853285e+05 4.333258611257718876e+06 1.323051672525174916e+07 1.314035426296524471e+06 -2.252501999034197652e+05 -3.966289319326865370e+05 -2.188382132033348316e+05 4.659873268844937556e+05 1.325236947253405815e+05 2.244777540163264493e+05 1.841549889161525352e+05 -1.860694075860777593e+04 -6.321541038543671675e+03 1.067475488702530129e+05 4.159428023469305481e+04 9.913499802468712005e+03 6.589307300106459297e+04 3.939913100826963637e+04 5.479292242157133296e+04 9.283176896991879403e+03 4.122915888862765132e+04 1.541188628072327629e+04 1.101219656633906925e+04 -1.226389441759538204e+04 -2.074564685154442486e+04 -2.916726502958380297e+04 3.706214714608605391e+03 6.440380037193159296e+03 1.558551436398304031e+04 1.143126283091004188e+04
7.771516459098430350e+05 3.502811900284244912e+05 2.807686979765115306e+06 5.876339636673871428e+06 1.099019807447576895e+06 1.185343088682868402e+05 -2.971694173650137600e+04 -1.454997941683851241e+04 2.218795597312804966e+04 2.501888321878389979e+04 5.008426807815954089e+04 4.910514326335240912e+04 2.634453531434775505e+04 5.895424070300261974e+02 4.437386148273098115e+03 2.387477287400257410e+04 2.687776505912603898e+04 1.937429941176803914e+04 1.688356177591950109e+04 4.937764070583875764e+03 1.158706286534434366e+04 1.001468016864975107e+04 1.948474716801219620e+04 6.147193106072027149e+02 1.506031744986179910e+04 2.994570161273803024e+03 9.358252754496596026e+03 1.595101233191132997e+04 1.433854679170926647e+04 1.033940188339999077e+04 9.099111642136752198e+04 -6.218623732628758298e+05 3.684684406484334264e+06 7.862732446636732668e+06 6.780943589324478526e+05 -2.155087105497797602e+05 -1.781895436136047065e+05 -3.169581538743964484e+04 8.904578464744864323e+04 1.707847833090890708e+04 9.394023091312318866e+04 2.449348224442795981e+04 4.680611203251194820e+04 3.420560262997038990e+03 2.772173717229285830e+04 4.022368445457069174e+04 5.874101484832419374e+04 6.763547004069697869e+04 4.105059594805174129e+04 5.440398988658415874e+03 1.346419274904459962e+04 -1.455516718966482767e+04 1.567808771927599264e+04 -1.800281518410181889e+04 1.974865337899176302e+04 -3.962149783022964129e+03 7.885234722263042386e+03 1.369210695237040272e+04 3.336650849790896609e+04 1.173110732121460569e+04
8.642463127657768782e+05 3.126262978206574335e+05 4.186160088245186489e+05 1.099019807447576895e+06 2.495336055625830311e+06 4.909567847774050315e+05 6.156861965194014920e+04 3.350596579240588471e+04 -2.341189807799647315e+04 2.483938581941680604e+04 1.550101719437233442e+04 1.354207421127664566e+04 8.207098215078114663e+03 1.468311317824481921e+04 2.844913833744535441e+04 2.346711204873159659e+04 2.796022498309422008e+04 8.174919358223449308e+03 9.923345521737901436e+03 4.259785022840146667e+03 -4.856653177161019812e+03 6.488061495222381382e+03 7.491156392565416354e+03 9.789705745077497340e+03 2.737275756235849713e+03 -3.833244661134542071e+02 4.373131340084159092e+03 5.547922067549895473e+03 -2.428526521421849338e+03 -1.426959080383730225e+03 -4.552779278967342689e+05 2.545942977775940963e+05 8.271878723504596855e+05 1.802283056902758079e+06 3.757018862558554392e+06 4.322231203303566435e+05 -1.138159942765569285e+05 -5.628792047732968058e+04 -7.908090572804147087e+04 -2.814335129903690904e+04 -1.425753644573784550e+04 -2.590919586960896049e+04 -7.576970074282427959e+03 9.525167084877875823e+03 2.503153531839559582e+04 6.629079599492039051e+03 2.193490362235917928e+04 -5.704746058159391396e+03 1.638769672143002754e+04 9.989467128022934048e+03 -1.735041778555550627e+04 -3.565232794518995433e+03 -4.863691425640129637e+03 2.189924726964708952e+03 -5.952661043495570993e+03 6.108397188117772203e+03 5.424908537414341481e+03 1.373355004965954322e+04 1.831282603313638674e+03 1.541698019423356163e+04
6.179596295954668894e+05 1.038469568670517619e+05 1.719090354271333126e+04 1.185343088682868402e+05 4.909567847774050315e+05 1.586051695828201948e+06 3.911545287217897130e+05 1.092816027399501472e+05 3.466394373229843040e+04 2.391806853227612737e+04 1.013072536538606801e+04 4.286415424995474496e+03 6.181696036212600120e+03 2.767177350137486064e+04 3.004602545327141343e+04 2.216700992820580723e+04 1.771922856493694053e+04 2.121311051160886200e+04 1.802482098581788887e+04 2.025339188907874995e+04 8.646525492409531580e+03 1.014756625676999465e+04 5.435573697903517314e+03 1.353386620313711774e+03 3.770079443096057275e+03 2.040052551771864273e+03 5.762576100150577986e+03 5.917556674143015698e+03 3.503837530165233602e+03 2.617647377766214959e+03 4.428510214838034008e+05 -2.679654403292531497e+05 1.489876064643232385e+05 2.249777305427166866e+05 6.801127524689870188e+05 2.446613844393158797e+06 4.565816436927796458e+05 3.160197323137943022e+04 1.597020143925205048e+04 -6.467126358615174468e+03 1.904213386721592906e+04 4.782488376218218764e+04 5.483164809082567808e+04 5.751230550887671416e+04 4.282309079189132171e+04 2.077340300027207923e+04 1.872768978937352949e+04 3.519809852114483510e+04 9.107908875455681482e+03 2.231709150543624128e+04 2.633850686272990515e+03 1.419507037369288628e+04 1.453358823156420476e+04 1.372017023693833107e+04 1.530302318230274068e+04 6.681189534883606029e+03 1.880434376669169433e+04 1.752346886973278015e+04 1.117238514372692953e+04 4.987137706896350210e+03
3.128798263506595977e+05 4.988652567706849659e+05 2.934458061209378229e+03 -2.971694173650137600e+04 6.156861965194014920e+04 3.911545287217897130e+05 8.780869698968752054e+05 2.598298969708501536e+05 5.379785635718615958e+04 2.326682782074221905e+04 1.200516574964045867e+04 9.493123673838934337e+03 1.214952814678032382e+03 5.203676124945356605e+03 7.429796130195845763e+03 7.424063588297344722e+03 7.986190870673334757e+03 4.402841153513970312e+03 6.873620602082596633e+03 1.185473612725278690e+04 1.132777521755004091e+04 2.318583688790438373e+03 4.300653505118738394e+03 4.105229671244869678e+03 4.005337473049000437e+03 5.950976202848459252e+03 5.156547739923524887e+02 2.667805867498309908e+03 2.253475927481338204e+03 4.085701219827469231e+03 2.923901093287306721e+05 1.925642857734327263e+05 -4.232110596550119808e+05 -2.183592405989829567e+05 -4.989901782404963160e+04 5.967619588888566941e+05 1.301820680223168107e+06 2.672021922363981139e+05 -3.444019405216801533e+04 3.776245476886154393e+03 1.919990969242025676e+04 2.487671532375577226e+04 -3.852636607392484439e+04 -1.608186090490896731e+03 1.406588543115960056e+04 1.010850121373775437e+04 9.269453169395213990e+03 4.713291324961764985e+03 4.176338528318031422e+03 1.537512188229705680e+04 4.981975481466096426e+03 -7.843852766551716741e+03 5.067030972663000284e+03 2.889559646173076544e+03 3.432724215436299346e+03 1.033764644973202667e+04 -4.566902233431571858e+02 2.588864921172045797e+03 3.000419246703505451e+03 3.556011666843833609e+03
-9.148336505617157673e+04 2.743720806847019121e+05 1.578947618874750333e+05 -1.454997941683851241e+04 3.350596579240588471e+04 1.092816027399501472e+05 2.598298969708501536e+05 5.357987910740372026e+05 1.315009542355247831e+05 4.140980600585314824e+04 7.382994466718637341e+03 1.692109257471873570e+04 1.153085495463165898e+04 8.501156406274249093e+03 3.745491201381753399e+03 6.449674970857601693e+03 5.695034933421723508e+03 3.669311631427072825e+03 5.343904711321056311e+03 8.164004797638897799e+03 5.266447096397026144e+03 5.784229596207949726e+03 6.804230579716925149e+02 3.628920653859248432e+03 4.737508267619437902e+03 4.297818574265089410e+03 1.977226597226896956e+03 1.901207815651068131e+03 5.449837734578862865e+02 3.461684840118767625e+03 -4.025988804076014785e+05 2.398623528936306247e+05 -3.044389701538309964e+04 -1.576506939034138049e+05 -1.143804940549591083e+04 1.562019868200138735e+05 4.060881259922584286e+05 8.195960946330949664e+05 1.483845005087158643e+05 5.292419815222187026e+04 3.296842668071057687e+03 2.728482883558050889e+04 4.146664004007633594e+03 1.141954908963449998e+04 3.040963407711812124e+03 1.969007842665984572e+04 8.864388885621074223e+03 -2.483875237684599142e+02 7.481797669394451077e+03 4.623418248360381767e+03 4.303858873952862268e+03 7.598627227442175354e+03 -1.477285808352789672e+03 2.107696973766141582e+03 2.325397733529655852e+03 1.624651477116262640e+03 1.351902907058320125e+03 1.175883703953204758e+03 -1.746483326500555222e+03 -5.125834172594521760e+02
3.314105193668696302e+04 1.215989000547838368e+05 1.024749979204405390e+05 2.218795597312804966e+04 -2.341189807799647315e+04 3.466394373229843040e+04 5.379785635718615958e+04 1.315009542355247831e+05 3.394309548907651915e+05 8.576724721049188520e+04 1.404981714619214654e+04 -1.805427499628328860e+03 -9.226113320099328803e+02 7.979833669339570406e+03 7.424221974968528230e+03 5.398302451912519246e+03 8.244218449878764659e+03 -3.627717903315311787e+01 2.269568251453080848e+03 6.224947712425657301e+03 3.772398406127281305e+03 3.978733345431351154e+03 3.099716896836207525e+03 3.574646270146105053e+03 1.644078661684290239e+02 1.332553593617255274e+03 1.873012109343705106e+03 -1.889295315902592620e+03 -2.790923797781509847e+02 4.367577676154234723e+03 -1.455056529984834924e+04 3.588834359708522097e+05 1.289180316018985177e+05 1.720203216536883701e+04 -3.953578186928929790e+04 2.726397079826535628e+04 5.722373721817378828e+04 2.011706727652783738e+05 5.002989908973331912e+05 7.466676035439780389e+04 1.544103302005318255e+04 -5.045940410960977715e+03 -1.052839596617548887e+04 8.980303696351049439e+03 1.527518169997695259e+04 6.789484941937031181e+03 1.280528465210432842e+04 -1.950644137876259720e+03 7.841198951458731244e+03 1.052643540957870209e+04 -1.664688501520761974e+03 8.446196020262523234e+02 1.744350470467374407e+03 -3.717345879826288638e+03 -4.864839070953637929e+03 -4.243394914728568779e+02 -5.999881092828094324e+02 -3.105646359928982292e+03 -3.228696263756192820e+03 1.545622821395861877e+02
-3.732361809306815121e+04 1.775518150600532535e+05 1.632512875382416241e+05 2.501888321878389979e+04 2.483938581941680604e+04 2.391806853227612737e+04 2.326682782074221905e+04 4.140980600585314824e+04 8.576724721049188520e+04 2.191511129775848240e+05 4.758724572914241435e+04 1.066849869259298794e+04 8.713747540222095267e+03 8.349135931598788375e+03 7.834319064603054358e+03 5.531624171207296968e+03 5.098992496974254209e+03 -7.307017985460755654e+02 1.860034565410503546e+03 3.978298995065372310e+03 2.541829532296578691e+03 3.163586320278325275e+03 4.542498008510307045e+03 1.093725789012600444e+03 2.752763124496612363e+03 1.722656316132353140e+03 1.508353833738614185e+03 -5.463126323145571632e+02 -2.630174002956662207e+02 1.477798349512127970e+03 2.558148304420721979e+04 4.014387630647232290e+05 1.521399087629710848e+05 -6.764025825241877465e+04 -9.846196289700297712e+03 -2.485550533653854927e+03 4.239462562905190134e+04 5.120285978611648170e+04 1.218544247062758950e+05 3.113504908294052584e+05 2.694201807886928145e+04 -8.875613537431534496e+03 6.632415023773606663e+03 3.906428298680689750e+03 1.618675596384205164e+04 9.631009139403178779e+03 3.101315359700035060e+03 -1.000182583119336414e+04 -1.799039610171987988e+03 7.554822004929867944e+03 2.017485511200192605e+03 8.504407731586832597e+03 1.050369657482317962e+04 5.840981853209872270e+02 5.093277017347834771e+03 6.003218082101862819e+03 7.497065073536991804e+03 1.084640890556004706e+03 -6.437091916534652682e+02 2.577219430451795233e+03
1.649605451786337653e+04 9.563187395833068877e+04 1.474955700754105637e+05 5.008426807815954089e+04 1.550101719437233442e+04 1.013072536538606801e+04 1.200516574964045867e+04 7.382994466718637341e+03 1.404981714619214654e+04 4.758724572914241435e+04 1.426609378918671864e+05 3.993706525259644695e+04 8.581269991925979411e+03 6.810981869099987307e+03 3.306428967222231222e+03 7.825413162279815879e+03 6.852374287786495188e+03 2.408218938317311313e+03 2.108031791175191756e+03 2.420763863628013041e+03 1.370941979369136106e+03 2.828205644446027236e+03 1.779125760043283663e+03 -1.144264811864654121e+03 1.118558428223125929e+03 4.283918100176597363e+02 6.022896743884946318e+02 8.561114135699624512e+02 -2.497774651353720685e+02 8.267795923017140467e+02 -5.071714267205871147e+04 2.029443684746191138e+05 2.011265272530634829e+05 8.769797644650444272e+04 4.347419633515686292e+04 2.791789028189753299e+04 2.970911893494064134e+04 2.424947993914811741e+04 3.609850702890957473e+04 8.139099665759466006e+04 2.160637368844741723e+05 5.832598984297577408e+04 1.340709778719756105e+04 6.393678717173337645e+03 4.476329182217149537e+03 1.002460774085329831e+04 1.423590695744763252e+04 4.448964851474616808e+03 1.797518494990961472e+03 2.307602581876485601e+03 -2.631741165818676564e+03 4.359601074169405365e+03 7.224572096046598745e+03 -4.646931907067520115e+03 2.788519464179657916e+03 -1.956758978360246147e+03 1.862054044230284262e+02 2.339754075845934494e+03 -1.563718265304869647e+03 1.443370633627242341e+03
-3.263379018285485927e+03 4.088981598435168416e+04 2.933894037736870814e+04 4.910514326335240912e+04 1.354207421127664566e+04 4.286415424995474496e+03 9.493123673838934337e+03 1.692109257471873570e+04 -1.805427499628328860e+03 1.066849869259298794e+04 3.993706525259644695e+04 1.069000890361756174e+05 2.584842524820100152e+04 9.048431637445046363e+03 8.265883258531032425e+02 5.147413863299511831e+03 7.296183569178018843e+03 2.104362298931786427e+03 2.487060853861052237e+03 5.278180847739182582e+02 2.774063223763213955e+03 7.974703046228888752e+02 1.592312436400105071e+03 1.889608700702415263e+03 2.424421362631054308e+03 1.755228366870958325e+03 1.528609169949904754e+03 2.258274489913397701e+03 1.346420401971136698e+03 1.145292292469444419e+03 -1.027211214521463553e+05 -8.769609640737168957e+04 8.748164336408485542e+04 1.140954114524676843e+05 1.344034131336820064e+04 1.110590745395332851e+04 7.315148604270617398e+03 4.418869785184562352e+04 -4.750924770068446378e+03 2.412621763855869358e+04 5.275481457748261892e+04 1.562465179912542226e+05 2.464853884148528959e+04 1.126554888787432537e+04 2.821412364682449606e+03 6.131861763398313997e+03 1.587377312359270945e+04 3.639974882886317118e+03 -1.999391947325474121e+03 5.175129290988954381e+03 5.455184930973534392e+03 1.279939433995307809e+03 5.060738461525869752e+03 -3.528110919655340467e+02 2.998218456920769768e+03 -1.763444774180232116e+03 2.887591431760327396e+03 3.973189127246704629e+03 1.229088867986865125e+03 2.427819661141734741e+03
1.103251077506310539e+05 5.260701573787687084e+04 -1.954359417443468192e+04 2.634453531434775505e+04 8.207098215078114663e+03 6.181696036212600120e+03 1.214952814678032382e+03 1.153085495463165898e+04 -9.226113320099328803e+02 8.713747540222095267e+03 8.581269991925979411e+03 2.584842524820100152e+04 7.979398295961623080e+04 1.818690396276862521e+04 3.597882344122220729e+03 2.273172450106736505e+03 5.033028893518579025e+03 9.325041360406041804e+02 2.522674434650842159e+03 1.475265374803784653e+03 1.284424764085347306e+03 2.825608238451968646e+03 1.785515585918402621e+03 4.538924791659635503e+02 2.638023381766902730e+03 2.758784029914763778e+03 8.229269919137792613e+02 7.873958791664275623e+02 9.809743554104351233e+02 3.232141710373759338e+02 8.835316882507775153e+04 6.218550312268397829e+04 4.245267882721439673e+04 8.909374234196818725e+04 2.551096760612605431e+04 -2.593948257391199877e+04 -2.251513882887403270e+03 1.672259946497967030e+04 -3.684147237852490889e+03 6.128131058937496164e+03 4.329898216295261591e+03 3.923924635296255292e+04 1.164332397244986350e+05 1.136191478075286432e+04 -5.495803576731383146e+03 -3.025041228162717175e+02 5.671688475471944912e+03 -2.379721041700758633e+03 -2.398633858642554515e+03 7.922600698567841846e+02 1.469246818577170188e+02 4.054895058310610239e+03 5.558651519699432129e+02 -2.698684230899426439e+03 6.357060600145613307e+02 5.934718825365989687e+02 7.713734131597964279e+02 3.788417692347213119e+02 -1.563830230648605720e+03 2.600416279238089601e+02
4.479658749809328583e+04 2.551439153143442309e+04 4.141982893750530638e+04 5.895424070300261974e+02 1.468311317824481921e+04 2.767177350137486064e+04 5.203676124945356605e+03 8.501156406274249093e+03 7.979833669339570406e+03 8.349135931598788375e+03 6.810981869099987307e+03 9.048431637445046363e+03 1.818690396276862521e+04 6.226272822449916566e+04 1.624116435794734753e+04 2.853811760250317548e+03 3.993564709168327227e+03 2.667328070813424802e+03 3.438155116713358893e+03 2.074751299014023516e+03 3.211215779704426041e+03 3.314645263582572170e+03 2.245195807006602536e+03 -2.866665470848603192e+01 1.210205590335237503e+03 1.302689129747515153e+03 7.801092370504923110e+02 6.692022450604454207e+02 -4.912771612923622797e+02 6.722761843481117694e+02 7.262347712915430020e+04 -1.035939297882686078e+05 1.073878207409089227e+05 1.936793670260419276e+03 4.427585480964672570e+03 4.639587440021935436e+03 1.727892089302370368e+04 6.637209976755093521e+03 5.878026790253270519e+03 -5.410089736729016749e+02 3.248304132357849539e+03 9.978183083246358365e+03 2.564309821140559507e+04 8.570541818407765822e+04 1.923084186919442072e+04 -1.569170611982916341e+02 1.203776347746414785e+03 3.621386182073777945e+03 5.472807444034021501e+03 1.243648834895723354e+01 5.276410435606538158e+03 2.356884043142376413e+03 1.049031023757129560e+03 -1.132348037492952699e+03 1.106184251370125821e+03 2.958246204244343062e+03 -7.134026786159831772e+02 -1.101067872325722163e+02 -3.499353936450589572e+03 -6.489993248868717046e+02
6.632064119391610438e+04 6.233633662979097426e+04 3.464538048553265253e+04 4.437386148273098115e+03 2.844913833744535441e+04 3.004602545327141343e+04 7.429796130195845763e+03 3.745491201381753399e+03 7.424221974968528230e+03 7.834319064603054358e+03 3.306428967222231222e+03 8.265883258531032425e+02 3.597882344122220729e+03 1.624116435794734753e+04 5.278549033570030588e+04 1.493401967071178115e+04 5.693473559349419702e+03 1.521448248969918950e+03 2.167282066551971184e+03 1.853397454130176584e+03 1.997639926330906519e+03 1.201887927279273072e+02 1.960999333341440888e+03 4.104485742379194448e+02 6.824251231833219435e+02 6.539523172666828259e+02 2.885155240698890680e+02 2.023937778456580361e+02 -3.705120725643793662e+02 -2.357507274640340995e+02 -1.907823714213714311e+03 1.379209734469375508e+04 -5.096643148995982301e+03 -8.418621041275628158e+03 5.019051005759376130e+04 3.416636957720193459e+04 -8.816086516810530156e+03 -4.394841826140358535e+03 1.250454584895723565e+04 -9.446389608823557182e+02 6.342299672533249577e+03 3.129346579764234320e+03 3.014348168866462856e+03 2.646309611582320576e+04 7.671201297976099886e+04 1.250902955234200272e+04 6.393289125341304953e+02 1.009342058397618985e+03 2.415256188835575358e+03 8.697495486787684058e+02 2.444537202006349617e+03 -1.154662744575561874e+03 3.534087959745824605e+02 4.749189177612681760e+02 1.221799162346271714e+03 2.759689285795248452e+03 4.703774292949105416e+02 1.079632739155113313e+03 -1.791244613216921834e+03 -1.148880712695535749e+03
-8.407410399312590016e+04 1.106128140545964561e+04 3.150566388443546384e+04 2.387477287400257410e+04 2.346711204873159659e+04 2.216700992820580723e+04 7.424063588297344722e+03 6.449674970857601693e+03 5.398302451912519246e+03 5.531624171207296968e+03 7.825413162279815879e+03 5.147413863299511831e+03 2.273172450106736505e+03 2.853811760250317548e+03 1.493401967071178115e+04 4.075042072776564601e+04 1.098396905662369500e+04 3.095657478171004186e+03 3.155144373761010684e+03 1.948870548363898934e+03 2.090151547409800969e+03 4.091210156390102952e+02 1.436457671501121240e+03 1.249016595009859884e+03 1.230921739834774144e+03 1.245718835003742015e+03 1.127047277252863296e+03 6.579270960940419855e+02 -8.262332058117341660e+01 7.880917395419257900e+02 -7.318890311261118040e+04 6.109166597392679978e+04 4.810811194234605500e+04 2.583186671181773272e+04 3.840380287083216535e+04 3.149373831905792395e+04 8.705966969051904016e+03 6.706213012296978377e+03 1.308365191017399229e+04 7.337186217535148899e+03 1.145882842161517874e+04 3.275568679500509006e+03 -4.061016245122616510e+03 -2.345701521719929133e+03 1.972917829674760287e+04 5.978720097833379259e+04 1.150605847100315987e+04 1.283746108328337186e+03 3.040209763271433985e+03 1.139107734481882972e+03 4.883756909844670986e+02 -2.084914107982750920e+03 9.452382576509006640e+02 1.195218576898780839e+03 2.952561558933163269e+03 4.770818470438066470e+02 1.903079454667308710e+03 2.124798293659667252e+03 -1.276524820510002655e+03 1.113585874183474971e+03
-4.747012306223286578e+04 -1.908166103212476446e+04 4.178102561890568177e+04 2.687776505912603898e+04 2.796022498309422008e+04 1.771922856493694053e+04 7.986190870673334757e+03 5.695034933421723508e+03 8.244218449878764659e+03 5.098992496974254209e+03 6.852374287786495188e+03 7.296183569178018843e+03 5.033028893518579025e+03 3.993564709168327227e+03 5.693473559349419702e+03 1.098396905662369500e+04 3.104934072369980277e+04 8.890943586644467359e+03 3.221266511326094587e+03 2.473865112038012285e+03 1.518849060710830827e+03 1.488501476875191202e+03 1.945137417223789271e+03 1.733631851066637182e+03 1.228696680025816022e+03 7.380856096527664931e+02 6.757295974920880326e+02 7.896785494196925583e+02 9.710415821656433764e+02 1.550210271064548238e+02 3.726444252508417412e+04 1.405840841664894833e+04 3.993213226403689623e+04 1.808925703934164630e+04 5.751174574113170820e+04 3.842695140375705523e+04 1.663243814401653935e+03 1.183854785203448409e+04 1.688062324793955486e+04 8.405294844698706584e+03 1.395695149700220463e+04 8.069123366137416269e+03 6.387253779677074817e+03 -2.009058628742086796e+02 6.165832385784029611e+03 1.531221071370356185e+04 4.318173490152118029e+04 7.096754882459823421e+03 5.514522412772121243e+02 1.916232242115921963e+03 8.596662582225092137e+02 2.292110099528972569e+03 2.327684285924129654e+03 2.078458554515548258e+03 7.797046523592991889e+02 6.170517239851939166e+02 7.201986955103797072e+02 1.065247731727442670e+03 7.829835871522961952e+02 -2.492206798034321835e+01
-9.093563993406256486e+04 -5.873523361896554707e+04 7.120009024778263665e+03 1.937429941176803914e+04 8.174919358223449308e+03 2.121311051160886200e+04 4.402841153513970312e+03 3.669311631427072825e+03 -3.627717903315311787e+01 -7.307017985460755654e+02 2.408218938317311313e+03 2.104362298931786427e+03 9.325041360406041804e+02 2.667328070813424802e+03 1.521448248969918950e+03 3.095657478171004186e+03 8.890943586644467359e+03 2.594358364357097162e+04 7.059172917497710841e+03 1.406021625025770163e+03 1.055476241052690966e+03 1.541008813955458209e+03 6.100735800887593996e+02 6.722650467963301253e+02 6.675005986153316826e+02 2.074214426085590048e+02 4.816128017183318093e+02 3.926492411713181241e+02 -3.209313914985030465e+02 1.310438207288993908e+02 -8.142121906629310615e+03 -6.518764611748896277e+04 -1.243321969092002473e+04 2.881320006849652418e+04 1.169215623513926766e+04 2.466738315894292100e+04 -7.883300293758385124e+03 5.643187059337756182e+03 3.425645999025751280e+03 5.109610270808332643e+03 5.080446794371441683e+03 2.705811831428930418e+03 2.164119052530211775e+03 3.536414759225765465e+03 1.393532124508604284e+03 2.417603805795240987e+03 1.053306511539003077e+04 3.851778229687278508e+04 4.642523362211689346e+03 1.523112822126908668e+03 9.036408169203866692e+02 1.909863293321356196e+03 5.718593773182652740e+02 -3.027404822998817622e+02 2.992460503602219433e+02 4.023456850778032958e+02 -6.726758763183100882e+02 -1.580036492382283313e+03 -9.350283666085782670e+02 -8.147924564370134703e+02
2.343280177551144152e+04 -3.991670366976813966e+03 4.740669040446743747e+04 1.688356177591950109e+04 9.923345521737901436e+03 1.802482098581788887e+04 6.873620602082596633e+03 5.343904711321056311e+03 2.269568251453080848e+03 1.860034565410503546e+03 2.108031791175191756e+03 2.487060853861052237e+03 2.522674434650842159e+03 3.438155116713358893e+03 2.167282066551971184e+03 3.155144373761010684e+03 3.221266511326094587e+03 7.059172917497710841e+03 2.264427360884962764e+04 7.337343195568658302e+03 2.076294331282531402e+03 1.555575540562328115e+03 1.119399855692465508e+03 7.871759306174647008e+02 5.633491945613448024e+02 1.839115387740345966e+02 -1.780912351768531323e+02 2.156119194096482659e+02 7.045662126535194147e+02 1.720547029530181078e+02 -3.278035364688614936e+04 3.272836224729659443e+04 1.007272443214938830e+05 -2.412834478426176702e+03 1.511365894525632029e+04 1.192012749843266647e+04 7.836842951123315970e+02 -4.795417397826101478e+03 2.900445991765489907e+03 1.940162164529832353e+03 4.459816782861266802e+03 5.335758287359344649e+03 6.113452468693089941e+03 1.045658061108094898e+03 7.218590670981001267e+01 2.195985493088915973e+03 1.693877713995515251e+03 6.064040541633142311e+03 2.993414672904408144e+04 8.001220563909467273e+03 1.942165533293610906e+03 3.080223328675989706e+03 -9.184768915039835520e+02 7.477414412472539880e+02 2.124779015750175404e+03 -1.762403096687260700e+02 -3.772054471314751112e+01 -3.727312687097702906e+02 -3.613349353050972468e+02 -5.979005712431765005e+02
1.060295733522959745e+04 1.918599015293698540e+04 1.813185945227918273e+04 4.937764070583875764e+03 4.259785022840146667e+03 2.025339188907874995e+04 1.185473612725278690e+04 8.164004797638897799e+03 6.224947712425657301e+03 3.978298995065372310e+03 2.420763863628013041e+03 5.278180847739182582e+02 1.475265374803784653e+03 2.074751299014023516e+03 1.853397454130176584e+03 1.948870548363898934e+03 2.473865112038012285e+03 1.406021625025770163e+03 7.337343195568658302e+03 1.938718849737751952e+04 4.978406431082876225e+03 1.958990532354736843e+03 5.264295797421292491e+02 8.814924555100536736e+02 3.501450371181343257e+02 3.888918973983953151e+02 1.794890542628209005e+02 2.125337488466910543e+02 7.723796222897022972e+02 4.386894171812293735e+02 -1.191360940614206083e+04 2.162969046202049140e+04 -3.477282006567465942e+03 -1.020496005736041116e+04 2.185859623771196857e+04 1.986205297678525676e+04 2.283333088326872530e+04 6.122278041964691511e+03 1.048499019771413441e+04 1.930218558847216173e+03 2.643489173821986697e+03 -5.095174009576850267e+02 2.250798562001770279e+03 2.511406816485440686e+03 1.019382355351197930e+03 3.193820620006412810e+03 3.778687375169840379e+03 -1.417016024466354111e+03 8.954695447484513352e+03 2.928221330645268972e+04 6.707227335565268731e+03 2.704764377716073795e+03 -6.390415398685811255e+01 1.279805408656351574e+03 -5.436732198594637566e+02 -2.078055421367619449e+00 7.476993845313620568e+02 -2.594386557067743126e+01 -1.783322376361798831e+02 1.817643376046642913e+02
-6.677696463533879432e+04 2.879994142158306931e+04 2.815631727913422583e+04 1.158706286534434366e+04 -4.856653177161019812e+03 8.646525492409531580e+03 1.132777521755004091e+04 5.266447096397026144e+03 3.772398406127281305e+03 2.541829532296578691e+03 1.370941979369136106e+03 2.774063223763213955e+03 1.284424764085347306e+03 3.211215779704426041e+03 1.997639926330906519e+03 2.090151547409800969e+03 1.518849060710830827e+03 1.055476241052690966e+03 2.076294331282531402e+03 4.978406431082876225e+03 1.565716976403204535e+04 5.544726741778929863e+03 1.597418980983611164e+03 1.745216918863045294e+03 9.596969800012204814e+02 1.161097509853550946e+03 9.571475279691462674e+02 3.722575345463353642e+02 7.052584241969009327e+02 5.900335291983784600e+02 5.463062436121862265e+04 4.548958575761462998e+04 1.268782859735258717e+04 6.168230987488294886e+03 -1.485901736137087937e+04 1.321329604385781022e+04 2.424222684836337794e+04 6.271945203848593337e+03 -9.473846861251631708e+02 -2.609514890161964900e+02 9.594767665265510459e+02 5.948586591876624880e+03 -6.216405951858032495e+02 6.556737306820047706e+03 3.323869367295207667e+03 2.125224275251388008e+03 -1.792117006890043456e+02 -7.740645731668905682e+02 3.104475379198245264e+03 5.386942749823108898e+03 2.180443432049954208e+04 4.894449952105218472e+03 1.112679998753332455e+02 9.673209054831621643e+02 8.531266479166671388e+02 1.612966673310485248e+03 1.107723280370916427e+03 -9.169102540181353334e+02 9.188279803194866702e+01 1.047918384000699234e+03
-7.923643512915869360e+04 2.375234462245813120e+04 3.223376079522604414e+03 1.001468016864975107e+04 6.488061495222381382e+03 1.014756625676999465e+04 2.318583688790438373e+03 5.784229596207949726e+03 3.978733345431351154e+03 3.163586320278325275e+03 2.828205644446027236e+03 7.974703046228888752e+02 2.825608238451968646e+03 3.314645263582572170e+03 1.201887927279273072e+02 4.091210156390102952e+02 1.488501476875191202e+03 1.541008813955458209e+03 1.555575540562328115e+03 1.958990532354736843e+03 5.544726741778929863e+03 1.529442902024846262e+04 3.658193498245103910e+03 1.033085467951345663e+03 6.262244675382237347e+02 1.485922510679782818e+03 1.011351273109227691e+03 3.169817197935570334e+02 6.654157859817610188e+02 4.378959576499567561e+02 -4.355690886140065413e+04 1.205963833639584773e+05 1.347886516196303819e+04 -1.866748311235080473e+04 1.083224791292310329e+04 4.823871746472391351e+03 1.068464306516152874e+03 8.006875270156060651e+03 -2.783077049142626493e+03 -1.553563040672907619e+03 7.180879083074034952e+02 2.231567057270673104e+03 6.952512817583487958e+03 3.155625656172951039e+03 -2.095776439251911597e+03 -5.272829226425419620e+02 8.402454237152269343e+02 2.282588294771864639e+03 2.955841628713005775e+03 2.622582856988229651e+03 6.412393765697309391e+03 2.096138543655702961e+04 3.461591753051373871e+03 -2.373019863335982222e+02 1.681068561564806032e+02 9.996556925524901089e+02 1.184152126583124272e+02 -1.002592349822241431e+03 -2.849335306203748814e+02 2.791752664113398623e+02
5.398514309678383142e+03 1.822337305295128681e+04 1.465150380476313876e+04 1.948474716801219620e+04 7.491156392565416354e+03 5.435573697903517314e+03 4.300653505118738394e+03 6.804230579716925149e+02 3.099716896836207525e+03 4.542498008510307045e+03 1.779125760043283663e+03 1.592312436400105071e+03 1.785515585918402621e+03 2.245195807006602536e+03 1.960999333341440888e+03 1.436457671501121240e+03 1.945137417223789271e+03 6.100735800887593996e+02 1.119399855692465508e+03 5.264295797421292491e+02 1.597418980983611164e+03 3.658193498245103910e+03 1.192671421631340490e+04 3.920914261499953682e+03 1.527848750086900736e+03 1.009385020408692412e+03 4.339529591161291933e+02 8.749137238938748169e+02 4.795673588721587066e+02 2.094770676942932539e+02 2.630802246639803707e+04 5.696081566269543691e+04 3.662596929495537188e+04 3.277398554190017603e+04 9.309804375742258344e+03 4.822295909703118923e+03 4.036937557369689785e+03 -4.873110085851792974e+03 1.839021734723213513e+03 -1.753891332914425675e+03 -5.649636906387136150e+03 5.001402933776165014e+02 1.017113535697567727e+03 4.356449437912016833e+02 6.496323488600795599e+02 1.178446886854086642e+03 2.757506200265383995e+03 -2.309392127701625270e+02 9.289110207721328152e+02 -1.273607491993483563e+03 1.065470045561985586e+02 3.490156295286158638e+03 1.638391865967556987e+04 2.799201262939464868e+03 2.531382368770975688e+02 8.028394386674451653e+02 -1.053914632281043495e+01 6.374924148600414355e+02 -4.522050430289189649e+02 -3.901158191725737083e+02
3.217687093092641135e+03 -1.507403574450704582e+03 6.183096514018787275e+03 6.147193106072027149e+02 9.789705745077497340e+03 1.353386620313711774e+03 4.105229671244869678e+03 3.628920653859248432e+03 3.574646270146105053e+03 1.093725789012600444e+03 -1.144264811864654121e+03 1.889608700702415263e+03 4.538924791659635503e+02 -2.866665470848603192e+01 4.104485742379194448e+02 1.249016595009859884e+03 1.733631851066637182e+03 6.722650467963301253e+02 7.871759306174647008e+02 8.814924555100536736e+02 1.745216918863045294e+03 1.033085467951345663e+03 3.920914261499953682e+03 1.183119816991155494e+04 3.545738009366457845e+03 1.287209535071692926e+03 6.190182423879924727e+02 7.417025152395883651e+02 2.030155350601125974e+02 1.852443838593997896e+02 -3.463083454858544428e+04 -3.180142697474217857e+04 2.108261933787341695e+04 3.479425215955393651e+04 2.932466848976317124e+04 3.045711868095922910e+03 -2.479711632130600307e+01 -5.416704518423593072e+03 -1.005017301040523307e+03 -1.996351606013535275e+03 -6.585423229842524051e+03 4.360649096772259327e+03 1.572261084437070167e+03 -2.340129167799924289e+03 -2.101422472080448188e+03 6.883859569575521391e+02 1.243051708442261088e+03 -5.308438350875552487e+02 4.987193069729716512e+02 1.049613478363726244e+02 1.287417806647173848e+03 9.766727831105366704e+02 3.497768618192615577e+03 1.603805640263365603e+04 2.867729935660226602e+03 1.401261087886573250e+03 6.019633308626146118e+02 2.997568518089917688e+02 -4.797147714545948247e+02 -5.411892034704379739e+02
4.162919295646699902e+04 3.924455312696278270e+04 1.192149289337395385e+04 1.506031744986179910e+04 2.737275756235849713e+03 3.770079443096057275e+03 4.005337473049000437e+03 4.737508267619437902e+03 1.644078661684290239e+02 2.752763124496612363e+03 1.118558428223125929e+03 2.424421362631054308e+03 2.638023381766902730e+03 1.210205590335237503e+03 6.824251231833219435e+02 1.230921739834774144e+03 1.228696680025816022e+03 6.675005986153316826e+02 5.633491945613448024e+02 3.501450371181343257e+02 9.596969800012204814e+02 6.262244675382237347e+02 1.527848750086900736e+03 3.545738009366457845e+03 1.034149809169720174e+04 3.189165937644280802e+03 8.534401295563123995e+02 8.816536637522538058e+02 9.540004558558637200e+02 2.765429362360984555e+02 1.616650940450450980e+04 2.012164558271805799e+04 8.856106423262219323e+03 2.670508405219850465e+04 -4.133743115156351450e+03 -5.134957223075237380e+03 3.227065467385916236e+03 3.908162613803641307e+03 4.550838364172322486e+02 5.698497497118009960e+03 2.195384494766775333e+03 4.333144144310444062e+03 3.916491932839057881e+03 -1.662039031346758691e+02 3.463746192051047501e+02 1.717294438928686759e+03 2.043220758471650470e+03 9.163207236048465347e+02 3.665329877231877163e+02 -8.861580505456921628e+02 7.010471626781943542e+02 4.595259908314249628e+02 1.038372208693047241e+03 3.074089101120560827e+03 1.384894029469461020e+04 4.235814530720444054e+03 6.290798687176660451e+02 -1.428459422649551698e+02 2.946140093243682259e+02 -1.013927808994714383e+03
2.490201122076050524e+04 -7.972106605194588155e+03 4.489977231502383802e+03 2.994570161273803024e+03 -3.833244661134542071e+02 2.040052551771864273e+03 5.950976202848459252e+03 4.297818574265089410e+03 1.332553593617255274e+03 1.722656316132353140e+03 4.283918100176597363e+02 1.755228366870958325e+03 2.758784029914763778e+03 1.302689129747515153e+03 6.539523172666828259e+02 1.245718835003742015e+03 7.380856096527664931e+02 2.074214426085590048e+02 1.839115387740345966e+02 3.888918973983953151e+02 1.161097509853550946e+03 1.485922510679782818e+03 1.009385020408692412e+03 1.287209535071692926e+03 3.189165937644280802e+03 8.828466568966057821e+03 2.647875849677031511e+03 5.538324051535938679e+02 4.559207656839437277e+02 4.954705893800659737e+02 -2.879391855729452436e+04 -4.315161970493483386e+04 1.817003733179238770e+04 9.414959573412945247e+03 -5.043226024147533280e+03 5.312314109797328001e+02 4.470651521055345256e+03 8.547182543000897567e+03 1.366618708437381429e+03 2.978264555993388058e+03 2.490048310373786990e+03 2.690689736953404463e+03 4.307651352458501606e+03 8.201112752543306215e+02 -7.453453121227043994e+02 7.023379126005204398e+02 1.293547503806240968e+02 -1.085059940444646827e+03 -7.219404214318172990e+02 2.678274960365992570e+02 3.389805917415154113e+02 9.693116974846257108e+02 9.107084597348845136e+02 1.487896300882244532e+03 3.631663023142033126e+03 1.153299116562907147e+04 2.628437186698107780e+03 -1.010909930291616547e+03 -4.469121958725342552e+02 5.709325550137276650e+02
