2.226562690946056247e+08 2.986470368118967861e+07 -5.618220655533821555e+05 1.165575759746914264e+06 1.033652653205492534e+06 5.660543283327623503e+05 8.353422559876070591e+05 6.454261745492367772e+05 2.280564894730807282e+05 1.451769735911677126e+05 -1.083097046526240301e+05 3.084831465136100305e+05 1.856514725732865627e+05 -1.839054977254039477e+04 -4.164201689968442224e+04 1.392822918319884047e+05 -2.106246017930697053e+04 1.815633696511966991e+05 -1.342207906797235955e+04 1.706367463807883951e+03 -3.545840467024069949e+04 -1.756816405478917295e+04 2.298985097250121544e+04 -2.176928506102679239e+04 1.095726702850412985e+05 7.036794314895090065e+04 5.428930324506626494e+04 1.664624833732553816e+04 2.442229507467471194e+04 4.084452108804438467e+04 6.498537054556003772e+06 4.513488718509183079e+07 -4.552983305230301805e+06 -2.169408468352416996e+06 6.888958854053882533e+04 5.978911807542209863e+04 -3.267974208572569769e+05 -3.266883053183257289e+04 1.130858934515792411e+06 7.912838960847476264e+05 6.836962214685144136e+05 -3.216885392130190739e+05 3.104249092353323940e+05 1.949918532828485768e+05 -9.506565192632567778e+04 4.443723430618047714e+05 7.189778005113692780e+04 -1.611611626063903095e+05 -1.173171417450512490e+04 -1.700024109031186963e+05 1.807060986156107101e+05 2.054912141804119747e+05 2.627082900160480640e+05 1.530022492768972006e+05 9.022816007958800765e+04 5.603343686368402996e+04 1.024538581272591400e+05 4.514167304306873120e+04 -6.001979369460045564e+04 9.347225446097821987e+04 -3.807487190002177656e+07 1.522585395822644606e+07 5.876380349023133516e+06 -3.327610178654972464e+06 2.177873805679017678e+06 -7.668047091527634766e+05 -3.089649169190360699e+06 3.319827194045951474e+05 -2.827352430796158733e+05 1.675313428803276329e+05 4.063247693405115861e+05 7.418820370417422382e+05 1.011645455095904763e+06 3.234114818715128931e+05 -2.261616181875824404e+05 1.286447695097783871e+05 1.939754522356985835e+05 -4.568871654101778986e+05 -9.665066589971809299e+04 -8.846545730172729236e+04 1.740995234606882441e+05 1.762109032809355122e+05 2.299276850488743803e+05 1.466286184277503344e+05 1.916402851164422100e+04 1.392483438827187638e+05 -3.491392770467376522e+03 8.935255877665431399e+03 9.490627837013667886e+03 1.603031259798467800e+05
2.986470368118967861e+07 5.851055870881245285e+07 7.216799771555852145e+06 1.834285472356816288e+06 1.222192261058844160e+06 5.293097008685176261e+05 2.327385967976846732e+05 2.064425774424551055e+05 8.315593595129772439e+04 1.740812652316955791e+05 1.558258427220908052e+05 1.470216097163846134e+05 2.207227087857908045e+05 5.262454762819570169e+04 -5.320825049381273857e+03 3.567981524645619356e+04 3.808299279673442652e+04 7.063911538165849925e+04 1.457007852765348434e+04 6.301809223705808108e+04 5.939393674019265018e+04 1.864941580715329110e+04 1.775741088750205745e+04 4.168453956884869694e+04 5.147228544541217707e+04 3.973429283467200730e+04 4.061386189501193712e+03 2.925414706563750588e+04 -1.041134526495935279e+04 4.978705824336312799e+04 1.054042211170497909e+07 1.536475406455651857e+07 4.863742961176782846e+06 1.700245588710664539e+06 9.824300824551266851e+05 7.223788234818837373e+05 7.343467435860664118e+05 -3.018822009113045642e+05 1.938855909743086959e+05 1.241486082823343604e+05 -6.346066513897460391e+04 -1.986686028894131596e+05 6.835780677622487019e+03 -8.900007565990051080e+04 4.203791298273592110e+04 -8.406674065900387359e+04 -1.569787601012257073e+04 5.310581540693739225e+04 -2.581056216206849786e+04 4.010536780345851730e+04 -1.060571047566771267e+04 1.037399061641709995e+05 6.891618058953716536e+04 3.052648354247166208e+04 1.118027162701385532e+05 3.204481171576476481e+04 3.869876027404364140e+04 1.133559369970328225e+04 -3.286204724121605250e+04 3.202874770221153813e+04 -6.845626190855743363e+06 -1.102459616135728732e+07 -4.588887462511556223e+06 8.239701194844477577e+05 8.428700638732601656e+05 1.351997157750444254e+06 -5.178323323299949989e+05 5.374378745193969226e+05 2.700230855427727220e+05 -1.615687936533881584e+05 1.589562239551046223e+05 1.311702231664498977e+05 -1.225917937696716945e+04 1.683590008647370851e+05 -1.606586805500929186e+05 5.664784963886730839e+04 1.102481559865096351e+05 -1.706921243658907188e+05 9.140504786079807673e+04 8.388930824414675590e+04 -3.662693582106674876e+04 -1.322916078664627094e+04 -1.684715786991213390e+05 3.946214526924691017e+04 3.902055549952510773e+04 3.461610659780273272e+04 -3.509519801128628023e+04 -9.408716762882699186e+03 1.196105171400375912e+04 3.087108671255216541e+04
-5.618220655533821555e+05 7.216799771555852145e+06 1.715974767541588098e+07 2.431468687724734657e+06 2.325077901429180056e+05 -4.231309487170941793e+03 -1.416931028963473218e+05 -9.691186820925444772e+04 1.144722939674605295e+05 3.380181247392495425e+04 7.969731391669802542e+04 6.523331148187168765e+03 7.166002569029740698e+04 1.003865068544376700e+05 3.386780583782515168e+04 -6.080005178526003874e+03 2.818191360654093660e+04 -8.266606613767050931e+02 2.133592630302326506e+04 1.716010474986762347e+04 3.022634942734519063e+04 -7.830459868505828354e+02 2.800086126019255062e+02 3.089200328086432819e+03 2.931032571785383698e+04 2.258756467250846617e+04 3.255337932978087338e+03 1.257968675883607466e+04 7.267593311176623502e+03 2.188325211956849216e+03 1.269197699803541182e+06 2.626109138483031653e+06 5.914897668264160864e+06 3.436080064372553024e+06 1.117553202806631802e+06 -2.649975356847795774e+05 1.166107834976369777e+05 -1.144526545599562669e+05 2.223955211805616564e+05 -3.912412799140514835e+04 -1.597941143391681180e+04 -4.582199305103454390e+04 6.019959293714883643e+03 -6.731472009052858630e+04 2.646013876774718665e+04 -9.024190230193156458e+04 -1.965985124792630450e+04 4.353298052689803444e+04 9.940130306753530022e+03 -2.587411772466042748e+04 -1.119185008138337798e+04 5.324146921622857190e+04 5.463499599528694671e+04 3.436001066145373625e+04 7.730121864693748648e+03 -6.897972019893675679e+03 5.315796366852223582e+04 2.449679538591594974e+04 4.068543530033649586e+04 -3.007350598882449503e+03 -2.492658863408177567e+05 -1.779507799456888577e+06 4.145875463842424215e+05 1.017958609528026427e+06 3.543541318385229097e+05 7.158779151450310601e+05 5.559690234187487513e+05 -4.823800017047963775e+04 4.613164952823509520e+04 -5.282503141715824313e+04 5.367712144773044565e+04 3.148902245560178199e+04 -2.360864870664664704e+04 3.719141221139499976e+04 8.785103395670853206e+04 -6.092823478976570186e+04 -4.686138942331058206e+04 -1.296084722125379631e+05 3.793956682835517859e+04 9.119179387862117437e+03 1.270852755811047064e+04 -1.559479667937490376e+04 -4.454478429947271070e+04 5.219099854607909947e+03 1.495671358425330436e+04 1.994726473584518317e+04 -2.687256601549457628e+03 5.795868982286703977e+04 -1.180959671523467114e+04 -2.365031121608499961e+04
1.165575759746914264e+06 1.834285472356816288e+06 2.431468687724734657e+06 6.367367188004964963e+06 1.319929123958435375e+06 2.937892825247286819e+05 2.261739552709729760e+05 7.507098703728696273e+04 1.231455700890374574e+05 5.211569224963015586e+04 3.998548713705395494e+04 4.579906177061007475e+04 7.183757424237983651e+04 7.263268531661559246e+04 1.779832005607996689e+04 1.293995923623258386e+04 1.612238449653336102e+04 7.355812627798241010e+03 2.036591842311802611e+04 6.391881063916470339e+03 1.651986655613847324e+04 3.928006612649894578e+03 9.876220902643130103e+03 2.769772955922378969e+04 3.174707652802364828e+04 1.308464835644662526e+04 7.919417247527892869e+03 1.209846043294411902e+04 8.454892474928365118e+03 1.118894432308916294e+04 2.958207348828884307e+06 2.052329661462841555e+06 1.942707628305725288e+06 3.074481493796705734e+06 1.277243329288891749e+06 2.180985407730787410e+05 2.682312055791382591e+04 -8.780791295216143772e+04 1.955831920313589799e+05 9.372659857690079662e+04 2.769004054117038686e+04 -6.533441077339634649e+04 8.302125899000508070e+03 -1.890504792616342820e+04 -1.076315954160836554e+04 2.670895334030755475e+04 1.718667045162154318e+04 6.176176927539200551e+04 9.594618111117950320e+03 2.404037732745179892e+04 1.278079577806993439e+04 2.519504462014220189e+04 1.871922795786632560e+04 3.531387620316231187e+04 1.248885042737346339e+04 1.583304788173404813e+04 2.412586109597028099e+03 3.567119479797780514e+04 -6.117223538460740201e+03 2.063091659724484998e+04 -1.510194502572662896e+06 2.616313207836185582e+06 -1.404522653364741418e+05 3.040677860988129032e+04 -2.060289660910667444e+05 3.911043340565080871e+05 3.270833017708794796e+05 1.672661332960919826e+05 1.587176844059659052e+05 2.085009948852045272e+04 1.291681021514838940e+05 1.006875566682615136e+04 4.950525303862944384e+03 1.211624983241847367e+05 1.220873870206640731e+03 -6.682504642767024734e+02 6.208921479266554525e+04 1.297654867929300599e+04 6.618870483428374428e+03 -3.811065785325038178e+03 5.358440843065569061e+04 2.112916085080971698e+03 1.557176948450737473e+04 4.160112487049576885e+04 4.856980152612262464e+04 7.989425029374760015e+03 2.686608824047178496e+04 1.529373999499674028e+04 -5.034265802893314685e+03 -2.538792123438165618e+03
1.033652653205492534e+06 1.222192261058844160e+06 2.325077901429180056e+05 1.319929123958435375e+06 2.888355052373202518e+06 5.394850131015528459e+05 1.249446520464159985e+05 5.342548658245809202e+04 7.123125061151743284e+04 3.587580649663706572e+04 3.275757773456407449e+04 5.591674750831843994e+04 4.623258749824871484e+04 2.628338035916250010e+04 4.943905769343837164e+03 2.293896249136084953e+04 1.688434345941958964e+04 1.690344413337466540e+04 1.291107249729488103e+04 4.012803637071095636e+03 9.456415692321123061e+03 2.030143550347417477e+04 1.004093456067373518e+04 9.831758435541414656e+03 1.624590409042333158e+04 7.171270917870587255e+03 5.033005154408379894e+03 2.200030242160754369e+03 6.122276898201217591e+03 6.153320136398676823e+02 3.649054412222297397e+05 4.641862286325979512e+05 -1.155474521562145092e+05 9.876345685169923818e+05 1.216303416429580189e+06 4.681920794939575717e+05 2.827891842594642076e+05 2.177542857846343395e+04 7.366101966218423331e+04 5.664070052359269539e+03 6.765076180838223081e+04 7.996741390819069056e+04 4.516449949498715432e+04 -1.635830912316454715e+03 4.263790833645169187e+04 3.895133869095457339e+04 5.761129667334396800e+04 5.697920785174108460e+04 -6.771280107136094557e+03 1.459437734361233197e+04 1.320239979627774483e+04 1.806395627925201188e+04 5.724137894411626803e+03 -3.466112356917533816e+03 2.980266386711351879e+04 1.985562887621495975e+04 8.541743667467419073e+03 -4.264619130234799741e+03 -1.336986990074901041e+04 4.060499672761845886e+03 -8.151471479074909585e+05 4.304153841810987215e+05 -2.050805870761487313e+04 4.214957876620438765e+05 -7.799719526251511707e+04 -1.032953732515944575e+05 -6.493237731536693173e+04 -8.574806057386686734e+04 9.692496969849045854e+04 1.081839769341071951e+05 1.384518202152455888e+04 1.230036184354910438e+04 -1.725105342907844943e+03 4.469634419855744454e+03 -2.204017935301683247e+04 -2.687248841539731802e+04 -2.070211888975950933e+04 3.144905326017026164e+04 -3.850291388233992620e+04 1.501077589903116404e+03 2.141836183806530698e+03 5.645904508825969970e+03 6.352547103675306971e+03 1.551054369035505988e+04 2.844575184642004751e+04 1.323987243641213718e+04 1.043411936587017772e+04 -1.659112255580786950e+03 -6.552849533517385680e+03 7.969311363104594648e+02
5.660543283327623503e+05 5.293097008685176261e+05 -4.231309487170941793e+03 2.937892825247286819e+05 5.394850131015528459e+05 1.395013904168165056e+06 2.527617400641232380e+05 8.668457307812631188e+04 5.263810795054171467e+04 2.042476309548513018e+04 4.185274804250960733e+04 3.294802450140033034e+04 1.786182805972133065e+04 9.000026963745016474e+03 1.793261709964884722e+04 2.431019262429781884e+04 1.660560601621719979e+04 1.697748582785378312e+04 6.851745300124557616e+03 1.788650071395058603e+03 4.101399354212157959e+03 9.320744010961052481e+03 1.061821014314682543e+04 9.845285084518476651e+03 4.621668490220650710e+03 8.220605523808642829e+03 6.852398116509101555e+02 1.801880712610909541e+01 8.228860738764367852e+03 4.958273184390579331e+02 1.416707960038729245e+06 1.147646716124212369e+06 -1.692268011795174971e+05 3.356888425007589976e+05 5.882740351942023262e+05 5.818076598841920495e+05 3.432746544656854821e+05 4.637703936016293483e+03 3.075780136323869374e+04 -2.230923423349854056e+04 6.221017586599564675e+04 -6.767903243352609934e+03 4.188634895116522966e+04 1.854084142627468100e+04 1.771849854893582960e+04 3.399679615423788164e+03 2.092539751964425886e+04 5.091639711409016854e+03 -4.878497390886125686e+03 -1.200483175213998663e+02 1.192219260682438517e+03 4.182575316910444599e+03 2.853126551608365844e+03 1.232474941547916569e+04 2.059958802738903250e+04 1.828433810489586540e+04 8.814597983549465425e+03 -7.796094780739763337e+03 -1.101765156742061845e+04 4.868908586287153412e+03 3.380071374378628097e+05 8.445457095787866274e+05 3.893731334195703967e+05 4.174009516815795796e+05 -9.786592067000646784e+04 1.166914140952353955e+04 4.253766575323075085e+04 -1.647535871195815344e+04 5.266239343163044396e+03 4.131633177612453437e+04 -6.258224387078017571e+03 -5.166763389408065268e+04 2.007800490822400025e+04 2.990582529473019167e+04 -1.375900057165369253e+04 4.548951893396681044e+03 -2.745360148446014591e+03 4.172472970722912578e+03 6.478979614766827581e+03 -3.978188387343452177e+03 -7.399566426753445739e+03 -1.758857403050817084e+04 -2.042096715222455168e+04 5.420689561916857201e+03 2.572354601133945835e+04 2.531083153307361135e+04 1.524184177562168406e+04 4.100575343779171817e+03 -5.031262869381451310e+03 3.920264859358655031e+03
8.353422559876070591e+05 2.327385967976846732e+05 -1.416931028963473218e+05 2.261739552709729760e+05 1.249446520464159985e+05 2.527617400641232380e+05 8.101863550517929252e+05 1.681229629809622420e+05 5.255381193782766059e+04 2.256428461553675152e+04 9.588587904747120774e+03 1.753856332604251293e+04 1.543135907991643944e+04 1.722091658610897866e+04 3.824439094857735654e+03 1.439729925308937891e+04 1.281327921755127136e+04 1.189829520233895346e+04 8.604172551857338476e+03 3.477308023912615226e+03 3.734790643841053679e+03 8.894182271800402305e+03 9.128207562062470970e+03 8.139712634286418506e+03 5.972130271172519315e+03 6.535840552187830326e+03 2.747037015486901964e+03 5.365201180961029422e+03 3.347318636813801731e+03 1.282829376815277783e+03 1.836042951858867891e+06 8.774521078692044830e+05 -2.747385296858120710e+05 9.999932607613205619e+04 -8.142923290014713712e+04 2.203201426340025500e+05 3.985481587293166085e+05 1.482743089875190053e+05 5.627314364060731168e+04 -1.393972428005852089e+04 2.186261433071122519e+04 5.478466776614546689e+03 2.626201774140733960e+03 1.003400891097592284e+04 1.460988432446422667e+04 5.374390550134399746e+03 1.322359309725511048e+04 1.407595896534321037e+04 1.793142637011132683e+04 1.537610362817163696e+04 7.709937310623663507e+03 7.277073371480005335e+03 4.061609069282604196e+03 1.166542141891043320e+04 5.771510812524372341e+03 7.367144141007145663e+03 3.660937539874288177e+03 -4.316096790222524646e+02 6.144418813168151701e+02 5.248331765724310571e+03 -1.984249621620008256e+05 -2.471164319758124839e+04 8.042304494852341304e+04 -6.909448025767898071e+04 -2.191330430807423254e+05 4.600666223745723983e+04 7.257887842701721820e+04 1.895869545876694247e+04 -1.516610815319537141e+04 -1.707948155504435999e+04 2.217526366095270077e+03 -1.276304453917595856e+04 7.015850843951974639e+03 3.305294481814181199e+04 2.638736072326448630e+04 6.564698264516062409e+03 -7.691730267981039106e+03 -5.035366615093717883e+03 4.028761226362487946e+02 2.572196189027333730e+03 -3.034980141990105949e+03 8.972686824838099710e+03 -3.040651739772741712e+04 -7.295030633992607363e+03 3.835326935805238008e+03 2.643032024434171035e+03 -9.889499188416832112e+03 -6.606702513128680948e+03 4.666201138531543620e+03 4.623350231109731794e+03
6.454261745492367772e+05 2.064425774424551055e+05 -9.691186820925444772e+04 7.507098703728696273e+04 5.342548658245809202e+04 8.668457307812631188e+04 1.681229629809622420e+05 5.387587512885336764e+05 1.267682626591061999e+05 3.971950216853792517e+04 1.561871088128644806e+04 1.993536649656271038e+04 1.074305135306430020e+04 6.952086188670704360e+03 3.051312641803344377e+03 4.895962940608844292e+03 6.536427259799119383e+03 1.255905181914367131e+04 1.183971276508238952e+04 6.786056477713944332e+03 5.120717356211439437e+03 6.252404852824180125e+03 4.945593235477968847e+03 4.566491688327551856e+03 6.244013256032622849e+03 2.599501905172188799e+03 3.166608637653655023e+03 3.473556240779827931e+03 2.212177873681755955e+03 3.230302959366409254e+02 7.491598953171399189e+05 5.506623125066151260e+04 7.061374211238889256e+04 -3.065170206512110963e+04 5.754079360064916546e+04 1.653605392768372840e+05 1.561627098094106186e+05 2.578394588512634509e+05 1.092698067399942229e+05 -6.010300748317191619e+02 1.963810949861293557e+04 1.357877791190082644e+04 1.238580528629822584e+04 4.065432849515017006e+04 2.297277073403512622e+04 1.412454994189641729e+04 7.426578890788936178e+02 2.882207522086262998e+03 4.471441053152348104e+03 7.356290672065388208e+03 -7.961006755458095085e+02 2.591828532255220125e+03 6.652044997543217505e+03 5.723884045733767380e+03 6.940889696464840199e+03 1.042978067951329467e+04 5.234039401470638950e+03 4.225968978888096899e+03 2.541947432373311599e+01 -2.082258520265896095e+03 -1.045512813303242583e+05 4.316798716309741721e+05 -3.084413425460308645e+03 1.399175521877907740e+05 -5.557098737305382383e+04 -3.119528886291398976e+03 -1.118884227325961183e+04 7.628019197736807109e+04 4.919576533806703083e+03 -2.739072361480394466e+04 -4.786777873046357854e+03 1.074577044398934959e+03 3.546433931863331964e+03 3.999584309907000716e+04 4.403158289871014404e+02 8.577052382001949809e+03 1.035867473698719368e+04 7.084075302261691832e+03 -3.063459896187797767e+03 1.469062601913421167e+04 8.914716187105110293e+03 4.307360488472283578e+03 -1.473824786812042294e+04 2.976954181065277680e+03 7.693684811229386469e+03 1.001068800867927166e+04 -9.967028668204806308e+03 4.074922759389774001e+03 2.466731163229212143e+03 1.103410131396435645e+04
2.280564894730807282e+05 8.315593595129772439e+04 1.144722939674605295e+05 1.231455700890374574e+05 7.123125061151743284e+04 5.263810795054171467e+04 5.255381193782766059e+04 1.267682626591061999e+05 2.926433657911894843e+05 7.365631871312703879e+04 2.650098451887301417e+04 2.287984106229896861e+04 1.967955783445979250e+04 1.340545511910308414e+04 9.674795610356683028e+03 5.254398397170855787e+03 6.407275701780585223e+03 9.176010215071151833e+03 5.027129189220048829e+03 2.910670765283267883e+03 5.879924686092106640e+03 4.610768555237938017e+03 5.300537012134292127e+03 2.835434048444054952e+03 2.947188404741778413e+03 5.437143334940127716e+03 5.405682543661096133e+03 4.667585753193849996e+03 4.016618755572553255e+03 2.641002822153492616e+03 6.051429276577235578e+04 -1.594819848801169137e+05 -1.470281165395458520e+05 7.133185300224440289e+04 -1.445235967279473880e+04 6.900256474551568681e+04 5.774106330573698506e+04 7.362256905065955652e+04 1.204116198197364574e+05 5.358357501407877862e+04 1.274349239090028459e+04 2.757216189411890809e+04 1.278310676020781648e+04 7.506122620351226033e+03 1.502613666149869096e+04 9.321632046137223369e+03 6.833923163673047384e+03 -4.632625316015719363e+03 -5.401052730454365701e+03 -2.730696244251823373e+03 -2.254523035977776999e+03 -3.851553999537302843e+03 -8.086818527865058570e+01 3.254913569312616801e+03 -2.000625337376875223e+03 2.648702445735036690e+02 3.514805759493398455e+03 8.176625809230314417e+02 1.526740739733112150e+03 -4.171324143160043604e+03 -1.062222823359321046e+05 4.444206183585404651e+05 2.571643450116601598e+05 2.774068746484369622e+05 -7.986514138264993562e+03 1.892735618661464468e+04 7.095866061658308354e+03 7.507675174532785604e+04 3.172707948908860271e+04 -5.210638207060666900e+04 -8.344353608624125627e+03 -8.508780503838664799e+02 -1.527119863505104513e+04 2.339121438947167553e+04 2.835891457769220096e+02 -8.851766314608690664e+03 -4.033162929838606033e+03 2.200708231673705541e+03 -5.436156469234915676e+03 2.156685537816588749e+03 -4.510423560190248281e+03 -3.182439495315579279e+03 -7.899043468526945617e+03 2.578829002945591128e+03 5.117300284696925701e+03 -3.113449264406238399e+03 -4.675926618511281049e+03 6.296352869819879743e+03 1.274151580206377730e+03 5.887812883506148864e+03
1.451769735911677126e+05 1.740812652316955791e+05 3.380181247392495425e+04 5.211569224963015586e+04 3.587580649663706572e+04 2.042476309548513018e+04 2.256428461553675152e+04 3.971950216853792517e+04 7.365631871312703879e+04 1.973892905320236168e+05 3.631503274979499838e+04 1.173158926740893912e+04 1.047452699648416274e+04 6.608510159512023165e+03 6.918592319113052326e+03 9.231558771542511749e+03 8.884230674954656934e+03 2.835381302751079602e+03 4.717575429752963828e+03 1.533650255365936800e+03 5.702131082527611397e+03 5.795425715657135697e+03 6.680971211647119162e+03 5.127419725367137289e+03 3.764897506830946440e+03 4.190873454490213589e+03 4.698509028365088852e+03 3.102897421830985422e+03 1.781004685311619824e+03 3.314359916452294328e+03 -2.285581407371351088e+05 9.460917530141692259e+04 -5.836535041084949626e+04 -8.434306966155830014e+04 -3.290211765086343348e+03 8.322573067391743825e+04 5.996670594929077924e+04 1.018238642323580279e+04 5.016880694549461623e+04 7.814407858238935296e+04 -2.385433406094300608e+03 6.388768615451164806e+03 8.536691331801150227e+03 8.966433957748504326e+03 -4.885315106925307305e+02 1.440596310395742330e+04 -3.794949022123394116e+03 -2.710934727386340455e+03 6.738624770336216898e+03 1.222766614486555591e+04 6.203032849649983291e+03 2.813253927278929496e+03 1.485228305497803376e+03 3.682858250633567422e+03 -1.358054325021113584e+02 -5.090656659639206509e+02 3.257736749306050569e+03 -1.422754987030541770e+03 2.161912178155243964e+03 2.578039221468068831e+02 -3.624893463969137520e+05 2.443462855623458454e+05 9.513227844693187217e+04 1.618059600837573234e+05 1.325274604199957685e+04 5.061916417362166612e+03 1.637163643982406211e+04 6.781749562169620185e+04 7.994321755062518605e+03 1.427142617426598190e+04 -1.394914792464155289e+04 7.209683666352393629e+03 6.648447748066817439e+03 2.336596518754121644e+04 -4.737661296984010733e+03 7.532374237484505102e+02 -7.073025976017159337e+03 1.883030407165677786e+02 -6.393089854392282177e+03 -1.506539807800330891e+03 -2.712699586233969512e+03 -2.186090582303109386e+03 -3.103549591321908338e+03 -1.147559892996194776e+03 4.758272506939792038e+03 -6.000098380584116597e+01 -8.282393275751253441e+02 4.166165808305290739e+03 6.102634415151848771e+03 3.025072940332584494e+03
-1.083097046526240301e+05 1.558258427220908052e+05 7.969731391669802542e+04 3.998548713705395494e+04 3.275757773456407449e+04 4.185274804250960733e+04 9.588587904747120774e+03 1.561871088128644806e+04 2.650098451887301417e+04 3.631503274979499838e+04 1.382432983558436972e+05 3.448398306320650590e+04 1.012199276004652893e+04 1.059313037929634083e+04 5.463864426959317825e+03 3.608145480867191054e+03 3.279071094438919772e+03 1.477417934363520772e+03 2.053973061867993238e+03 3.546192299621140592e+03 4.632354415395348042e+03 2.838198165354949651e+03 3.004227163011781613e+03 3.185895934859780027e+03 2.567071657801869151e+03 3.484042555719233860e+03 1.174595479979822130e+03 2.503608778030464237e+03 2.487315337870788426e+03 2.242984094306263614e+03 1.448306015772188221e+04 7.036869179178064223e+04 3.623340649015118834e+04 6.658598057270640857e+04 1.273992244589084730e+05 8.524058274748730764e+04 6.730809856058363221e+04 2.317135433240091515e+04 1.673668138326283224e+04 2.099368339452852524e+04 2.440270579393009029e+04 2.662795607910945182e+04 7.557594839630085517e+03 9.993491710891586990e+03 9.183367744156061235e+03 7.827010124295196874e+03 3.698097803849686898e+03 7.398552597942401007e+03 5.301881635552915213e+03 5.386459999260566292e+03 1.360093697066673258e+03 -3.741120988784784345e+02 -2.327319235371107879e+03 -3.982821711612551212e+02 2.527770319496383763e+03 1.443201799256683898e+03 7.142185782953904436e+02 8.162793640474730239e+01 -6.367308822618340400e+02 -2.844958353437855294e+03 1.205960602564282599e+05 3.113043847359154461e+04 -2.003801145592441899e+05 7.980530312610448163e+04 -2.178045543881023150e+03 8.916075820469067139e+02 6.192020532837922656e+04 7.416570954795102807e+03 1.638722210245194219e+04 -1.990938942800712312e+03 -3.964128585598726204e+03 -6.417622757379762334e+03 -3.477210635696458667e+03 -1.068200848643916061e+03 -4.426999311947715796e+03 -9.415254084040445377e+03 -4.349721456720337301e+03 -3.808856531597196408e+03 -6.282988504137650125e+03 2.860217655046727941e+03 2.435391565539652674e+03 5.401377557290121331e+03 -3.108958902718854347e+02 -9.769884053537542059e+03 4.637103210960110118e+03 2.189684666405301414e+03 1.434281053320991305e+03 3.970899236305874183e+03 -1.309777033572575647e+03 -3.135861269798119338e+03
3.084831465136100305e+05 1.470216097163846134e+05 6.523331148187168765e+03 4.579906177061007475e+04 5.591674750831843994e+04 3.294802450140033034e+04 1.753856332604251293e+04 1.993536649656271038e+04 2.287984106229896861e+04 1.173158926740893912e+04 3.448398306320650590e+04 1.049054427734759956e+05 2.662157930658026817e+04 7.837425613563514162e+03 5.708977550997566141e+03 5.094822109880293283e+03 6.028597962649908368e+03 7.026237953790650863e+03 6.481518115635416507e+03 5.931038326529713231e+03 2.680212452176652278e+03 1.889778907156423884e+03 3.245696615562093484e+03 3.585513797950195112e+03 2.422634009967067414e+03 2.398163383247615002e+03 7.678274700702966129e+02 1.034131410172447431e+03 1.566767314669310508e+03 1.208719366774913624e+03 -4.059945278282671352e+05 -1.009724060924158766e+04 -1.297033225035713403e+05 -6.191163610526480625e+04 1.887163591317710598e+04 1.882583146376837612e+04 -9.954855084625507516e+03 -2.872337745765346995e+01 2.781217208294920056e+04 9.811840489882446491e+03 1.148887793994728418e+04 3.108237712562028901e+04 1.820195946907950929e+04 6.146500271738124866e+03 3.506231310061412842e+03 1.899104464954512423e+03 1.222157143906908914e+03 6.520771199994657763e+03 1.423876390004669474e+03 2.127404071747997932e+03 -1.517668215250730327e+03 -9.731908048886157303e+02 -8.280088590416730767e+02 -1.981958472444439622e+03 2.341067946671957088e+03 -7.046592957362773859e+02 6.540012349261190820e+02 3.324860914573924674e+03 3.351641713672291303e+02 1.670320830902877560e+03 1.096495858665908418e+04 1.371608657100312703e+05 5.557158616779409203e+04 7.545145348901499528e+04 -1.410240691040909041e+04 1.017827645087780184e+04 1.294924892343686770e+04 8.258958936633554913e+03 -4.757084548130120538e+02 2.204177633761727702e+04 -2.606094715623597040e+03 5.148991867006785469e+03 -6.009369139763710336e+03 -4.110673454590315487e+03 2.701446915423792234e+03 3.908840116204282822e+03 -3.378601918117395599e+03 4.535833173015587818e+03 -5.271757244763851304e+03 2.382117158100561483e+03 -1.512422519466427275e+03 4.583997163646345996e+01 -1.127174907478707127e+02 -2.346400079061371343e+03 -3.081796907956371797e+03 1.387063095318879277e+03 5.321611124774749442e+02 -2.274204068239813751e+03 4.933785611041694210e+03 1.539976811682925700e+03
1.856514725732865627e+05 2.207227087857908045e+05 7.166002569029740698e+04 7.183757424237983651e+04 4.623258749824871484e+04 1.786182805972133065e+04 1.543135907991643944e+04 1.074305135306430020e+04 1.967955783445979250e+04 1.047452699648416274e+04 1.012199276004652893e+04 2.662157930658026817e+04 8.015284478233443224e+04 1.757750904514831564e+04 4.187990304108662713e+03 2.084170765738138925e+03 2.090049902720295904e+03 6.407767678778476693e+03 4.683126650199317737e+03 3.953781863868368873e+03 3.345951980749161976e+03 2.702584907275899695e+03 5.388012089139009731e+03 3.294347381171337474e+03 3.376071886708311013e+03 2.492144277420973140e+03 1.501154071470588406e+03 2.148150185825155404e+03 9.539616857588125640e+02 1.618694459190015550e+03 1.000077771337907907e+05 -2.773371844904158934e+04 3.294479804049398808e+04 6.158001749660122732e+04 -1.027335419999323858e+04 -2.782890946937955050e+03 3.926033938482135454e+03 -1.189214259931102561e+03 1.791292484310151485e+04 5.750199827487165749e+03 1.495445220680099283e+03 8.434600146101181963e+03 1.801489021235407199e+04 6.280648134121111980e+03 8.387054424900379672e+02 2.106246023312437501e+03 1.572527306736767969e+03 -1.999735351628616797e+02 2.145534320922267398e+03 3.346136726339397683e+03 -2.072986803134900128e+03 9.126099123572092253e+01 2.253564660149221709e+03 3.278296602377677118e+02 3.919322627103559853e+02 -7.676367542966232804e+02 2.754397547616712473e+03 3.865888275661262469e+03 -1.309526448553672026e+03 2.570099082620994068e+03 1.712531088007789804e+05 1.701333219527443871e+05 7.049724424193738741e+03 2.043058935646172540e+04 -3.709410628258587531e+04 -2.138359109136464394e+04 1.048677102885841668e+04 2.959947644713183763e+04 -5.696844081527950948e+03 -1.659132731845532817e+03 -7.567082694410636577e+03 -5.433342879881088265e+03 4.310692840675716866e+02 -2.618680543397523252e+03 -3.801353418638823314e+03 -5.419172212654738360e+03 -1.866018617958835875e+03 2.210004980514358977e+03 -8.168808559680504004e+03 -3.531507494300899452e+02 -3.131442385685192221e+03 -1.889820761236047019e+03 -4.093170957539852225e+03 -1.228761612096450335e+03 -7.854348151154391644e+02 1.246118979028718059e+03 4.629246922398157949e+03 -4.392121014515472552e+02 8.439744827413868506e+02 6.363179093249339502e+01
-1.839054977254039477e+04 5.262454762819570169e+04 1.003865068544376700e+05 7.263268531661559246e+04 2.628338035916250010e+04 9.000026963745016474e+03 1.722091658610897866e+04 6.952086188670704360e+03 1.340545511910308414e+04 6.608510159512023165e+03 1.059313037929634083e+04 7.837425613563514162e+03 1.757750904514831564e+04 6.416380058786363224e+04 1.415491716694762545e+04 4.791899867906520740e+03 6.323479096725414820e+03 4.183411796043854338e+03 4.510112988045743805e+03 2.939362808746777318e+03 2.910380672463457358e+03 2.721879310469049415e+03 2.599534211225514809e+03 3.059526888552367836e+03 2.488612385432326391e+03 1.731501034077520671e+03 1.379276409154942939e+03 2.604133026052411878e+03 1.294847641633353760e+03 2.074394166430923178e+03 -2.179308511198845517e+05 -2.586927482256352960e+04 1.355467610004419112e+05 6.864111031866454869e+04 -2.682711787091985752e+04 -3.322562412418555596e+03 -1.682004233996819096e+02 8.679773762519373577e+02 -5.735852243526862821e+02 3.136872239053548583e+03 3.303290565204551058e+03 -5.900725064154284155e+03 -1.997332781001740841e+03 4.009397586546826460e+03 1.211524595730537476e+04 6.069668402952828728e+03 2.075710102401272707e+03 -1.777982832789910844e+03 -1.411683794281211249e+03 2.210402087053631135e+02 -1.436926506530853203e+03 1.735351932856472786e+03 -4.809900497126237724e+02 -1.174935613930445015e+03 5.382760606757797177e+02 1.246994062896613286e+03 1.696713270863514481e+03 3.560771813160699253e+02 -9.817718675462134570e+02 1.098964327916018419e+03 8.498173068026690453e+04 6.942538894038742001e+04 -4.492888054299829673e+04 1.765673926278069848e+04 -3.124285132708993842e+03 2.891597154820894139e+04 2.286229034022513588e+04 -1.661127869713552855e+03 2.795893120770753740e+03 1.340142721863024462e+03 -1.498286318135349802e+03 1.049869196772456962e+04 5.448105774433165607e+03 6.125997594270227637e+03 3.452789184765726986e+03 -3.502338949504423454e+03 -3.615109051214566989e+03 2.451166640429569270e+02 -3.907809751425364084e+03 5.522554332583438736e+03 -2.977318038771365991e+03 1.540562298896813900e+03 1.887132780733050822e+03 1.699111625956577427e+03 3.546671021127881431e+03 -7.247896658805535708e+02 -2.381502723331570053e+02 2.583077434083061235e+03 1.283727502979354085e+03 2.479486942191325852e+03
-4.164201689968442224e+04 -5.320825049381273857e+03 3.386780583782515168e+04 1.779832005607996689e+04 4.943905769343837164e+03 1.793261709964884722e+04 3.824439094857735654e+03 3.051312641803344377e+03 9.674795610356683028e+03 6.918592319113052326e+03 5.463864426959317825e+03 5.708977550997566141e+03 4.187990304108662713e+03 1.415491716694762545e+04 4.543163179363387462e+04 1.147660553829441051e+04 6.925944426760114766e+03 5.029087820719855699e+03 3.459323579187723226e+03 2.581809608061731979e+03 3.576137496010346695e+03 3.264636974254814959e+03 1.924329246281938822e+03 1.628122876619186854e+03 1.674837041990216676e+03 2.253254455878945009e+03 2.321164671170455222e+03 1.759381625783040363e+03 1.785605738797173217e+03 1.494244701473638315e+03 1.554625203791844833e+05 1.374521041696235188e+05 1.657730540627402297e+04 4.574786356193179017e+03 -4.347204633979350183e+04 -1.219162537530990085e+04 1.046362814505362985e+04 1.568702599148337504e+04 9.117016493093155077e+03 1.487269564029578396e+04 8.414585009809125040e+03 3.369299510407228809e+03 7.257915632740447336e+02 6.846227599956760969e+03 9.831755212987920459e+03 1.347371966017262821e+03 1.459108478024786564e+03 -2.830806252876682265e+03 1.242741497998431669e+03 -1.618716466991178095e+03 -8.522894463643492600e+02 2.030081690054133787e+03 -1.120877764476324501e+02 -5.935052076406246897e+02 -6.840132407194893460e+01 -4.914300540807054176e+02 -3.207912070279043633e+02 2.056875245266682214e+03 -1.540709182369157816e+03 3.512297299408799063e+02 5.130768857309546001e+04 -1.635983460154539207e+05 6.873462085874502918e+03 7.165998043049983971e+04 -2.018687853715405799e+04 -3.640409624419412921e+03 2.802701226878453599e+04 -2.851344838044620360e+02 1.862746929501699560e+04 5.679762257600232260e+03 4.125123257362463846e+03 4.531374964650190122e+03 -1.312907431986895608e+04 -8.711795720789908955e+03 9.528617254569273882e+02 -5.446364681373505846e+03 -6.869565537975102416e+03 -1.985172719546782446e+03 -4.425883717611493012e+03 2.038503746205730522e+03 -5.782374717886774306e+03 -4.103900249899853407e+03 3.375349736435995965e+03 -1.627648074146384829e+02 -1.448171793400983461e+03 8.453405303386208516e+02 -2.348892224092518006e+02 5.867696153954395868e+02 4.651631322244573425e+02 -3.649394042353632130e+02
1.392822918319884047e+05 3.567981524645619356e+04 -6.080005178526003874e+03 1.293995923623258386e+04 2.293896249136084953e+04 2.431019262429781884e+04 1.439729925308937891e+04 4.895962940608844292e+03 5.254398397170855787e+03 9.231558771542511749e+03 3.608145480867191054e+03 5.094822109880293283e+03 2.084170765738138925e+03 4.791899867906520740e+03 1.147660553829441051e+04 3.672468879219805967e+04 8.677085418705630218e+03 2.805743463783168409e+03 3.651617955735565374e+03 1.822522872012584457e+03 2.924482266694852569e+03 2.253540320525044081e+03 2.723778126618349688e+03 2.965058234556471234e+03 2.360759671955870090e+03 1.336827099329134853e+03 6.879559163313709860e+02 9.391885112389151118e+02 1.045331735081335410e+03 1.361334835305514616e+03 2.103467591989054054e+05 1.564382251287248218e+05 -2.422244584493152433e+04 -2.262555724339993321e+04 -3.903929960876694531e+04 1.666003826603552079e+04 2.493173807782648510e+04 1.531099117040945930e+04 -4.040194149912501871e+03 1.234076693236076426e+04 -7.904075805830771060e+02 5.188732130326366132e+03 2.800515239376423779e+03 7.837033762879209462e+02 3.234343187127805322e+03 1.034479597353449390e+04 5.050650560792836586e+03 2.369077041460112468e+03 3.214575747420931748e+03 4.372873519000827400e+03 3.489376896762413253e+03 1.619392513412471317e+03 2.471000178257463176e+03 2.564911863675619770e+03 5.030301279237816061e+02 3.059262754233455780e+03 1.799966169417527681e+03 1.122555313329767614e+03 -3.237373201342104068e+01 1.239984699502492958e+03 8.425879262738242687e+03 -6.022502081606367574e+04 8.511070240562362596e+04 5.835578761392810702e+04 -1.589169324589038115e+04 -6.250976355613916894e+03 8.909928562556751785e+03 3.076731365163537248e+03 8.031271019264001552e+03 -1.302009734747028915e+03 -1.354009685032311063e+04 -5.988017704440896523e+03 -6.426852930191330415e+03 4.647290724759731347e+03 -3.630721178625138691e+03 -6.653852280084423683e+02 4.910234577386831006e+03 -1.094733022277569717e+03 -2.835274966422315174e+03 1.710703506170111268e+03 -2.666684615789602049e+02 -1.448525748085699433e+03 6.650070778008441721e+02 1.593462810490367929e+03 2.893793883421312330e+03 5.213686865649823403e+02 2.241166949928810368e+02 1.862078281012848038e+03 1.309215176055919756e+03 2.403201084439912393e+03
-2.106246017930697053e+04 3.808299279673442652e+04 2.818191360654093660e+04 1.612238449653336102e+04 1.688434345941958964e+04 1.660560601621719979e+04 1.281327921755127136e+04 6.536427259799119383e+03 6.407275701780585223e+03 8.884230674954656934e+03 3.279071094438919772e+03 6.028597962649908368e+03 2.090049902720295904e+03 6.323479096725414820e+03 6.925944426760114766e+03 8.677085418705630218e+03 2.902432947531377431e+04 8.008431991516072230e+03 4.017932217615300942e+03 3.268255073351966530e+03 3.385050713898880986e+03 2.429892766060963822e+03 1.803683939560013187e+03 2.127603926468644204e+03 2.715591524943891272e+03 1.162332665517514670e+03 1.265270551795574420e+03 1.514597226503085267e+03 6.443875270048310995e+02 1.505266864984899485e+03 1.252644522451918056e+04 1.267871962334965647e+05 2.725822771626521717e+04 -5.881640197564138361e+03 -9.660729347853244690e+03 1.304350943452925094e+04 -9.600676198821138314e+02 3.933605770268999549e+03 4.928035145290613400e+03 6.730799112081177555e+03 -1.164792860959122891e+03 5.026029047992469856e+01 -5.755738963455556586e+03 1.760141225552164087e+03 3.565211012390327141e+03 2.973865652239998781e+03 1.591203530897939572e+03 2.308413433848131717e+03 -1.256946174553926312e+03 -3.399113992979003740e+01 1.017491745519212486e+03 -8.101584274776193979e+02 3.210222020681412403e+01 1.677991050231524355e+02 -3.337296612415962045e+02 7.128102039132279515e+02 -3.294595310748081829e+01 -7.860329041360698739e+02 -1.540291383096209302e+03 -6.529401692680924043e+02 -1.019578438872358238e+05 -5.182971979354594805e+04 1.762291064263613225e+04 -1.639736796433279960e+04 -1.389668036964168823e+04 2.725729007879373239e+04 2.649540442888333200e+04 2.951161379271597070e+03 1.994095563523264718e+04 -5.362917131314278777e+03 -7.734174575482428736e+03 -8.369370067683505113e+03 -7.579066331846373032e+03 -2.930296712279796338e+03 -4.093729183026905503e+02 -2.280708643573615518e+03 1.386538944582103113e+03 8.967760911375451087e+02 -2.379495843052256987e+03 -2.879772675060378333e+02 -7.895607639118230736e+02 2.752800391721042160e+03 6.999327693308911194e+02 1.097807686450954634e+03 8.352451328752464406e+02 1.430800489484999162e+03 2.727874711181564180e+03 5.374887627796726974e+02 4.395635891540875946e+02 2.711169834610597263e+03
