4.236149334604620337e+08 2.899570209366303869e+06 -4.893415631909785792e+06 -4.003018705347103067e+06 -2.167645171694132732e+05 9.145245581362871453e+05 -1.731912876040950185e+06 -2.079254461943551898e+06 -9.622391878181138309e+05 1.051457908754144446e+05 -7.597798067766857566e+05 -5.333131935182055458e+05 5.066495255202589324e+05 1.136447010690445168e+05 -2.054558143705426774e+05 3.976131823486625217e+05 -1.262513311662023625e+05 -1.085889814286263863e+05 -6.203744842158415850e+04 -4.612694218902819557e+04 -8.081299509068619227e+04 -1.213575233119969344e+05 -4.417835193402953155e+04 -5.188587522574702598e+04 -1.582937664014330658e+05 6.850664015815937091e+03 8.484923220493679401e+04 -6.905221569734223885e+04 5.716627421486439562e+04 -1.973955534431225387e+05 1.586862954073354304e+08 -9.012256217829108238e+06 -1.842899128054660186e+07 -7.848654692516219802e+06 7.799409754845991731e+06 -2.678705219526030589e+06 7.565402873845295981e+05 -2.587494896697708406e+06 -6.975522287043126198e+03 8.552274078797091497e+05 -1.691512774741048459e+06 -2.037857797041526937e+05 1.331897102261144202e+06 -6.794484253672624473e+05 6.465184531959383748e+05 1.635172544954730896e+06 5.763816799758101115e+05 -6.218943582511696732e+05 -8.286078771691404982e+05 -5.740208101905963849e+05 1.523603559996994591e+04 2.123362073343831798e+04 -3.341651517527773976e+05 5.779962752970295696e+04 1.085828243793446454e+05 -2.775653890798606444e+05 -5.222069408205415239e+05 -3.235264889051811770e+05 4.185063105678865104e+05 -2.788920495741409250e+05
2.899570209366303869e+06 2.439533068290301263e+08 1.719549345450457186e+07 3.043751341486738995e+06 4.535197820353639312e+06 -2.584818812347948260e+05 3.735231872270165477e+05 -7.040176809185030870e+05 2.535538006780612923e+05 9.103344699063097360e+05 4.330224290812757681e+05 3.747065623480514041e+05 1.188593644642551080e+05 1.479786912024249032e+05 2.428477581282778992e+05 6.377060952335279435e+05 -3.336421025247109355e+04 2.962811342918349546e+05 4.331629666192848526e+04 1.668901105981945875e+05 1.140509049196065171e+05 9.044273297107439430e+04 4.671538226605222735e+04 8.671968299970790395e+04 -1.222242903612268128e+05 2.370801804391783298e+04 1.873517767074773437e+05 1.263752669469787797e+05 3.838148485594790691e+04 6.601014829982064839e+04 3.066132974367242772e+06 2.155607936815767884e+08 2.044625351588793099e+07 1.661569918615533412e+07 1.364420161571538262e+07 -3.827305660898046568e+06 1.356590542694564210e+06 -4.499110551711018197e+06 3.992308356520616217e+05 2.655555584100791602e+05 8.116797979956957279e+05 3.399244948477229336e+05 1.415729018157690298e+06 5.256972394835000159e+05 7.430653284983523190e+05 6.629811192951480625e+05 -6.617821180828461656e+05 1.480287344495631987e+05 -3.580430557555105770e+05 -3.022277063607416931e+05 4.897312810431449325e+05 1.389553364864654141e+05 -1.539251897904926736e+05 2.605693855501372018e+05 1.214714219643173856e+05 -9.162410769166255704e+03 9.176421712855181249e+04 4.109331561710685492e+05 9.086213549919654906e+04 5.207193655208096061e+03
-4.893415631909785792e+06 1.719549345450457186e+07 9.180902024674248695e+07 5.166579325942938216e+06 7.288877657835265854e+05 3.351170835525682196e+05 -2.296675949160886230e+05 5.396555133578173118e+05 1.033446796505443635e+05 -6.580306001027389721e+04 1.474016254275828396e+04 1.367853540861331276e+05 2.243814943046698754e+05 1.542582443629214249e+05 4.023510619246309507e+05 1.418199084671551827e+05 1.745704743949990370e+05 -5.415951897776110127e+04 1.030765121071626781e+05 1.184952026373714179e+05 1.141734199398679630e+05 -7.974279474458062032e+04 -1.348208723091090178e+04 1.199405096263222658e+05 -2.676737562915279341e+04 -6.028685738210310228e+04 7.855071428743375873e+04 -2.498881886509007745e+04 -2.968530347419005557e+04 3.732555108104114333e+04 5.886799483803132549e+06 2.107660012643556297e+07 1.123929677792874724e+08 4.322108646233281121e+06 4.030810147161144414e+05 -1.487003201069737319e+06 -1.599342468608339317e+06 1.328530342680356989e+05 -9.750284738069778541e+05 1.561894629535728600e+05 -4.039568740518514533e+05 6.100486324478937604e+04 4.063395734038020018e+05 2.520482180258477747e+05 5.199909951038323925e+05 2.367294217532250332e+05 6.408618240316198353e+04 2.821655627662862389e+04 -1.977654246659270430e+05 4.070207461791367969e+05 1.763259202220585721e+05 -9.488303089218774403e+04 9.317630928536441934e+04 2.220619178565493494e+05 -1.035363215076745837e+05 2.582888865412539453e+05 1.313359428765630873e+05 1.965420227454289852e+05 1.566589956212897669e+05 1.290349384876994009e+05
-4.003018705347103067e+06 3.043751341486738995e+06 5.166579325942938216e+06 3.764951168014228344e+07 3.684396773839898407e+06 1.726306999068189645e+06 8.182155404485124745e+04 5.915984412148112897e+05 3.206271798290374572e+05 2.399876280173769337e+05 -3.749139171986519068e+04 -7.857842734140802349e+04 3.398802058432227932e+05 1.451137591622274776e+05 1.439065466268041637e+05 1.303562558968004159e+05 8.617511838458964485e+04 5.718573655926973879e+04 1.175066820633244060e+05 3.550818403913962538e+04 3.833181445628040819e+04 9.975687059464109552e+03 -2.398072719751361365e+04 5.934663594249790185e+04 6.918552315061440459e+04 -6.304562493257880124e+04 1.226575695928777895e+04 -2.016812412493268130e+04 -5.641456900651171600e+04 6.046381085564538807e+04 -6.105388261107469443e+05 4.820123684648397379e+06 1.004405767074223049e+07 4.982388798156975955e+07 3.355614253050380386e+06 3.293116405764154624e+06 9.070444923775076168e+05 -4.429963627070136135e+05 -4.439651127555266721e+05 -3.150914444395386963e+05 -9.290180213166533213e+04 2.944260877175770584e+05 4.251825248125644284e+05 7.578912952184784808e+04 1.512623130319587945e+05 2.711517746841944609e+04 5.458282511593088566e+04 2.885405320885026013e+05 1.960949137860529299e+05 9.649894130255875643e+04 1.831563462222654780e+05 5.029412111333051143e+04 -1.034740365382561577e+05 5.160006238490762917e+04 -4.953733359091897000e+04 5.600870809677738725e+04 1.082852635787975451e+05 1.124110261291555653e+05 -1.654718550695277008e+04 9.335460880430786347e+04
-2.167645171694132732e+05 4.535197820353639312e+06 7.288877657835265854e+05 3.684396773839898407e+06 1.690700945082456246e+07 1.274801560695122462e+06 2.966704465862117358e+05 4.668487180349473419e+03 3.640616943367219210e+04 5.058695404814741778e+04 2.052630544375331956e+05 9.712479764077198342e+04 9.361004433983506169e+04 2.525927179591588356e+04 8.463036428295915539e+04 1.431578026843859989e+05 1.079754510729148751e+05 1.502682895787770976e+05 1.496619317308046739e+05 -3.076473355331434050e+03 8.677677310099387250e+04 9.208681005218093924e+04 8.671290404157983721e+04 6.289373992645143881e+04 5.741556091276294319e+04 6.306203393612648506e+04 7.975317711517200223e+04 9.887495383856097760e+04 8.503054143604804267e+03 5.575670913241654489e+04 -4.397612061792409077e+04 8.874643608327249065e+06 -5.743937753922615666e+05 6.229203835306216963e+06 2.136744360897205770e+07 1.355772230492727598e+06 8.797195581134919776e+05 -1.178512608476485912e+05 -1.257046629482131539e+05 1.376028172047964472e+05 3.080222713112703059e+05 4.927305534214908839e+05 2.556095195647307555e+05 -1.021262154705638568e+04 7.124497644122534257e+04 3.608951028032240574e+05 3.495977310905962368e+05 2.234161246198843583e+05 3.300519088550618617e+05 9.678510080844598997e+04 2.269105200760053121e+05 2.055321677692182420e+05 2.613597506042255845e+05 6.610006497717727325e+04 1.080819385556300986e+05 6.064758763770489895e+04 2.262203203905443079e+05 1.322845212663813436e+05 1.730195426704874990e+04 1.119369497254149901e+05
9.145245581362871453e+05 -2.584818812347948260e+05 3.351170835525682196e+05 1.726306999068189645e+06 1.274801560695122462e+06 8.941756373761475086e+06 3.107325210390567081e+05 1.105164206636932649e+05 1.850534920101636089e+05 -5.607223950167837029e+04 -7.525595941844576737e+04 -2.692135565134150602e+04 7.803653593279905908e+04 6.320213313997266232e+04 -6.714157397732877143e+03 8.400537084152140596e+04 6.292298070866024500e+04 3.281781024722958682e+04 5.009484657940099714e+04 3.066207274674734435e+04 -4.477816569444225024e+03 1.941003260722125924e+04 -6.360119937338535237e+03 2.894074323074698987e+04 -9.782091823226239285e+03 -7.807222485377012163e+03 -2.514360216231276354e+04 1.255480276763655456e+04 -8.977304911582718887e+02 2.348951483480863681e+04 2.412823805716198403e+06 2.533528237574127037e+06 -2.569659595550436527e+06 4.403659585157247260e+06 1.892700291605979437e+06 1.241143188792768307e+07 7.378548653121439274e+05 -2.225939637598900299e+05 -1.973225022978360648e+05 1.393471212658603326e+05 2.739143832598823356e+05 5.902609378774857760e+04 1.491371938776193419e+05 3.246767780024635140e+05 7.882321063556744775e+04 2.081043753230010334e+05 -4.008665214730700882e+03 8.204610888787978911e+04 9.521800022472043929e+04 3.174987038626662252e+04 -2.541882140675124538e+04 -1.956967889306712550e+03 -6.628316163767164107e+04 7.835762579936251859e+04 -5.122038519659122539e+04 -3.814661040539838723e+04 -1.914270439153191546e+04 -4.751202001188841678e+03 2.042442740304629115e+04 1.723268396414310700e+04
-1.731912876040950185e+06 3.735231872270165477e+05 -2.296675949160886230e+05 8.182155404485124745e+04 2.966704465862117358e+05 3.107325210390567081e+05 5.314893279016033746e+06 4.926040994504508562e+05 -1.060003505321361881e+05 1.138805012659002932e+04 8.334445823725430819e+04 6.927619579103862634e+04 2.332075743644693284e+04 2.228485591553039558e+04 4.878377816770102072e+04 8.371944310899113771e+04 8.055358842480633757e+04 2.888488965593017383e+03 9.922887474384258894e+03 3.191723586531931142e+04 3.477227322239459318e+04 -1.894202846001128637e+04 1.048224952250854585e+04 3.077192753486602669e+04 3.845653288721668650e+04 3.115094219265855645e+04 1.216683330633411424e+04 -2.301438715286628280e+02 4.176491571440164080e+03 6.505022473723321127e+03 1.484605909024983179e+06 2.312796739079042803e+06 -1.051733725920743076e+06 1.953569802847430692e+05 9.465917902422887273e+05 1.073938610440464225e+06 6.939871521502226591e+06 3.847758151277439320e+05 -2.877152619229994016e+05 -1.659994700671970204e+05 4.125791068346070824e+05 9.663438969204212481e+04 -1.297433817549454106e+05 -8.130148868912248872e+04 4.543662037122328911e+04 1.149437909365389642e+05 1.670688091293769830e+05 1.807178216219332535e+04 2.397271494339475248e+04 9.217559852360808873e+04 -2.518715982981325214e+04 -7.633387304386335018e+04 3.969590718845336960e+04 1.089088912010993045e+04 7.032237296666577458e+04 4.820971122462337371e+04 -9.545606180006105205e+03 -1.713856229191114107e+04 -6.718665064943713332e+03 4.358091245467635599e+04
-2.079254461943551898e+06 -7.040176809185030870e+05 5.396555133578173118e+05 5.915984412148112897e+05 4.668487180349473419e+03 1.105164206636932649e+05 4.926040994504508562e+05 3.280204480464586057e+06 1.849036294036163890e+05 -1.110809581591287133e+05 -1.055627050096019411e+04 7.271407158890747814e+04 5.104704065674476442e+04 4.649072083344135172e+04 4.916321875208511301e+03 8.184847884699527640e+04 -3.194685259117425176e+03 2.663129455692342162e+04 2.680848097367849550e+04 1.180560345545863493e+04 6.328268575601600605e+04 3.185025429174723286e+03 1.135160371251066317e+04 3.229479451025084927e+04 2.856482769689438646e+04 7.885428625093882147e+03 1.655243288107795524e+04 1.771469812954006920e+04 2.644748335140101699e+04 6.629855830490007065e+03 -1.127683418076144299e+06 -2.113163429471621756e+06 1.305575399657838745e+06 9.325145135214576731e+05 1.789688664262925886e+04 1.939042725914076727e+05 5.244885627990782959e+05 4.264419245232171379e+06 2.157686105107844342e+05 -1.563379332362344721e+05 1.411062710014877084e+05 7.843316790166834835e+04 9.416799401508600567e+04 1.007601016274782305e+05 3.269852125384645842e+04 1.444443191398146446e+05 4.286231542574011110e+04 -5.640819871571078693e+03 -1.783599977230630975e+04 -2.402766585993889021e+04 7.669127042516987422e+04 -5.028190177902568394e+04 3.896624507128760160e+04 -2.961220016173913791e+03 5.003194350938221032e+04 5.575499068554240512e+04 5.903526524755742867e+04 4.199115019635136559e+04 4.530470376276242314e+04 4.126242953753484471e+04
-9.622391878181138309e+05 2.535538006780612923e+05 1.033446796505443635e+05 3.206271798290374572e+05 3.640616943367219210e+04 1.850534920101636089e+05 -1.060003505321361881e+05 1.849036294036163890e+05 1.809554540015278151e+06 3.515096836297387927e+04 3.656677580062639026e+04 2.409555108656793527e+04 3.041494692424775712e+04 4.784041628554064664e+04 2.096448212469845203e+03 7.536963396043013745e+03 2.846584710249767159e+04 1.806811951972524912e+04 1.082638537368467405e+04 1.190259141987042676e+04 1.457623287672534934e+04 2.330032512814881557e+04 8.183075521788631704e+03 1.468639027116807847e+04 1.937657788328926472e+04 1.121287885604466101e+04 1.337847446292961649e+04 5.317098593225008699e+03 9.017624691234781494e+03 1.447483548234573573e+04 -1.001377205092680175e+06 -2.056196129713578150e+06 8.222384431224982254e+05 7.313318892681765137e+05 -5.841785960512041347e+05 2.110839520256574906e+05 -3.132299477731797379e+05 2.046220448385557393e+05 2.411124009834183380e+06 -2.810170313485029692e+04 1.052197741416498466e+05 5.878017056872527610e+04 5.527881042754367081e+04 5.746406384105621692e+04 3.081059923586427612e+04 3.335532948317267437e+04 -2.046051867016991309e+04 1.176552281822781333e+04 1.261815673742025501e+04 3.116775433391910701e+04 -1.463456043566339417e+02 3.072006490082149321e+04 -4.800405991559387985e+03 1.661872415898073814e+04 1.557104711099742053e+04 2.312821216796934459e+04 3.210184844276789954e+04 -7.841438367409127750e+03 4.318338218785724894e+04 9.849698023398414080e+03
1.051457908754144446e+05 9.103344699063097360e+05 -6.580306001027389721e+04 2.399876280173769337e+05 5.058695404814741778e+04 -5.607223950167837029e+04 1.138805012659002932e+04 -1.110809581591287133e+05 3.515096836297387927e+04 1.125027498118091375e+06 7.374181952181603992e+04 4.231659035555931769e+04 1.634515295718180460e+04 4.989975299951086345e+04 -4.817077264612400540e+03 2.076287245608204103e+04 2.414320866699174439e+04 1.338153809981855557e+04 2.347946702305689996e+03 -5.407414783455974430e+03 6.911676513330671696e+03 1.644650026856878685e+04 1.312428765729633415e+04 9.328017145323543446e+03 5.792630988764108224e+03 1.674665033947507254e+03 8.952011883118004334e+03 -6.886015134865329856e+03 2.729617362122437044e+03 4.877483858930205315e+03 -4.331646252241611946e+05 2.435805412520674057e+06 -3.751391138608973124e+05 -3.347921738074550522e+05 -3.494739304005408776e+05 5.003351286061935753e+03 9.276213108026576811e+04 -1.572967335879917373e+05 1.625133597404746397e+05 1.652376224987997441e+06 5.383453026555173710e+04 5.151155128402387345e+04 3.863254499688919168e+04 1.456044175002775446e+05 -6.495200926024172077e+03 -9.750519996213142804e+03 9.542763058678472589e+03 -1.783634126383826242e+03 -5.681559517656144635e+03 -1.408871798790142975e+03 -1.531295630153775710e+04 2.619907044225059144e+04 2.870637037799756854e+03 -6.442211154218274714e+03 -1.277768284044811116e+04 -1.240608574368239351e+04 -8.615810173810976266e+03 1.978047868670124217e+03 -3.338418521114448140e+03 6.933743939589373440e+03
-7.597798067766857566e+05 4.330224290812757681e+05 1.474016254275828396e+04 -3.749139171986519068e+04 2.052630544375331956e+05 -7.525595941844576737e+04 8.334445823725430819e+04 -1.055627050096019411e+04 3.656677580062639026e+04 7.374181952181603992e+04 7.603505522301881574e+05 8.356744659912177303e+04 4.804178994637389405e+04 1.041402721422850118e+04 1.681828326431068126e+04 3.781378490141212751e+03 6.103756913411232745e+03 1.781110527570540580e+04 1.155532327383710799e+04 -1.467229574662886762e+03 7.006149008006858821e+03 9.436572373607021291e+03 1.412296181016715673e+04 2.070395305616549012e+04 -2.773779312061575411e+02 1.159075034353491719e+04 4.418852407911057526e+03 3.662801320688257420e+03 5.300468042913113095e+03 7.285727648911493816e+03 -1.205723544397153637e+04 7.244946412476479309e+05 4.446363524875713047e+05 6.588956190089127049e+05 1.073998944405414804e+05 4.235959925806984393e+04 2.317793160656287218e+05 -4.829166673624623218e+04 3.158312780183625364e+03 4.370531558002525708e+04 1.082088414978969609e+06 1.034173850930970220e+05 1.251088844815091143e+05 5.575474709741435072e+04 -4.533469278862346982e+03 -1.363950149187811076e+04 6.154142874560055134e+03 1.700339352163736112e+04 4.873081070360617014e+04 2.848286985312194156e+04 3.101842897420635200e+04 2.840924615477134284e+04 4.742893913393113326e+04 2.392066445863763147e+04 4.910808510537643087e+03 -9.943401976102095432e+03 4.128251020401713504e+03 1.034741892471698520e+04 -6.488047655859265433e+03 4.727113695609577917e+02
-5.333131935182055458e+05 3.747065623480514041e+05 1.367853540861331276e+05 -7.857842734140802349e+04 9.712479764077198342e+04 -2.692135565134150602e+04 6.927619579103862634e+04 7.271407158890747814e+04 2.409555108656793527e+04 4.231659035555931769e+04 8.356744659912177303e+04 5.957526170756099746e+05 5.995261327914833964e+04 2.803724768845471408e+04 3.292359836457166966e+04 -1.899665397227304538e+03 -2.701395002819767228e+02 1.552959905804826667e+04 1.492125022307660220e+04 1.512807943417122806e+04 1.938307701066880691e+04 1.542433034833799138e+04 4.938569384585496664e+03 5.838470168419740730e+03 1.100390486596080336e+04 2.664314240284392781e+03 1.558441922920969091e+03 2.056570712292620556e+03 -1.488188371330047858e+03 1.930598963011633259e+03 2.430990393893731234e+05 2.690694840660594054e+05 -2.595040869807447016e+05 1.386384607107475749e+05 9.270689646020196960e+04 -3.907876198562119680e+04 2.479181436429797614e+05 1.852762815692407021e+05 6.045957369587121502e+04 -5.915208729757568653e+04 1.454925248148729152e+05 7.755382805014722981e+05 6.707660704871617781e+04 3.015627138030613060e+04 1.389326940461509912e+04 -1.046451569559236123e+04 -9.162805551164161443e+03 1.585860797310227099e+04 1.712925005194910909e+03 3.549366361621763645e+04 1.918155463030731698e+04 2.039610550811003350e+03 1.906562528641350218e+04 1.414632489910261211e+04 6.869095786855406232e+02 6.667573771323117398e+03 -6.322995359670973130e+02 3.454552961648767450e+03 -3.299591519160906500e+03 -1.880704840076011351e+03
5.066495255202589324e+05 1.188593644642551080e+05 2.243814943046698754e+05 3.398802058432227932e+05 9.361004433983506169e+04 7.803653593279905908e+04 2.332075743644693284e+04 5.104704065674476442e+04 3.041494692424775712e+04 1.634515295718180460e+04 4.804178994637389405e+04 5.995261327914833964e+04 4.393856595983541920e+05 4.423510089910339593e+04 -6.456144405109875152e+03 1.976364632070051084e+04 2.225088078546742690e+04 1.791380581143969539e+04 1.296424240933026522e+04 1.269300603025466626e+04 1.494382846026020343e+04 5.821463984744700610e+03 1.359082161644808730e+04 4.692339816326333448e+02 4.726268023371872914e+03 9.168922867704472083e+03 9.592938725223426445e+03 5.295144268103206741e+03 1.721244071542339270e+03 9.435713908605808911e+02 1.403019293639677577e+06 1.195444327139236731e+06 2.162564406094469305e+05 1.626436129746946972e+05 2.596022553973545655e+04 2.034173495285100653e+05 -3.311828214729946922e+03 1.711832659311025927e+05 9.758002902333905513e+04 4.937234711523997248e+04 3.635181120912763436e+04 1.150227758883088100e+05 5.702362094870611327e+05 3.209932432454374066e+04 -2.110758185444743140e+04 1.049550405133734057e+04 2.434203282711715656e+04 2.901771267157618695e+03 1.496710662571653666e+04 2.751236274241821593e+04 1.047778376418545122e+04 -8.696534598022397404e+03 1.216440175166609697e+04 1.236663925332853069e+04 -5.567170211653221486e+03 1.388085904941031731e+04 9.869823130433216647e+03 2.377704398630759533e+04 -4.578607641364534174e+03 -5.004671063980261351e+03
1.136447010690445168e+05 1.479786912024249032e+05 1.542582443629214249e+05 1.451137591622274776e+05 2.525927179591588356e+04 6.320213313997266232e+04 2.228485591553039558e+04 4.649072083344135172e+04 4.784041628554064664e+04 4.989975299951086345e+04 1.041402721422850118e+04 2.803724768845471408e+04 4.423510089910339593e+04 3.233088462256800267e+05 3.839929607788676367e+04 1.688439190747081739e+04 1.023117297385345955e+04 3.551724736092956846e+03 -1.124275291332210600e+03 1.027732412801618693e+03 1.437359874422117173e+04 7.891204221811646676e+03 2.805793840181737778e+03 8.758985747025506498e+03 -1.704649342538408064e+03 5.840707009703455697e+03 6.293344088635033586e+03 6.946318498357613862e+03 7.086353247668873337e+03 3.645468360351154843e+03 4.141627930497782072e+05 6.641870770520118531e+05 -6.366284478790383582e+04 2.964709985817440320e+05 5.814168184216876398e+04 1.811045649816447849e+03 -4.382015456537537102e+04 1.567580701361718820e+05 4.876118646701295074e+04 1.697389322944771557e+05 4.908684042176330877e+03 3.679556581459838981e+03 6.821917645250665373e+04 4.469190176089765737e+05 6.816363372496610100e+04 2.867305280927674903e+04 -4.165982955136528290e+03 5.091205221555243952e+03 -5.798088154337730884e+03 7.154679604258557447e+03 1.403157243919407301e+04 2.028372668048723062e+04 8.207206015412133638e+03 2.603032526854882599e+04 -2.204596995929001423e+03 -1.669231400041341203e+03 1.757519566467408367e+02 1.913574506217116868e+04 2.008976656163283042e+04 6.091099784465403900e+03
-2.054558143705426774e+05 2.428477581282778992e+05 4.023510619246309507e+05 1.439065466268041637e+05 8.463036428295915539e+04 -6.714157397732877143e+03 4.878377816770102072e+04 4.916321875208511301e+03 2.096448212469845203e+03 -4.817077264612400540e+03 1.681828326431068126e+04 3.292359836457166966e+04 -6.456144405109875152e+03 3.839929607788676367e+04 2.322139381580480840e+05 2.585099962495198270e+04 9.245567026134829575e+03 1.041680987131888469e+04 5.799886039247143344e+03 5.284405957309305677e+02 7.068747705259344912e+03 1.051596745098432984e+04 7.162520562308716762e+03 1.085454868860034912e+04 4.578354930462933225e+03 3.649578300122447672e+03 7.115551412113298284e+03 2.436680280480392184e+02 3.588430758357697414e+03 -9.051717257855451635e+02 3.044212311574872001e+05 7.450529980913893087e+05 5.581638640648112632e+05 1.717293234101287380e+05 8.881180905490002260e+03 -1.321512220517068636e+05 -5.912626090072971238e+03 -3.701607726734707103e+04 -1.675984574826018388e+03 6.944679934375975790e+03 2.640288194525555446e+04 2.648441029392579003e+04 -1.794870403595165772e+04 4.096450532519034459e+04 2.922126762351202779e+05 3.814400948205261375e+04 2.196850136751618993e+04 1.458982731225154930e+04 1.067470145057358195e+03 -1.276919020347674996e+04 8.817999230121897199e+03 1.637321489889342411e+04 1.367114356112487621e+04 2.010877242265837776e+04 5.351172686395938172e+02 -1.664826597994006988e+03 9.386454291887510408e+03 5.329611814929934553e+03 3.265172789505505989e+03 3.785499483354553377e+03
3.976131823486625217e+05 6.377060952335279435e+05 1.418199084671551827e+05 1.303562558968004159e+05 1.431578026843859989e+05 8.400537084152140596e+04 8.371944310899113771e+04 8.184847884699527640e+04 7.536963396043013745e+03 2.076287245608204103e+04 3.781378490141212751e+03 -1.899665397227304538e+03 1.976364632070051084e+04 1.688439190747081739e+04 2.585099962495198270e+04 2.002304494004337466e+05 2.821678289441935340e+04 1.025347428955203213e+04 9.446992981987345047e+03 5.233728859859803379e+03 3.840653301496820404e+03 5.581938231406630621e+03 4.544931419539175295e+03 6.695386828847794277e+03 1.126483007446036754e+04 4.510056554953012892e+03 6.052067747234613307e+03 8.695751138634081144e+03 1.626246486334000565e+03 3.217703093471899138e+03 3.540463113947660313e+05 7.030272285304607067e+04 1.069273702659132105e+05 4.152964222286720760e+05 2.364520567445388006e+05 1.869339836486293643e+05 -8.769679215134912738e+03 1.055392456735449523e+05 -2.620644225511755212e+04 3.687542194453025149e+04 1.157100504564575203e+04 1.765011901452621532e+04 4.137595508986893401e+04 4.991113218149574095e+03 4.238099443767933553e+04 2.447361656610326609e+05 5.580808279711165960e+04 2.175900189790416698e+04 -4.918340420625125262e+03 5.167527205259310676e+02 1.789744258797119255e+04 2.185793439801816203e+04 -5.912071394111084373e+03 4.142603145837284501e+03 1.503967344595980103e+04 1.979177016151554426e+03 8.832082695325663735e+03 1.893515146055142759e+04 3.067184434339231416e+02 1.026819079884157873e+04
-1.262513311662023625e+05 -3.336421025247109355e+04 1.745704743949990370e+05 8.617511838458964485e+04 1.079754510729148751e+05 6.292298070866024500e+04 8.055358842480633757e+04 -3.194685259117425176e+03 2.846584710249767159e+04 2.414320866699174439e+04 6.103756913411232745e+03 -2.701395002819767228e+02 2.225088078546742690e+04 1.023117297385345955e+04 9.245567026134829575e+03 2.821678289441935340e+04 1.516060694370327401e+05 1.301215415878559543e+04 1.857682371251761651e+03 -5.555341626559392353e+03 1.226621051237852271e+03 9.740180779773154427e+02 5.624392766852185588e+01 8.058630309541111956e+02 3.750619592749234016e+03 3.275151245962115354e+03 3.800208110319814750e+03 1.382843244905733172e+03 2.449323481420136886e+03 9.336340846107028710e+02 3.310209505399077898e+05 2.445779369001092855e+05 1.129647034403471771e+05 -7.281710615682181378e+04 1.919800993251896580e+04 6.779899700961429335e+04 2.537544659879271785e+04 -4.450045990862663893e+04 1.425536622140566578e+04 -9.621057552010384825e+03 5.661255027136940043e+03 1.123214444434019424e+04 2.152432781558308488e+04 2.811706922958467476e+04 -4.904977710562121501e+03 5.054136262229432759e+04 2.157958272433470120e+05 2.406606610845192336e+04 -1.866918502300864020e+03 -3.755596491389253970e+03 -1.013858415856256033e+04 8.339144199304693757e+03 6.640817365477676503e+03 2.673715188928578755e+03 7.536147547993655280e+03 -1.384879578984782938e+03 -4.091366351911291076e+03 -8.072716027170400594e+03 4.976825845936002224e+03 1.625685609029802436e+03
-1.085889814286263863e+05 2.962811342918349546e+05 -5.415951897776110127e+04 5.718573655926973879e+04 1.502682895787770976e+05 3.281781024722958682e+04 2.888488965593017383e+03 2.663129455692342162e+04 1.806811951972524912e+04 1.338153809981855557e+04 1.781110527570540580e+04 1.552959905804826667e+04 1.791380581143969539e+04 3.551724736092956846e+03 1.041680987131888469e+04 1.025347428955203213e+04 1.301215415878559543e+04 1.302638788797700545e+05 1.770140503342897500e+04 2.204332883945871231e+02 7.777424776826864218e+03 9.598092010925112845e+03 4.015061253237833625e+03 3.333899925287089445e+03 3.751904360808825004e+03 7.797484754555131985e+03 2.760720292148657336e+03 2.733290970382774958e+03 -1.159075889656342952e+03 4.684816121885985012e+03 -8.009329604415014910e+04 -2.440079768411393161e+05 -3.763182408929779194e+05 2.084204224458452663e+05 1.151691760249788931e+05 5.940472440694554098e+04 1.355125289328304279e+04 5.169498051466557808e+04 7.882543301100043209e+03 5.574862153484277769e+03 3.599401192177578923e+04 1.118598233928055924e+04 2.000578248931110284e+04 2.909045985036466391e+03 6.110851603956958570e+03 1.096752242249677511e+04 1.044541323455336897e+04 1.536146182609289826e+05 2.053300925417629696e+04 -8.622574396007923497e+03 7.600141079131428341e+03 6.630841600797947422e+02 4.309771668391264939e+03 7.657724723434062980e+03 4.081346445673590551e+03 1.613272678052895390e+04 -6.009881330501006858e+01 6.714313349415732773e+03 -4.389132638780528396e+03 2.806468661388543296e+03
-6.203744842158415850e+04 4.331629666192848526e+04 1.030765121071626781e+05 1.175066820633244060e+05 1.496619317308046739e+05 5.009484657940099714e+04 9.922887474384258894e+03 2.680848097367849550e+04 1.082638537368467405e+04 2.347946702305689996e+03 1.155532327383710799e+04 1.492125022307660220e+04 1.296424240933026522e+04 -1.124275291332210600e+03 5.799886039247143344e+03 9.446992981987345047e+03 1.857682371251761651e+03 1.770140503342897500e+04 1.204028597651783784e+05 1.894761389230485293e+04 7.165124551442239863e+03 3.387887421291829924e+03 3.384092068039059995e+03 4.347860813131019313e+03 4.539489301937737764e+03 5.263243141386150455e+03 4.717609995904115749e+03 7.524773611248602947e+02 1.230673137110247950e+02 3.238586799490300109e+03 1.816997973385226578e+04 1.276826081025595049e+05 2.181649565571513813e+04 5.559400055679180514e+04 2.255745366327014926e+05 -3.033839718139856359e+03 8.461424799127114238e+04 5.966231203673673008e+04 -5.508189604184608470e+04 2.501838748082006714e+04 8.908878753219742066e+03 2.375356014514472190e+04 -5.017213502441181845e+03 -8.181900482074885076e+03 5.172547989289982070e+03 1.681621815545982827e+04 -4.331282890030242925e+03 2.424183159695845825e+04 1.464485904075310100e+05 2.634804250625689747e+04 1.635347992288635851e+03 -4.195775231619956685e+03 -6.405671807377533469e+02 2.940334452202122975e+03 4.662756765709257706e+03 8.358416392587654627e+03 7.847964729456451096e+03 2.607971876026981136e+03 -3.864183097948778595e+03 8.055439129101183653e+02
-4.612694218902819557e+04 1.668901105981945875e+05 1.184952026373714179e+05 3.550818403913962538e+04 -3.076473355331434050e+03 3.066207274674734435e+04 3.191723586531931142e+04 1.180560345545863493e+04 1.190259141987042676e+04 -5.407414783455974430e+03 -1.467229574662886762e+03 1.512807943417122806e+04 1.269300603025466626e+04 1.027732412801618693e+03 5.284405957309305677e+02 5.233728859859803379e+03 -5.555341626559392353e+03 2.204332883945871231e+02 1.894761389230485293e+04 9.664517625140219752e+04 1.363255944026108227e+04 4.243923694385566705e+03 3.269883026916682866e+03 7.108663493544773701e+03 3.603106395027567032e+03 3.595177421169486934e+03 1.989902881523024234e+03 4.343176042170546680e+03 5.016533498379807838e+02 2.129657571995963735e+03 4.620862869290692033e+05 -5.388981232834362891e+05 -4.522818221380649629e+04 1.597514710888371046e+05 1.050367586024146003e+05 5.122407389507219341e+04 7.582774176867566712e+04 8.832131268442914006e+04 -4.921995796280803916e+03 -1.686120660614166263e+04 -6.903973227995226807e+03 8.311699592438539185e+03 2.687873886077019506e+03 -5.208794729444906807e+03 5.778043846485254562e+02 2.248837939198146705e+04 -1.700952989818967762e+04 -3.752857275920695884e+03 2.604783302559435833e+04 1.226086151689487888e+05 3.367514868788174499e+04 -4.784214088131941025e+03 6.679945351307652345e+03 4.090189550803518159e+03 4.161936572540451493e+02 2.842385790303535941e+03 -3.142906359889104351e+03 1.124669351527611434e+04 4.095384438624208201e+02 6.169696451325495218e+03
-8.081299509068619227e+04 1.140509049196065171e+05 1.141734199398679630e+05 3.833181445628040819e+04 8.677677310099387250e+04 -4.477816569444225024e+03 3.477227322239459318e+04 6.328268575601600605e+04 1.457623287672534934e+04 6.911676513330671696e+03 7.006149008006858821e+03 1.938307701066880691e+04 1.494382846026020343e+04 1.437359874422117173e+04 7.068747705259344912e+03 3.840653301496820404e+03 1.226621051237852271e+03 7.777424776826864218e+03 7.165124551442239863e+03 1.363255944026108227e+04 8.050230561653400946e+04 9.899988893067089521e+03 3.789966731121166958e+03 5.050651149658715440e+03 4.160301443511954858e+03 1.834673656397431159e+03 2.585127960563253964e+03 1.365654315226455992e+03 -3.181824261171452122e+02 3.063055185862661347e+03 -3.166140283257351257e+05 4.731083580821526120e+05 2.242140879976120195e+05 2.959515894254937884e+05 -6.739833564722954179e+04 -3.066501184940009807e+03 3.339921462029595568e+04 8.440138678462561802e+04 2.531551017582264831e+04 1.719716454823271124e+04 1.915583413141552592e+04 2.420920372833820875e+04 2.695723607683739829e+04 9.966492497867531711e+03 1.821370009149007092e+04 5.961021259575409204e+03 1.087792959934854480e+04 3.034867697792401941e+03 1.104850137707042450e+04 2.596358191194881874e+04 8.931427960808580974e+04 1.650212496398758594e+04 1.052409214836694991e+04 7.338824665764369456e+03 4.796248513144376375e+03 2.091719931131503472e+03 2.254134780930711258e+03 3.952939534223865394e+03 3.416571799030245074e+03 4.529194447575430786e+03
-1.213575233119969344e+05 9.044273297107439430e+04 -7.974279474458062032e+04 9.975687059464109552e+03 9.208681005218093924e+04 1.941003260722125924e+04 -1.894202846001128637e+04 3.185025429174723286e+03 2.330032512814881557e+04 1.644650026856878685e+04 9.436572373607021291e+03 1.542433034833799138e+04 5.821463984744700610e+03 7.891204221811646676e+03 1.051596745098432984e+04 5.581938231406630621e+03 9.740180779773154427e+02 9.598092010925112845e+03 3.387887421291829924e+03 4.243923694385566705e+03 9.899988893067089521e+03 6.957082172489831282e+04 7.329745899035732691e+03 3.833913120698660350e+03 1.354503413719398168e+03 1.368802096138513889e+03 7.414891272297846854e+02 1.245837452851411172e+03 2.906814585685016027e+03 3.074927531153863129e+03 -1.434000252017234197e+04 2.323290758844882075e+05 -7.478678468431638066e+03 3.609468728531077431e+03 2.019665666261649167e+05 5.983328017483282019e+04 -5.881107413215156703e+04 1.469247317296266920e+04 5.381235619790122291e+04 2.933654429324826924e+04 1.345304088199518446e+04 3.228905389299979652e+04 -6.518647177203356478e+02 1.479342893142940193e+04 1.960294566822961497e+04 9.334738752126371764e+03 1.387217309638496545e+03 1.289212874729734904e+04 4.437795380703375486e+03 1.398072643223118757e+04 1.919495606161404430e+04 8.957550389574079600e+04 1.789322342509670125e+04 4.622327100170348785e+03 -7.563054120666552080e+02 -2.768967830713554577e+02 2.993480408027904559e+03 -2.578696390217492990e+03 2.695513286995618273e+03 1.127718491800086895e+03
-4.417835193402953155e+04 4.671538226605222735e+04 -1.348208723091090178e+04 -2.398072719751361365e+04 8.671290404157983721e+04 -6.360119937338535237e+03 1.048224952250854585e+04 1.135160371251066317e+04 8.183075521788631704e+03 1.312428765729633415e+04 1.412296181016715673e+04 4.938569384585496664e+03 1.359082161644808730e+04 2.805793840181737778e+03 7.162520562308716762e+03 4.544931419539175295e+03 5.624392766852185588e+01 4.015061253237833625e+03 3.384092068039059995e+03 3.269883026916682866e+03 3.789966731121166958e+03 7.329745899035732691e+03 5.691264123007432499e+04 6.537189399202444292e+03 2.570207432340885134e+03 3.102319543432580758e+03 -2.298965334091943902e+01 1.317295205114519831e+03 2.883238414158009164e+03 1.745549750694630347e+03 2.123702277020136826e+05 2.230775463631299208e+05 1.645542999305539706e+04 5.415692651748309436e+04 1.099679134013676521e+05 8.667074453633327721e+03 1.922820655522260495e+04 2.296330989424560539e+04 -1.358761142355611264e+04 2.412622033998080951e+04 1.703613163071278541e+04 1.690990712218423869e+04 1.180787113912417226e+04 3.522857786616499652e+03 2.882312002037865113e+03 4.344850676829763870e+03 1.060255174760540831e+04 3.771721927183325079e+03 -7.439896701252631829e+03 -6.365394251572934792e+01 9.720538843012478537e+03 2.115288355076123844e+04 6.536206765122076467e+04 1.220036403627501750e+04 7.502471280599941110e+02 -2.686346766070059857e+03 4.510971290724201026e+03 6.858669560532113792e+03 1.436425263548898101e+03 2.296767256943461234e+03
-5.188587522574702598e+04 8.671968299970790395e+04 1.199405096263222658e+05 5.934663594249790185e+04 6.289373992645143881e+04 2.894074323074698987e+04 3.077192753486602669e+04 3.229479451025084927e+04 1.468639027116807847e+04 9.328017145323543446e+03 2.070395305616549012e+04 5.838470168419740730e+03 4.692339816326333448e+02 8.758985747025506498e+03 1.085454868860034912e+04 6.695386828847794277e+03 8.058630309541111956e+02 3.333899925287089445e+03 4.347860813131019313e+03 7.108663493544773701e+03 5.050651149658715440e+03 3.833913120698660350e+03 6.537189399202444292e+03 5.294625045176887215e+04 8.208472422881550301e+03 2.363708844642143504e+03 4.467979027785318067e+03 1.912347052972375195e+03 1.988773063986698389e+03 1.445713393085853340e+03 -1.736342469787477166e+05 -1.525987578727241780e+05 8.607091648981758044e+04 2.322953979154508270e+05 1.844753562720392365e+05 2.950148078086464011e+04 2.984821084264117235e+04 1.200647514148392111e+04 5.630487575874857612e+03 -1.839631720724424667e+04 1.748462990062190147e+04 -8.064790364433768445e+03 1.921762585028474496e+04 2.427722224105295027e+03 1.265931990767909883e+04 3.366878352654963237e+03 2.390963962400569926e+03 8.897400819477508776e+03 1.663919488468642840e+03 1.320929937281669118e+04 1.023151086799046243e+04 2.317009882591081805e+03 1.178968585744631491e+04 6.310544774808982038e+04 8.605781674872858275e+03 9.493897298481431335e+02 8.530446488905925435e+03 1.599363521708537746e+03 2.200325580548959806e+03 6.677450098631430592e+03
-1.582937664014330658e+05 -1.222242903612268128e+05 -2.676737562915279341e+04 6.918552315061440459e+04 5.741556091276294319e+04 -9.782091823226239285e+03 3.845653288721668650e+04 2.856482769689438646e+04 1.937657788328926472e+04 5.792630988764108224e+03 -2.773779312061575411e+02 1.100390486596080336e+04 4.726268023371872914e+03 -1.704649342538408064e+03 4.578354930462933225e+03 1.126483007446036754e+04 3.750619592749234016e+03 3.751904360808825004e+03 4.539489301937737764e+03 3.603106395027567032e+03 4.160301443511954858e+03 1.354503413719398168e+03 2.570207432340885134e+03 8.208472422881550301e+03 4.436623180285928538e+04 5.554895801577946258e+03 4.184168019903807362e+03 3.918820916741250130e+03 1.913499599125109853e+03 3.754498645523725827e+03 -2.367610737819372152e+05 1.615419052864110563e+05 3.628805156702496333e+03 2.255446034229863726e+05 3.778457044012027472e+04 -1.000646984833108945e+03 6.346504471656007081e+04 5.389658866291742015e+04 3.837069638562120235e+04 6.342210242625614228e+03 1.101571484587001396e+04 2.076647787426825380e+04 2.558332854973892609e+03 -4.388452631545886106e+03 -4.005081102195409130e+03 1.886612463547486550e+04 1.253273329400250987e+04 3.388192351627133121e+03 6.984925547298988022e+03 4.442404950434319289e+03 1.405937655608040131e+03 1.802238253858244434e+03 2.713647498037093442e+02 4.156479848291797680e+03 4.857805918394895707e+04 7.423681104045506800e+03 6.113540421651727229e+03 6.112303033669380966e+03 1.731642888636636826e+03 5.652106833980602460e+03
6.850664015815937091e+03 2.370801804391783298e+04 -6.028685738210310228e+04 -6.304562493257880124e+04 6.306203393612648506e+04 -7.807222485377012163e+03 3.115094219265855645e+04 7.885428625093882147e+03 1.121287885604466101e+04 1.674665033947507254e+03 1.159075034353491719e+04 2.664314240284392781e+03 9.168922867704472083e+03 5.840707009703455697e+03 3.649578300122447672e+03 4.510056554953012892e+03 3.275151245962115354e+03 7.797484754555131985e+03 5.263243141386150455e+03 3.595177421169486934e+03 1.834673656397431159e+03 1.368802096138513889e+03 3.102319543432580758e+03 2.363708844642143504e+03 5.554895801577946258e+03 4.317374450830958813e+04 4.816758050882445787e+03 1.577429746627440863e+03 1.593119732973885448e+03 3.596639847900312816e+03 1.869093694904644144e+04 -1.977012570963955077e+05 -2.267705174021871062e+04 -3.979785483564370224e+04 1.603720323985406430e+05 -3.428613817132823169e+04 4.072211760123690328e+04 3.475952912913502223e+04 5.599155263796009194e+02 -3.919323070016224392e+03 3.679343056302458990e+03 5.789793655336037773e+03 5.027644713161016625e+03 -1.036909911224875032e+04 3.576931223261874038e+03 6.991158472474357040e+03 8.281745817474311480e+03 1.027702681622496675e+04 3.393615083864828648e+03 6.907951212030645365e+03 4.553864710841098713e+02 -8.466484165990849533e+02 4.312860188831281448e+03 2.702005286996930863e+03 4.527292835896015276e+03 4.729389183816854347e+04 9.429699174141404001e+03 5.498479312172713435e+03 1.224795469149052678e+03 5.131464750329651906e+03
