2.746116877410245538e+08 2.837333060093409568e+07 5.776447227129595354e+06 2.742304044412925839e+06 2.284014980543126352e+06 1.315435609146283241e+06 1.958196909272079822e+06 2.837434556819670834e+05 8.891618405118220835e+04 3.397486275479585311e+04 -5.649211700898644631e+04 3.884650567284308490e+05 -2.911934652358362291e+04 2.727275048781200894e+05 -9.510324428570628515e+04 -3.237579311675207646e+04 -1.751854251436471823e+05 -7.743057302570280444e+04 -7.700180159156953778e+03 1.298944817974020843e+05 6.231150079769417789e+04 4.683613333884027816e+04 -3.234167760365655340e+04 -1.397316298014266067e+05 -4.930666331072205503e+04 -7.879914367587282322e+04 -5.838678069439945102e+04 -1.160033313771216344e+05 3.279147764967950934e+04 4.204169798765208725e+03 9.457578048215155303e+07 -5.084184680127905682e+06 8.543813542012043297e+06 -3.303206798644216266e+06 6.616577532741126604e+06 -9.760092789381066104e+05 2.433983002441515680e+06 -1.239985349968298251e+05 -1.048853822311577154e+06 -3.690390294566946686e+05 -3.390384553381307051e+05 1.763076264833617024e+05 -5.854520405651576584e+05 8.538634460007261951e+05 -4.267176375946485205e+05 -9.874276205302881135e+04 -5.050783433351077838e+05 -3.171440792527502635e+05 4.876973793729541649e+04 6.713555850667391496e+04 1.783568421957512619e+05 1.948058018118123873e+05 1.223826587215647742e+05 -7.384946173205139348e+04 -3.452033343678107485e+05 -1.060121047537682462e+05 1.575362432887576688e+04 -1.716722942398977175e+05 1.969432452953224129e+04 -9.007343252636633406e+04
2.837333060093409568e+07 1.194105983487658799e+08 1.462833426717611961e+07 4.701607168138318229e+05 2.016738406954040052e+06 -5.553812967964275595e+04 9.640760859004581580e+05 3.733493940661621746e+05 1.645533464076073142e+05 -8.474846817057346925e+04 1.906211957709852431e+05 2.968488112642740016e+05 1.725029084041727183e+05 6.999354678872961085e+04 6.864306934412881674e+03 1.973711660774925258e+05 4.376692402527166269e+04 -9.322671231895673554e+04 -4.660320374961070775e+04 3.632293698306765236e+03 6.854995087459578644e+04 8.509422814669887885e+04 6.176029889592612017e+04 -5.044278347318113083e+04 2.713017175432115437e+03 1.669043131476076378e+05 9.195615261122169613e+04 7.712242943912508053e+03 1.209889999109840574e+04 7.666600791875780851e+04 2.450608369559072331e+07 1.160696518739959598e+08 2.919240590601932723e+06 -3.702366702901414596e+06 1.257907016104214359e+06 1.523026292660975130e+06 1.971596820224386407e+06 9.975417201409635600e+05 -7.723651921846056939e+04 -3.240202818941897131e+05 2.954059629725455306e+05 2.788181563423997723e+05 3.467457524928494240e+05 -3.143389678671882721e+05 -1.583092799819931679e+05 5.221866092906037229e+05 3.564901141208485351e+05 -1.010451894527089316e+05 -2.278632872778019009e+04 -1.244469255076543923e+05 -2.072238148361977437e+04 3.069220470674363314e+05 2.345012008695791155e+04 -7.634034717155038379e+04 -5.795549641268813139e+04 7.655186563866557844e+04 -2.241974355308437953e+04 -1.319668905822990346e+05 7.728525717602632358e+04 1.365841255577200209e+05
5.776447227129595354e+06 1.462833426717611961e+07 5.126508098120631278e+07 5.452606645314442925e+06 8.964144376221521525e+05 4.628931988733720500e+05 -3.393359154244742822e+05 3.170678731429880718e+05 3.734780471109566861e+05 2.268428902205770719e+05 2.117750455584227457e+05 4.273855168724537361e+05 1.375767155715553090e+05 1.346054601765752886e+05 4.202522440350818215e+03 1.782423912293871399e+05 1.136091941406640544e+05 -8.325456250782805728e+04 1.026151671930186712e+05 1.443787019220088841e+05 1.180646301896544610e+05 1.946286885757119308e+04 3.608161079720687121e+04 -4.016951412027481638e+03 2.982537220267719022e+04 3.307400203503603552e+04 7.242166845394264965e+04 1.907632871049066671e+04 -1.278481407882259009e+04 -1.533520281047268554e+03 8.883725511357437819e+06 1.621209311611474678e+07 6.163462265576247871e+07 -1.703093135263497708e+06 -1.261193505559490222e+04 1.115297018863009755e+06 -2.393733403061490972e+05 8.868112034217634937e+05 7.747833995878611458e+05 9.511092110769404098e+05 7.522563716196495807e+05 5.284843821521356003e+05 1.601533628873441194e+05 1.523050016758978309e+05 2.966228474344222195e+04 3.428537689900310361e+05 2.969813965629663016e+03 -1.951699633970482682e+05 1.364353429609973391e+05 9.470426057720022800e+04 2.836182228411471588e+05 5.320008270348023507e+04 8.606221010579451104e+04 -6.279920325616169066e+03 -7.824336773950581846e+04 -1.092245643596189766e+05 3.615390262917653308e+04 -3.276754432811042716e+04 -2.034565941931608904e+04 5.722027545169616496e+04
2.742304044412925839e+06 4.701607168138318229e+05 5.452606645314442925e+06 2.069493015322756022e+07 2.077083609472702956e+06 -5.303018528832249285e+04 -5.502373230974870239e+04 6.505742253749317024e+04 1.686471387382252142e+05 4.560125642727934610e+04 -4.595244292849650083e+04 1.419534307428584434e+05 5.788587251022159035e+04 2.068318607256641917e+04 -2.209217623397429634e+04 5.785473325423830829e+04 5.155373357303572993e+04 -2.838201175615871034e+04 4.094358721311173213e+03 -7.878804895669883990e+03 -5.709874716830299803e+03 5.208859545074727748e+02 -6.918241539331764216e+03 -4.893363875233802537e+04 4.057171643641508126e+04 4.127507286725048471e+04 2.288744172701293428e+04 4.880818618494185648e+04 1.627528825175064776e+04 -1.553028265549048592e+04 3.794349848122873344e+06 1.489552056977720698e+06 3.774412214270599186e+06 2.974585332287118956e+07 1.155882090591518907e+06 -3.537545951629935007e+04 -3.287222801685226150e+05 -5.881514892843794951e+04 2.896845893538478413e+05 1.581991631631719356e+05 7.100772844665196317e+04 1.748803628710092453e+05 7.006300794719169789e+04 8.419101493039019988e+04 -2.597875612767703569e+04 -2.349996255431843747e+04 8.184294918518823397e+04 1.191908019601980777e+05 7.830765823210230155e+04 1.083944426185281627e+05 -5.277540058251989831e+04 -9.306140481866813207e+04 -4.646758573362656171e+04 -7.241315340440651926e+04 4.277845565984168934e+04 4.114513070504388452e+04 1.469136486827777480e+04 5.499162330763732461e+04 5.422967483386260028e+03 4.471227475742577553e+03
2.284014980543126352e+06 2.016738406954040052e+06 8.964144376221521525e+05 2.077083609472702956e+06 8.827880868756255135e+06 8.054577208099249983e+05 -6.179374212492905644e+04 7.573967019957234152e+04 -3.797787106650350779e+03 -3.852380425912513601e+04 7.864125454389560036e+04 6.118681027388347138e+04 3.530955731720717449e+04 3.054972809170396431e+04 1.656149805067890702e+04 4.317382943591336516e+04 3.218585791927676837e+04 -6.690012983844872906e+03 1.421079194265874321e+04 3.293117295235733036e+04 5.595032847442491402e+03 2.821716373222512993e+04 2.937069615063832680e+04 4.133727995623530660e+03 2.415426544047402422e+04 1.621967810517076578e+04 1.429034511292520983e+04 -3.549574641673090809e+03 7.486915726451439923e+01 5.836092851021667229e+03 1.332784903834411176e+06 2.508954758512794040e+06 2.016675281679814449e+06 4.272831869735366665e+06 1.346693384878303669e+07 6.553484332238131901e+05 -2.431172888350094727e+05 -9.191339382738919085e+03 -2.513493175671556382e+05 -1.999413663748069084e+05 1.437932952742392954e+05 6.364422199667152017e+04 3.319951246439228998e+04 2.547324640139595431e+05 4.098565146056709636e+03 -1.297220050608839483e+04 9.970941682864000904e+04 1.371774459093157566e+04 1.421734647389495331e+04 2.318007161796943547e+04 -1.029440429592237524e+04 9.105818697197957954e+04 3.943344621594447381e+04 6.020076881764460268e+03 3.059375917115336779e+04 3.007430500493621366e+04 2.006001452561744009e+04 1.703850372818836695e+04 7.042096560683383723e+04 8.498684346021291276e+03
1.315435609146283241e+06 -5.553812967964275595e+04 4.628931988733720500e+05 -5.303018528832249285e+04 8.054577208099249983e+05 4.758425898524363525e+06 6.886212387774047675e+05 1.924108347777213203e+04 1.262996453647587914e+05 1.022278542752230715e+05 2.951344269790759063e+04 1.073798295007070847e+05 4.204704180310592346e+04 5.533739240350921318e+04 3.738089415836572880e+04 8.004625204723715433e+04 6.008216104030857969e+04 4.260591783450310686e+03 1.409921687410074628e+04 1.951975153361931370e+04 1.621700722726147796e+04 3.799493239710110356e+04 2.110703169532407264e+04 1.480106064818715458e+04 2.596400242679554140e+04 1.378738915357737278e+04 -3.135388535298979605e+03 9.825650346133737912e+03 1.624967505476822225e+04 -2.453141598665447873e+03 -5.655975912794751348e+05 -9.261430913341104751e+05 9.507015050688534975e+05 1.878706212765508099e+05 1.559056453928651055e+06 7.222258671637990512e+06 1.074282114359707572e+06 -5.092934479027698399e+04 2.408190687429673562e+04 -7.565875535898264388e+03 3.920638089051482530e+04 2.166359028214677237e+05 1.434219823459091422e+05 9.892246505414332205e+04 3.650291091991682333e+04 1.103156443034950644e+05 1.161080805581515015e+05 -1.170104990363560864e+04 -7.272520608148268366e+03 2.765854401501427856e+04 2.183165864553871143e+04 5.193623230457875616e+04 2.511075725657677685e+04 3.700825468497776455e+04 8.123674764402260189e+04 5.254875622741389816e+04 5.794159680643127103e+03 1.182045126913268905e+04 1.941922002106501168e+04 7.139701442897722700e+03
1.958196909272079822e+06 9.640760859004581580e+05 -3.393359154244742822e+05 -5.502373230974870239e+04 -6.179374212492905644e+04 6.886212387774047675e+05 2.700601190460945480e+06 5.319861356653053081e+05 9.948304748630688118e+04 6.705048306432126265e+04 5.261522277228768507e+04 1.559305793494984391e+04 2.791257101983699249e+04 5.979557134308241075e+04 3.943792479438102600e+04 3.274633585234850034e+04 1.514245280750130769e+04 2.537669501185880290e+04 2.019134732571546556e+04 2.536044893465658788e+03 1.949226538551592967e+04 1.038905623967260181e+04 2.606144090054569460e+04 1.301272160022571006e+04 1.117464596495404112e+04 -1.564642310361309228e+03 -1.806657175500684616e+03 7.965426996237767526e+03 6.880345131581788110e+02 1.006566083584166699e+04 1.792172689921189100e+06 -7.592765482350527236e+03 -1.420906670723910443e+06 -1.524911599121972395e+05 -3.144119730017482652e+05 8.459942877503826749e+05 3.926665458726353478e+06 5.437420209194654599e+05 -7.051429605484656349e+04 -1.181184271554010365e+03 8.171334990790821030e+04 5.425678988610213855e+04 1.632758775987473564e+04 7.496145285961721675e+04 1.238571520292248024e+05 -1.601398763252535900e+04 -1.725331139323427124e+04 4.456829183798884333e+04 4.310529697019019659e+04 6.926231521485066878e+03 3.900508757438755856e+04 6.993936868161451457e+03 3.970270084967792354e+04 2.553484393175105652e+04 3.067809165927930007e+04 9.415069317729199611e+03 1.230242334569266677e+04 3.789289390051150258e+04 5.879835722722370519e+03 2.781714337793870072e+04
2.837434556819670834e+05 3.733493940661621746e+05 3.170678731429880718e+05 6.505742253749317024e+04 7.573967019957234152e+04 1.924108347777213203e+04 5.319861356653053081e+05 1.646993318055482116e+06 1.901913080612467602e+05 5.939405095852592058e+04 3.986399212166395591e+04 4.780859491439096746e+04 6.209932875186927959e+03 3.510758311167215288e+04 -4.449034678586215705e+03 -2.493927244482081733e+03 2.142763669779839984e+04 8.732800098863332096e+03 1.176452045853944219e+04 1.696949555638764650e+04 1.794717180315198129e+04 1.297398277725909793e+04 1.490405613503995119e+04 5.524377552962600021e+03 1.693381986223932472e+04 6.716833939251052470e+03 1.342798819568378531e+04 2.310961852243911198e+04 4.701698436997149656e+03 3.305486292730044624e+03 9.319790617844122462e+05 5.114794149936214671e+05 5.362228419042682508e+05 1.684319194867518090e+05 -4.456848945403288235e+04 -7.410223937106320227e+04 8.491478578742814716e+05 2.424150219914712477e+06 1.049609108480193390e+05 1.012873868567738973e+05 7.153266611288399145e+04 8.593666240326847765e+04 3.547259743689466995e+04 4.836721597310119250e+04 3.635422444542035373e+04 1.185704050436753823e+04 2.791688599190845707e+04 -3.359305986007363572e+03 5.484722455817968694e+03 -4.736667673313119735e+02 1.633049506836379624e+04 4.109870951611524652e+04 1.495816010951746648e+04 4.165100300557213814e+03 1.554552351856125097e+04 9.300389757373111934e+03 2.710885575048898318e+04 2.243605243485389656e+04 -9.072730492202335881e+03 -9.796340090834368311e+03
8.891618405118220835e+04 1.645533464076073142e+05 3.734780471109566861e+05 1.686471387382252142e+05 -3.797787106650350779e+03 1.262996453647587914e+05 9.948304748630688118e+04 1.901913080612467602e+05 9.159736331911993911e+05 1.449213783814942290e+05 4.274080812406121549e+04 1.513533611884509628e+04 1.641896801460009010e+04 1.117057944277317074e+04 8.666438443734936300e+03 -3.950411072358036563e+03 2.457074736250645219e+04 2.067606040836268949e+04 1.821808250439174299e+04 1.170107986241351318e+04 6.708569945767886566e+03 1.808937430400300218e+04 5.886942668634020265e+03 4.317740041822035892e+03 6.019376645997401283e+03 -7.364020264697832317e+03 5.276605234805781947e+03 2.659291074280761222e+03 8.997031104032465009e+03 5.636645599155330274e+03 -9.527851304718760366e+04 9.088480724346176721e+05 2.639480497850732063e+05 1.597764608300256659e+05 -1.570435593364730885e+05 3.026289875153708854e+05 1.956987279559816525e+05 2.284374277116323938e+05 1.320105507116065361e+06 1.279643010334092396e+05 7.608366633210326836e+04 2.029879849873749481e+04 4.350399160850841872e+04 -2.995052151173782022e+03 2.511928742806852370e+03 9.855155605048477810e+03 3.482361308831529459e+04 1.610252919091732838e+04 3.349917301439695439e+04 1.408337919249868901e+04 1.744935151488975316e+04 2.044690884385942627e+04 9.366464154905328542e+03 -2.327519813678333776e+03 6.448467017104213483e+03 -9.521920625802420545e+03 2.569154608200411076e+03 4.557953034219711299e+03 2.397724743380479413e+04 1.747964017982398946e+04
3.397486275479585311e+04 -8.474846817057346925e+04 2.268428902205770719e+05 4.560125642727934610e+04 -3.852380425912513601e+04 1.022278542752230715e+05 6.705048306432126265e+04 5.939405095852592058e+04 1.449213783814942290e+05 5.973199271253744373e+05 7.658259523413883289e+04 1.961820334592347353e+04 -1.248503653636572562e+04 3.021852591828050663e+03 1.159063709715581899e+04 1.178692032703574841e+04 2.131080433770866875e+04 1.462695171515373659e+04 6.040495404384254471e+03 1.186251845931398202e+04 8.076779379491950749e+03 7.676019015176644643e+03 1.317189644439880612e+04 7.152420791366635058e+02 7.109696422257505219e+03 1.162560776819301054e+03 5.405783440969841649e+03 9.286449608993045331e+03 5.923019975486340627e+03 1.326403462869371879e+03 4.995266270097441156e+05 8.059241502071477589e+04 -7.620635842397764463e+03 -2.505538035034961940e+05 2.421802099008885853e+04 1.436841940747917106e+05 7.514632022434713144e+04 1.475503875064557360e+05 1.938851413540850917e+05 8.266274935406378936e+05 7.816145620487668202e+04 3.581288803912560252e+04 1.386243634886661312e+04 1.209555285377096152e+04 3.672659988651594904e+04 3.705414410941440292e+04 2.814187082915987048e+04 -2.505216259716505647e+03 9.182782514375743631e+03 1.934634749252277106e+04 1.778219628183010718e+04 1.809939728657178421e+04 3.692588392066334927e+04 -7.763523937380097777e+03 1.143687849603590803e+04 1.148631210665224717e+04 -3.203266580171768396e+01 2.074339919042613474e+04 3.460971335993418052e+03 -6.311445085605417262e+03
-5.649211700898644631e+04 1.906211957709852431e+05 2.117750455584227457e+05 -4.595244292849650083e+04 7.864125454389560036e+04 2.951344269790759063e+04 5.261522277228768507e+04 3.986399212166395591e+04 4.274080812406121549e+04 7.658259523413883289e+04 3.814351514284882578e+05 4.336957449347417423e+04 9.335646004151751185e+03 7.800706790798201837e+03 9.922611323184702997e+03 1.012008095895823317e+04 1.801110068913116265e+04 1.041744248736674126e+04 1.029356407462921743e+04 5.657026717159926193e+03 1.115405422264294657e+03 7.620530497975349135e+03 9.329596099151183807e+03 3.639495151351068216e+03 -2.559074565480138972e+03 -1.339566644912842321e+03 2.773526364861286311e+03 -7.326160923882829366e+02 5.767604060978860616e+03 1.178853056132461006e+03 1.095304402214506117e+05 3.802296360068214708e+05 1.020446225905274041e+05 -1.414066521668451605e+05 1.445090928425413949e+04 -1.607804200157660671e+04 1.267925204663265758e+05 8.833797233337977377e+04 7.504004805151650544e+03 7.324387848615543044e+04 5.411670889494144358e+05 5.211832527456197568e+04 5.710874749392130070e+03 4.896873677239468634e+03 2.558820371585676185e+04 7.813901223972036860e+03 2.557570173889518992e+04 -2.382198904313985167e+03 7.075242871891240611e+03 1.266816717276677082e+03 7.193236774366429017e+03 1.948392304891301683e+04 2.041585229978531788e+04 1.994404782831551074e+03 -1.277804322567103327e+03 -2.114791725854122433e+03 -1.933807181597634099e+03 -1.202614798939630191e+03 1.245674736614619906e+04 3.972873479500422036e+02
3.884650567284308490e+05 2.968488112642740016e+05 4.273855168724537361e+05 1.419534307428584434e+05 6.118681027388347138e+04 1.073798295007070847e+05 1.559305793494984391e+04 4.780859491439096746e+04 1.513533611884509628e+04 1.961820334592347353e+04 4.336957449347417423e+04 2.597106274942212622e+05 4.633040350429546379e+04 9.900708403383196128e+03 4.891299955673584009e+03 6.847601734749710886e+03 1.467802525008069279e+04 7.320096551833253216e+03 4.193960127571332123e+03 5.443800121672818932e+03 3.523232287505486966e+03 4.052001573803506744e+03 3.317748070729697247e+03 3.487234596484137455e+03 -9.232462016116702443e+02 -1.371806266220801490e+03 -4.125780080544579505e+03 3.188878646138314252e+03 3.330660579239342496e+03 1.028595757956355101e+03 -4.050699953924572765e+04 4.741488979055879754e+05 5.394939151183341164e+05 -4.533537959678255720e+04 1.438727171659721935e+05 1.060194304073447129e+05 3.655889798483475170e+04 1.118716521817633475e+05 4.637583434150290850e+04 4.109705258417667937e+04 6.825688952622663055e+04 3.782985076671201969e+05 5.313432372016628506e+04 1.344804927897149719e+04 1.818710716164292899e+04 2.161925831659280811e+04 1.547493062494964579e+04 2.971759441979482745e+03 1.822532708368724343e+04 1.240144672954550697e+04 5.914369466690010995e+03 2.399549969485672045e+04 7.677084827696972752e+03 8.027137384764077979e+03 6.558275953046494578e+03 7.389795483872010209e+02 -1.290479268217387471e+03 3.784542634300597001e+03 5.740637800154747310e+03 5.451745683630820167e+03
-2.911934652358362291e+04 1.725029084041727183e+05 1.375767155715553090e+05 5.788587251022159035e+04 3.530955731720717449e+04 4.204704180310592346e+04 2.791257101983699249e+04 6.209932875186927959e+03 1.641896801460009010e+04 -1.248503653636572562e+04 9.335646004151751185e+03 4.633040350429546379e+04 2.158611250580596970e+05 3.281833557426419429e+04 9.488012389230283588e+03 2.185435478121204142e+03 5.486408038953895812e+03 1.710459080564727401e+03 5.625078571174379931e+02 7.694202361390482565e+02 -1.940175150516842564e+02 1.387743866151772636e+03 3.634928634647888430e+03 3.217474942221940637e+03 1.311911179787389756e+03 2.315775883534248806e+03 1.923996761550363544e+03 7.457233053046185205e+02 3.285976603328236365e+02 2.410272240818089358e+03 -6.011974087472314714e+05 5.028614126298814081e+05 3.055066995231289184e+05 1.031371914432925696e+05 -1.155604570643314510e+05 1.414995569557821909e+04 2.018508474116526122e+04 4.744603344549354915e+03 -1.263390277118744234e+04 -4.158324830905978888e+04 2.542824283129704054e+04 8.600024817494041054e+04 3.108743842233345495e+05 2.272742343492008513e+04 2.133715535733188881e+04 1.644893076170538552e+04 3.473372313147657223e+03 6.965426706243201807e+03 4.891233544980632360e+03 1.439942434783690715e+03 -2.753357775585824129e+03 1.417560661060332677e+03 -1.840202495461694753e+03 6.895365141623024101e+03 8.988581797008093417e+03 7.778658296237000513e+02 4.624049400415472519e+03 6.079763160353139938e+03 -1.053783953470567525e+02 4.514723199002653928e+03
2.727275048781200894e+05 6.999354678872961085e+04 1.346054601765752886e+05 2.068318607256641917e+04 3.054972809170396431e+04 5.533739240350921318e+04 5.979557134308241075e+04 3.510758311167215288e+04 1.117057944277317074e+04 3.021852591828050663e+03 7.800706790798201837e+03 9.900708403383196128e+03 3.281833557426419429e+04 1.522010896600057022e+05 3.336872663653626660e+04 1.905006173855847919e+03 7.086530266292803390e+03 9.837677772835435462e+03 1.155837275489799140e+04 6.165112267194559536e+03 3.261295065013845488e+03 3.060674160058243160e+03 1.122209567591552513e+03 2.974532705101234114e+03 5.720037281822160367e+03 -8.027653897687565632e+02 -7.022820992210480426e+02 1.451107195034527422e+02 4.475414850154653323e+03 1.981805174938629307e+03 -2.016476703520910523e+05 7.432019281007842801e+04 3.591424544146816479e+05 9.662203103496605763e+04 4.635835947154495079e+04 5.590824978022928553e+04 9.810381222441986029e+04 1.969431908192280025e+04 1.677378182674346681e+04 -3.014884194369089528e+04 -1.359102966645638298e+04 5.155453056253056275e+03 5.275531723378806782e+04 2.147140961175567063e+05 4.579019204702683783e+04 2.674762301740934618e+03 5.149366493078902749e+03 1.102300441468495774e+04 1.673942647455740735e+04 1.299917003889185878e+02 5.629580186369375042e+03 7.762122007480053981e+03 2.992226745300570656e+03 1.306637455558503098e+04 1.302325682473637971e+04 1.150835280751187611e+03 -6.265816889084242121e+02 2.652826261651541699e+03 6.747175203748910462e+03 3.509324499259806089e+03
-9.510324428570628515e+04 6.864306934412881674e+03 4.202522440350818215e+03 -2.209217623397429634e+04 1.656149805067890702e+04 3.738089415836572880e+04 3.943792479438102600e+04 -4.449034678586215705e+03 8.666438443734936300e+03 1.159063709715581899e+04 9.922611323184702997e+03 4.891299955673584009e+03 9.488012389230283588e+03 3.336872663653626660e+04 1.208401661232515326e+05 1.792333654095682869e+04 8.391362961907912904e+03 7.279124548662428424e+03 4.581243814917808777e+03 7.809025092760040934e+03 6.330327815450742492e+03 1.248618479820707535e+03 2.162701406539974869e+03 2.844186833536389258e+03 2.515297007297657274e+03 9.902946860571048546e+02 1.980844057525893959e+03 1.157550371789340034e+03 2.765928722897660009e+03 -5.519613010680429852e+02 -3.934023745671369834e+05 -2.469848505719352979e+05 1.373076397784264118e+05 8.245631602456966357e+04 5.334913929769122478e+04 7.308626503581652651e+04 7.471032181165214570e+04 -3.133760784936751588e+04 4.417751297496704501e+04 2.380339947779510840e+04 -4.705796781720596300e+03 -6.861724077097372174e+03 -4.068684347336854898e+03 4.322950232065592718e+04 1.649091954131133971e+05 1.687397088456055280e+04 1.289950321826729851e+04 6.550214012784479564e+03 3.712369524146333788e+02 5.899176752834546278e+03 7.438015561430035632e+03 2.385074059953573851e+03 6.674419937510343516e+03 6.166958207894765110e+03 3.058424743411654617e+03 -1.340486732865568683e+03 1.513371954330117205e+03 2.173639757000327336e+03 1.000549584368442879e+03 -1.442339548171006072e+03
-3.237579311675207646e+04 1.973711660774925258e+05 1.782423912293871399e+05 5.785473325423830829e+04 4.317382943591336516e+04 8.004625204723715433e+04 3.274633585234850034e+04 -2.493927244482081733e+03 -3.950411072358036563e+03 1.178692032703574841e+04 1.012008095895823317e+04 6.847601734749710886e+03 2.185435478121204142e+03 1.905006173855847919e+03 1.792333654095682869e+04 9.643554204019994359e+04 1.492806267987833053e+04 4.844540045024787105e+03 3.567172968908058920e+03 3.065703131597030278e+03 1.913520684420133648e+03 2.732143567988138784e+03 3.115627974957299102e+03 1.445481188425801520e+03 3.335449273510403600e+03 2.827095567536557610e+03 2.492931996390738732e+03 1.222545690150793689e+03 5.412141892612215770e+02 1.010320252958919127e+03 -8.197964111374714412e+04 1.138937680054925440e+05 3.465504792744242586e+05 1.792221397883823956e+05 1.139729756209087063e+05 1.112901526302933198e+05 1.111983986642012605e+05 7.319921985628034236e+03 3.346626181351622336e+02 8.736892098040703786e+03 -2.065529126501538485e+03 5.076171951509045357e+03 -2.092465358497263151e+04 -1.293877628607137922e+04 2.296384784198624038e+04 1.274960922962040786e+05 1.261845391499882680e+04 -1.682291845065754615e+03 3.498056892508423516e+03 3.185971122202588958e+03 -3.146209717275941330e+03 7.168875726186536667e+03 8.547600858629952199e+03 3.874789399157780736e+03 2.826298885801432789e+03 8.354298192298075492e+02 7.571782303131900562e+02 4.557208223256519886e+03 1.826768777726464123e+03 -1.076692268450322899e+03
-1.751854251436471823e+05 4.376692402527166269e+04 1.136091941406640544e+05 5.155373357303572993e+04 3.218585791927676837e+04 6.008216104030857969e+04 1.514245280750130769e+04 2.142763669779839984e+04 2.457074736250645219e+04 2.131080433770866875e+04 1.801110068913116265e+04 1.467802525008069279e+04 5.486408038953895812e+03 7.086530266292803390e+03 8.391362961907912904e+03 1.492806267987833053e+04 7.992144994391321961e+04 1.513663583349354121e+04 5.391441942070093319e+03 -1.223682720573313190e+03 3.172460956360705040e+03 3.103775001446081660e+03 4.085573226239634096e+03 1.932572882467765567e+03 4.805145419473950824e+03 -1.749842063276717283e+02 8.036747796894286466e+02 7.814470450856526895e+02 2.820792743377441639e+03 4.408892822136865561e+02 -1.724093405879107013e+05 1.523783709018864101e+03 9.944778628842295439e+04 3.469719678268835560e+04 2.835033616938575142e+04 8.196167146473014145e+04 -7.440145662710822762e+03 1.593706628235879361e+04 3.550639203082842869e+04 4.350948843731220404e+04 3.102561353504470026e+04 2.735751422649592496e+04 1.131355334678540021e+04 -1.152622667452385713e+03 2.122674308202685279e+04 1.320923286322957210e+04 1.110619032902224717e+05 1.294098972616766332e+04 5.451715176676928422e+03 -2.584112061364773581e+03 7.492486050082785368e+03 3.762864198854545975e+03 -5.622238870510250308e+02 2.878391325205317116e+03 7.648558048013504049e+03 -3.592402912780870338e+03 5.814815680560260262e+03 2.906445163694805615e+03 3.876525968917819682e+03 2.867634009237332975e+03
-7.743057302570280444e+04 -9.322671231895673554e+04 -8.325456250782805728e+04 -2.838201175615871034e+04 -6.690012983844872906e+03 4.260591783450310686e+03 2.537669501185880290e+04 8.732800098863332096e+03 2.067606040836268949e+04 1.462695171515373659e+04 1.041744248736674126e+04 7.320096551833253216e+03 1.710459080564727401e+03 9.837677772835435462e+03 7.279124548662428424e+03 4.844540045024787105e+03 1.513663583349354121e+04 6.288155130514685152e+04 9.871331548770835070e+03 -8.761552689377632532e+02 1.490171358695566596e+03 2.504917006508458144e+03 1.605752969291095724e+03 1.394316248053593426e+03 3.713433425105672541e+03 4.050355157270071231e+02 1.167341245171763831e+03 1.892127302166376808e+02 8.930918059432259497e+02 6.852126018606678599e+02 -1.938964189136550995e+05 -1.027446440164786618e+05 -1.834706636649109423e+05 -1.219782877953648858e+05 3.773631389229016804e+03 -1.382999763676992643e+03 2.661013367222807574e+04 -1.810996503977106840e+03 4.398719478882004478e+04 2.577394546644187358e+04 -7.213783046069152988e+03 -3.588095446661541700e+03 -4.055166316481632748e+03 3.304222116163177361e+03 8.069957699788224090e+03 -4.233702685322620709e+03 8.074736108615271405e+03 8.204432124613209453e+04 1.240103386484895782e+04 3.779271372964927650e+03 3.894330169163989922e+03 -4.490812201079034821e+03 -6.068582574565288269e+03 -4.015628717067980688e+03 8.814565264360928268e+03 9.858055341460446641e+01 1.207934065184891324e+03 5.641754567434519458e+02 4.828809256052188061e+02 3.151289142303823496e+02
-7.700180159156953778e+03 -4.660320374961070775e+04 1.026151671930186712e+05 4.094358721311173213e+03 1.421079194265874321e+04 1.409921687410074628e+04 2.019134732571546556e+04 1.176452045853944219e+04 1.821808250439174299e+04 6.040495404384254471e+03 1.029356407462921743e+04 4.193960127571332123e+03 5.625078571174379931e+02 1.155837275489799140e+04 4.581243814917808777e+03 3.567172968908058920e+03 5.391441942070093319e+03 9.871331548770835070e+03 5.131919373950018053e+04 1.132701473219191394e+04 2.973009342268606360e+03 4.565536194219963363e+03 4.434572986263470739e+03 1.292183591191428150e+03 8.438171787679682438e+02 1.575243993491214951e+03 1.740930243389133693e+03 4.352952529164135740e+02 2.232552151647204482e+03 1.088217605352184819e+03 -3.108585071724446607e+05 -7.468216748713211564e+04 1.526776206409271399e+05 -1.192582894239594862e+04 -1.931825315066267285e+04 5.767952356265634444e+04 2.597871508561919109e+04 -1.052112420520014211e+03 2.933968059725534476e+04 5.265709366548913749e+03 1.136316091253919512e+04 5.383806565149026028e+03 -4.352482869737324108e+03 9.537510043070362372e+03 7.359348360817915818e+03 -7.195979343284456320e+01 4.427209744651383517e+03 5.370157527638488318e+03 6.342164903383603814e+04 1.016579145883013007e+04 2.663999194786461885e+03 6.906487463532221227e+03 3.725791152999244332e+03 3.355138604565458991e+03 2.449100643756879435e+03 5.134521108675509140e+02 1.593272398194115340e+03 2.608110773069524839e+03 3.402963551309736886e+03 1.207537309874850507e+03
1.298944817974020843e+05 3.632293698306765236e+03 1.443787019220088841e+05 -7.878804895669883990e+03 3.293117295235733036e+04 1.951975153361931370e+04 2.536044893465658788e+03 1.696949555638764650e+04 1.170107986241351318e+04 1.186251845931398202e+04 5.657026717159926193e+03 5.443800121672818932e+03 7.694202361390482565e+02 6.165112267194559536e+03 7.809025092760040934e+03 3.065703131597030278e+03 -1.223682720573313190e+03 -8.761552689377632532e+02 1.132701473219191394e+04 4.709444313607736694e+04 8.629101145204460408e+03 3.863513304478868804e+02 1.787421456227040380e+03 2.221228467895777158e+03 1.776945311930927801e+03 1.079658931484937966e+03 2.403088826323854846e+03 1.484909313666737717e+03 1.430319517459664439e+03 1.773561228185295249e+03 -1.374507454889694345e+05 -1.502347826845086238e+05 1.268409292170139379e+05 -8.110366253356305242e+04 1.192299788808076482e+04 4.587986000195403903e+04 -3.156623819276671838e+03 -1.450429350540955511e+03 3.237665468755222946e+02 1.205466391757273050e+04 3.968534213443896078e+03 1.020917942615072752e+04 9.164388126930801945e+02 7.084848268781094703e+03 1.718379646232560117e+04 1.622411811066138171e+03 -1.856549672579830030e+03 -5.449840375604220753e+03 1.279119154385307957e+04 5.956851033426931826e+04 7.351132621559538165e+03 6.443450420394424327e+02 5.575314636559298378e+03 3.773863806747040599e+03 2.686093089469491588e+03 2.637844746503736133e+03 2.522907827640426149e+03 1.616574575692196504e+03 3.180352624182953150e+03 8.552007581668960938e+02
6.231150079769417789e+04 6.854995087459578644e+04 1.180646301896544610e+05 -5.709874716830299803e+03 5.595032847442491402e+03 1.621700722726147796e+04 1.949226538551592967e+04 1.794717180315198129e+04 6.708569945767886566e+03 8.076779379491950749e+03 1.115405422264294657e+03 3.523232287505486966e+03 -1.940175150516842564e+02 3.261295065013845488e+03 6.330327815450742492e+03 1.913520684420133648e+03 3.172460956360705040e+03 1.490171358695566596e+03 2.973009342268606360e+03 8.629101145204460408e+03 3.934046335735569301e+04 8.225234551577046659e+03 3.207459936748825385e+03 2.569480806860249686e+03 2.625717794904324819e+03 1.524293895063168975e+03 8.651313434505726718e+02 2.609152514216554209e+03 8.567814224748818788e+02 6.730989833200740122e+02 3.511446552845200640e+05 1.351155466672892908e+04 2.254285229536874394e+05 3.997304219198475766e+04 1.827053546050765726e+04 7.893910466089883812e+03 2.239750933850155343e+04 2.355449475161200098e+04 7.822853625486818601e+03 2.251223338623182372e+03 -3.789407710068323468e+03 2.997711743146060599e+03 -3.899748688678222379e+02 4.347361719338833609e+03 9.129633385457191252e+03 -1.667052565926398074e+03 1.070461896057658305e+04 -5.147954217677590350e+03 5.078051027394822086e+03 8.024766886634849470e+03 4.888202473415710119e+04 8.263643156188403736e+03 4.905647091399519923e+03 1.835767176927936816e+03 2.152833382515811991e+03 -3.467253028805089343e+02 2.278182209180324662e+03 2.384993174503479167e+03 1.811728251447256525e+03 -9.929272212481484985e+02
4.683613333884027816e+04 8.509422814669887885e+04 1.946286885757119308e+04 5.208859545074727748e+02 2.821716373222512993e+04 3.799493239710110356e+04 1.038905623967260181e+04 1.297398277725909793e+04 1.808937430400300218e+04 7.676019015176644643e+03 7.620530497975349135e+03 4.052001573803506744e+03 1.387743866151772636e+03 3.060674160058243160e+03 1.248618479820707535e+03 2.732143567988138784e+03 3.103775001446081660e+03 2.504917006508458144e+03 4.565536194219963363e+03 3.863513304478868804e+02 8.225234551577046659e+03 3.111210528346945284e+04 7.628208382498039100e+03 2.699994245933034563e+03 2.628654936834833734e+03 7.760056277265160816e+02 -3.283583627679438166e+01 1.127236005805187688e+03 1.774003861899758022e+03 6.396695904727987454e+02 -2.643768703776464099e+04 2.318539488162492635e+05 8.470239487621404987e+04 -3.462876098136349174e+04 7.281041393904230290e+02 5.842544509681963973e+04 -1.090577146594780424e+04 1.861479706361827630e+04 1.321648273799462004e+04 -4.271179880629191757e+03 8.722227390965348604e+03 3.075012503904854839e+03 4.429394384949468076e+03 3.486469566969331481e+03 -1.267653221099489883e+03 9.186855862843867726e+03 5.790679834109846524e+03 9.836532538505382490e+02 6.776643754643624561e+03 -3.440325304935627628e+03 5.851624743849607512e+03 4.078073847270472470e+04 8.447014863363603581e+03 4.882454820409679996e+03 3.338470859087598001e+03 2.154143628456912211e+03 2.936612185207027892e+02 1.372621397095882003e+03 3.271024651794546571e+03 -1.755660834881527762e+03
-3.234167760365655340e+04 6.176029889592612017e+04 3.608161079720687121e+04 -6.918241539331764216e+03 2.937069615063832680e+04 2.110703169532407264e+04 2.606144090054569460e+04 1.490405613503995119e+04 5.886942668634020265e+03 1.317189644439880612e+04 9.329596099151183807e+03 3.317748070729697247e+03 3.634928634647888430e+03 1.122209567591552513e+03 2.162701406539974869e+03 3.115627974957299102e+03 4.085573226239634096e+03 1.605752969291095724e+03 4.434572986263470739e+03 1.787421456227040380e+03 3.207459936748825385e+03 7.628208382498039100e+03 2.799429680771410494e+04 5.882607009372682114e+03 2.434853633544797049e+03 1.288203611657964302e+03 8.006621414394150804e+01 1.116026953048324458e+03 6.161930071788482337e+02 3.386455886821873946e+02 -6.154204828581788024e+04 5.487417894776500907e+04 1.764758085623645748e+05 9.492330411670951662e+02 1.291831823868983520e+04 1.668100785789718066e+04 4.154362522064172663e+04 2.045499043073115172e+04 3.663398066893087616e+03 6.089127714138773626e+03 3.084209804131255623e+02 7.834163304505974338e+03 1.386000075344282959e+04 -7.838493255726143616e+02 7.496256858690793479e+02 1.390516660828197075e+02 2.548026071432277604e+03 2.181094104313263870e+03 5.753681511231089644e+03 4.299282079246841590e+02 2.414996255407714671e+03 9.816872302750332892e+03 3.434122691484180541e+04 5.341360935213117045e+03 1.582066856822656746e+03 2.191296591016070579e+03 -1.680152138456715647e+03 5.638760656375842473e+02 1.361395001641795261e+03 -5.910132433117034907e+02
-1.397316298014266067e+05 -5.044278347318113083e+04 -4.016951412027481638e+03 -4.893363875233802537e+04 4.133727995623530660e+03 1.480106064818715458e+04 1.301272160022571006e+04 5.524377552962600021e+03 4.317740041822035892e+03 7.152420791366635058e+02 3.639495151351068216e+03 3.487234596484137455e+03 3.217474942221940637e+03 2.974532705101234114e+03 2.844186833536389258e+03 1.445481188425801520e+03 1.932572882467765567e+03 1.394316248053593426e+03 1.292183591191428150e+03 2.221228467895777158e+03 2.569480806860249686e+03 2.699994245933034563e+03 5.882607009372682114e+03 2.382693001047369762e+04 5.269724380141132315e+03 1.266615305580353834e+03 8.043333535966984300e+02 1.470847505123682595e+03 8.748031785138146006e+02 7.365710967787009622e+02 -1.707252144184789795e+05 -1.448799310774576734e+05 1.329568180298251973e+05 1.241805564311442140e+04 5.400843169195410883e+04 -7.116986669993797477e+03 2.162223081882200404e+03 1.957254554358354881e+03 5.020563270051746258e+03 -4.204712495959681291e+03 -1.016330005180957642e+03 6.093965032582759704e+03 4.719809869076389077e+03 1.024110297491681649e+03 2.108615880266285785e+03 3.718528211922056016e+03 1.482894760751135436e+03 1.047867816276857184e+03 -3.852254713089978964e+02 1.650153540423248842e+03 2.068148134304188261e+03 1.819036348533433056e+03 6.630909495732751566e+03 3.106234968360684798e+04 8.999524978290011859e+03 2.491402446637192043e+03 -1.983152361444821736e+03 1.246190789286129757e+03 2.623865624000693515e+02 2.370661708732022817e+02
-4.930666331072205503e+04 2.713017175432115437e+03 2.982537220267719022e+04 4.057171643641508126e+04 2.415426544047402422e+04 2.596400242679554140e+04 1.117464596495404112e+04 1.693381986223932472e+04 6.019376645997401283e+03 7.109696422257505219e+03 -2.559074565480138972e+03 -9.232462016116702443e+02 1.311911179787389756e+03 5.720037281822160367e+03 2.515297007297657274e+03 3.335449273510403600e+03 4.805145419473950824e+03 3.713433425105672541e+03 8.438171787679682438e+02 1.776945311930927801e+03 2.625717794904324819e+03 2.628654936834833734e+03 2.434853633544797049e+03 5.269724380141132315e+03 2.297561563877466688e+04 4.408520085619675228e+03 1.229514493710363695e+03 1.525406996602466506e+03 1.102752746969510781e+03 7.136190461236769806e+02 3.371273407817992120e+04 -3.780426579503326593e+03 1.016889835141207732e+05 1.460648338943167073e+04 4.708788289387173427e+04 1.866771437566937675e+04 -1.691940791802410786e+03 2.258891460224445837e+04 -1.811360932375694119e+03 6.896016050830995482e+03 -5.013342126274006660e+03 -1.132023398167305641e+04 3.732395313275099852e+03 9.474733601323987386e+03 7.015907202581018282e+03 2.016579905014913948e+03 4.745965643900573923e+03 2.140017838137316630e+03 3.178459148130756148e+03 4.254225229319901700e+03 1.825969503488885721e+03 2.223501180359833597e+03 5.720352115439254703e+02 5.028538367606750398e+03 2.733411456684285804e+04 4.241549318798937747e+03 2.131118622061659664e+02 9.482968055424462364e+02 -3.766373274644328148e+02 5.582886726547814078e+02
-7.879914367587282322e+04 1.669043131476076378e+05 3.307400203503603552e+04 4.127507286725048471e+04 1.621967810517076578e+04 1.378738915357737278e+04 -1.564642310361309228e+03 6.716833939251052470e+03 -7.364020264697832317e+03 1.162560776819301054e+03 -1.339566644912842321e+03 -1.371806266220801490e+03 2.315775883534248806e+03 -8.027653897687565632e+02 9.902946860571048546e+02 2.827095567536557610e+03 -1.749842063276717283e+02 4.050355157270071231e+02 1.575243993491214951e+03 1.079658931484937966e+03 1.524293895063168975e+03 7.760056277265160816e+02 1.288203611657964302e+03 1.266615305580353834e+03 4.408520085619675228e+03 2.029805623017495236e+04 3.773686175820369044e+03 1.739998009458655588e+03 1.394909394062510046e+03 7.203064661452417567e+02 1.597921237392239273e+05 2.504969946831371344e+05 6.325515585507496871e+04 -2.652754436487767816e+04 -1.587804474355791535e+04 -3.002299187728771358e+03 4.449710539552649607e+03 1.827730618809508451e+04 -1.114496025228863982e+04 6.527806351557463131e+03 3.076393916755386272e+03 -1.339451939499288710e+04 -2.218590073339591527e+03 -1.227792141365020598e+03 4.900019090681504167e+03 1.038948387843720639e+03 -2.047332951527371733e+03 9.524269548184057612e+02 2.466241330230664516e+03 2.370954157115975249e+03 -2.319262160175473753e+02 1.658411486640390876e+03 -3.776157066371375777e+02 2.774243771024981129e+02 3.301482762960185028e+03 2.510675981143594981e+04 4.129557617741762442e+03 -6.910683054131795870e+02 1.241572584871778417e+03 -1.003844263823316680e+02
