3.634178495308996737e+07 1.125340642498326488e+07 -6.371624913833138999e+04 -6.118855474587951321e+05 -3.763417012204262428e+05 1.098259221649015817e+05 -2.474046673211413690e+03 -2.292988883255486871e+04 -1.138934593796682020e+05 5.044651789028120220e+03 -5.716799241538641218e+04 -1.120437243814136600e+05 -9.346175011878774967e+03 2.213352706478714390e+04 -5.196362577680752293e+04 1.345215989858614048e+05 3.156363189731094462e+04 2.704150008493026326e+04 -1.011954432768879633e+04 -3.043151114676697398e+04 4.609244059105846827e+04 -1.912303802357891254e+04 -4.909371210957495350e+04 9.502748483293060417e+03 -1.896566977617254815e+04 -1.212526550541841243e+04 -1.920322245741422012e+04 -1.467328397570586822e+04 9.425248322972509413e+03 -3.530112015627063374e+04 7.496568630040718243e+06 5.483109561286444776e+06 4.964743949525707285e+05 -2.911986889020388480e+05 -2.227349115810175426e+05 6.385986255592909874e+05 -4.907186694828344480e+04 2.278099358410363202e+05 -2.584447106801241171e+05 5.464317230530986853e+04 -6.385593792020138062e+04 9.243974069085252268e+03 -8.486499290403129999e+04 -1.703254351769698260e+05 5.094039467832736409e+04 3.487851838201707578e+05 2.604079439144370554e+05 7.931800100835644116e+04 6.570539777250982297e+04 -8.258452275976314559e+04 4.342562707916033105e+04 -3.188822445510912439e+04 -4.444517596586154832e+04 1.963446113333746689e+04 -1.144172158567188890e+05 -6.558514633372699609e+04 -3.202853271398961078e+04 9.626081136335254996e+03 4.242247720510936051e+04 -1.047398051882970758e+05
1.125340642498326488e+07 4.302159601748527586e+07 7.059661702334922738e+06 -1.962185624317115580e+05 -1.234772703744705213e+05 1.544631771676580502e+04 3.071248206512257093e+04 1.297169339417352603e+05 -1.467034717751512944e+05 -1.023789921170695598e+05 -6.383510178419744625e+04 2.254513063950967535e+03 -6.837605896650136856e+04 5.198386165952359443e+04 6.243838071360929462e+04 3.701522272091393097e+04 1.023925076140560559e+05 6.466852048529832246e+04 3.080371642640222490e+04 3.562613473522576442e+02 -2.315913610420638179e+03 -4.425043940293502601e+03 4.115805268177915423e+03 -4.759186636859306532e+02 1.245239400763396407e+04 2.105565146839994486e+04 3.898084333099793639e+03 2.093332957671269469e+03 3.371010963819865719e+04 -1.844705914173937344e+04 8.162662091356835328e+06 4.017400608207616210e+07 5.965058002887398936e+06 4.059724082916117040e+05 6.793851418246628600e+04 -9.055022409507681732e+04 -3.618016022428706056e+05 -4.990726635584604810e+04 -2.066147199163189798e+05 1.590613372532758804e+05 6.205234652345510403e+04 1.980310496695805923e+05 -6.902891355666155505e+03 3.314586980716561811e+04 1.663690777338085463e+05 1.676117187828519036e+03 1.508101324334182718e+05 7.620967890587350121e+04 -3.378421568942844897e+04 6.684922987946522881e+03 -2.146742027453425544e+04 -6.275809102928276843e+03 -1.359053501919282280e+04 -4.934198806468641124e+04 -6.115446703602687921e+04 -2.773362202839938982e+04 -1.050232114784696387e+04 -1.249125655169949459e+04 1.079277180037153812e+04 -9.460426657804857314e+03
-6.371624913833138999e+04 7.059661702334922738e+06 1.725299130240015686e+07 2.450314866299823858e+06 6.331437277083303343e+04 2.188420507601496356e+05 -3.911371865200423053e+04 1.290618255027492705e+05 -1.628559978380075881e+04 -1.797929613796751437e+04 -8.685737506524157652e+04 -3.627300720352158351e+03 2.329629356600312167e+04 -1.821675817559445568e+04 -1.074127974459832876e+04 1.590151901049171829e+04 7.695287079438695218e+04 7.786279671275657893e+04 1.502624248431899650e+04 1.304580272195073485e+04 9.544495481805890449e+03 2.060181230900220180e+04 1.675955822564417031e+04 1.133248916060323791e+04 -1.598268234578648389e+03 2.001341494688716193e+04 8.756658225405704798e+03 -5.861940571191802519e+03 1.898103074561823450e+04 1.595388240324243634e+04 2.001900829294000519e+06 1.128643394578759745e+07 2.075340071377459168e+07 2.309117162413076963e+06 -8.051421487387188245e+04 1.973385207547993632e+05 -7.998507631746119296e+04 3.797019701187990722e+05 -1.843951762858438888e+05 -1.192908449042810535e+05 1.170601943813491016e+04 1.295243237499787392e+04 1.281778646438230353e+05 -8.472520283723493776e+03 5.836669441005629051e+04 -6.890937817662583257e+03 2.154149148166817395e+04 6.143631763674577815e+04 -2.578055844985305157e+04 -3.069803589873455348e+04 -8.223040389088911979e+03 9.949816577641478943e+03 1.204349963347832090e+04 -1.059797157244593654e+04 -1.208168069955387728e+04 7.922602556513363197e+03 4.980539525916398270e+04 3.000935223796078935e+04 4.486726109952984552e+04 2.934014118332828366e+04
-6.118855474587951321e+05 -1.962185624317115580e+05 2.450314866299823858e+06 8.110093220524230041e+06 1.549616263294641860e+06 6.076776998286327580e+04 -5.549573519103573199e+04 5.474329736515409604e+04 1.402828280265815265e+05 2.637954459417205726e+04 1.279419540121770478e+04 5.629559214080184756e+04 3.175632233454722882e+04 -2.788511519178395974e+04 1.436426884316503674e+04 4.422506478681498265e+03 4.059623145057134388e+04 7.027322590208721522e+03 -2.357214797541329517e+03 -1.232116283613466112e+04 2.897002540698624944e+04 1.076399607666478369e+04 -5.020834856686645253e+03 -1.365578820848868702e+02 3.303451540125239262e+03 5.998011189362289770e+03 2.327259824980747453e+03 -8.983744331640922610e+03 -1.427632586713080627e+03 5.214934140563554138e+03 -1.513630263326741988e+05 1.358752935371976055e+05 3.140146657258479390e+06 1.084425634047902375e+07 1.441501711058921413e+06 7.769635862370871473e+04 -3.362266559378666570e+05 -1.243803211654410843e+05 1.058646725233212783e+05 -9.013881793573073810e+04 6.348185088981564331e+04 -1.568376903205522285e+04 -2.685475799119620569e+04 -3.655500467366196244e+04 5.349996853673006626e+03 -3.373606224531910993e+04 4.049554233552681399e+04 3.965581751885056292e+04 -1.460560835723605805e+03 -3.432637008016942127e+04 5.934912528964104422e+04 2.415425156479927318e+04 1.478590611800995066e+04 3.502169160917020781e+04 1.249356521138202515e+04 4.343203603877614114e+03 -5.304704541738930857e+03 -7.353017825809502938e+03 8.549134382427495439e+03 1.132323096689875638e+04
-3.763417012204262428e+05 -1.234772703744705213e+05 6.331437277083303343e+04 1.549616263294641860e+06 3.638778917030571494e+06 5.792974145013927482e+05 6.562954059886985306e+03 5.105806107209046604e+04 3.622471808944414079e+04 8.151979713366535179e+03 2.291458307265412077e+04 4.714779551774785796e+04 1.405583704474836122e+04 -7.154602974206972249e+03 2.590307115282065297e+03 -1.346448010997608071e+04 1.666926450891020795e+04 1.840971845269476398e+04 1.109510421830618907e+04 1.001169029385229624e+04 -1.399558349855402639e+03 -3.635043226801350102e+03 5.265205648505671888e+03 -1.361123841390668895e+04 -7.189022901577172888e+03 1.465741444013145383e+03 6.216949286218576162e+03 -3.617999398234495857e+03 -1.848611490258406093e+03 -7.803666756073459965e+02 -6.995916072520652087e+05 -1.321993556743700465e+05 -1.049965140519430861e+05 2.127371103281623684e+06 5.363367394692998379e+06 7.991646397543392377e+05 -7.853415150166217063e+04 -3.661163806651958294e+04 -1.367382147110262849e+04 -4.573459888494142433e+03 1.174054841678305384e+05 2.704896197850651151e+04 9.326612333919143794e+02 2.157988937084170902e+04 4.967336212294718280e+04 -3.469200577768284711e+04 1.923265260498637872e+04 2.101583631715235970e+04 6.035407740330310844e+03 -1.119299861076189154e+04 -1.876497474596953907e+04 -2.219673599300596470e+04 4.011001718727595289e+04 -1.557157525327827170e+04 -2.355559331101593853e+04 -1.427143848180292116e+04 1.115318018152716832e+04 2.255281704248562164e+03 -6.517827315628765064e+03 2.636155255924705216e+03
1.098259221649015817e+05 1.544631771676580502e+04 2.188420507601496356e+05 6.076776998286327580e+04 5.792974145013927482e+05 1.753276299705784535e+06 2.025664128519738442e+05 1.132789238056271570e+05 1.324505588996586448e+04 -3.108523048747596476e+04 -8.272014058629903957e+03 -1.635391606310195675e+04 1.346014264675788127e+03 -2.532427174837985149e+03 2.881476361103849740e+03 -1.159301337922744824e+04 1.165702905598194548e+03 1.597074984364523334e+04 9.632743627322199245e+03 2.834583313476240164e+03 1.105904570464639255e+04 5.280726077172366786e+02 9.489738403611038109e+01 3.043777343596263108e+03 6.368192796885272173e+02 -8.176629099084815380e+02 9.882181377990767942e+03 4.255842867950639629e+03 2.606544321523661893e+03 5.994269970798850409e+02 -9.874476467095331463e+04 -3.125446405282236083e+04 -4.912843182874789345e+05 7.869124923056211264e+04 1.060172617317580152e+06 2.369124860794011969e+06 1.635958408084307739e+05 5.795935827659728238e+04 3.785075245249269210e+04 -1.127127280566237096e+04 6.588494776488188654e+04 -1.272021591522723429e+04 2.411422590650504389e+03 2.325668964490963845e+04 3.231055344325550686e+04 -7.859809592749032163e+03 -8.688883705859147085e+03 1.226164254689241898e+04 2.003734181684501891e+04 -3.490063028082374217e+02 2.105450238972246007e+04 9.033320556697708525e+03 1.056139484058878770e+04 -1.069122577637718678e+04 -9.422793465573759022e+03 5.014081021557292843e+03 2.255063195199328766e+04 8.761975955330804936e+03 1.227073430640621154e+01 -2.700420415845729622e+03
-2.474046673211413690e+03 3.071248206512257093e+04 -3.911371865200423053e+04 -5.549573519103573199e+04 6.562954059886985306e+03 2.025664128519738442e+05 1.130046572161222110e+06 1.926961777524614590e+05 7.330078048120246422e+03 5.785183771202953722e+03 9.916419309021353911e+03 1.632745929723857262e+04 2.382880079694433152e+04 1.847279419942477034e+04 8.075779664627302736e+03 1.137250770303034915e+04 1.145933614302116803e+04 1.246850139837361894e+04 1.778110595952520089e+04 7.599742362063342625e+03 9.048226110591132965e+03 8.813459940331753160e+02 8.180486837436145834e+03 5.951676476232378263e+03 -1.155093914098684280e+02 6.168503960771538004e+03 1.657759616908503858e+03 3.461127440267982820e+03 3.886080648598247990e+03 5.611369995738999933e+03 3.967627842422264075e+04 -3.147603202438724111e+05 -3.383116554494464654e+05 9.243589221410993196e+04 7.177994947949284688e+04 3.756798812495967722e+05 1.672280218372534961e+06 2.282959751638938615e+05 -5.138223314345998369e+04 -2.699005864899194421e+04 1.480291450447348871e+04 6.606299624989418953e+04 2.068561702143535877e+04 -1.231674611532138670e+03 1.284403279329824181e+04 2.471293042515701018e+04 1.519726402116785721e+04 2.366407972301447808e+04 1.837863067918444358e+04 8.616991052062128801e+03 -1.087221306839246972e+04 1.828270029714714474e+04 9.489243160262902165e+03 1.607607940914365145e+03 -7.945503532658676704e+03 1.114464465704943905e+04 -4.236507186588042714e+03 -2.556056890795151958e+03 7.690936689232001299e+03 7.596239501540920173e+03
-2.292988883255486871e+04 1.297169339417352603e+05 1.290618255027492705e+05 5.474329736515409604e+04 5.105806107209046604e+04 1.132789238056271570e+05 1.926961777524614590e+05 6.625617852292545140e+05 1.127826445416833303e+05 6.632345089974224720e+03 1.071839658269038637e+03 2.565987936749500477e+03 8.741207544803814017e+03 8.710966998008867449e+03 2.045447890419743771e+03 1.516018274987810764e+04 1.130352410278137540e+04 8.010803858397230215e+03 1.172304020340896568e+04 5.129032853791612069e+03 8.336112705288014695e+03 -3.477454374020427963e+02 -7.382976693486807562e+01 1.484280316409433453e+03 4.185608048179679827e+03 5.638859757065658414e+03 2.998004189327656604e+03 5.904718188706235651e+02 2.578141750217740764e+02 7.865149694416563761e+02 2.452259355060344387e+04 -7.095987971279077465e+05 6.888277671814829228e+04 1.430488642842929112e+05 2.261409731250016775e+05 2.389218884040290723e+05 2.922551598682441982e+05 9.407488535886924947e+05 1.812571728937880835e+05 1.718856041157419168e+04 6.861084983014158752e+03 2.653785457903004499e+04 1.539791134735324704e+04 2.174574567089808988e+04 1.378451528650769433e+04 2.893319286165017547e+04 1.132982136289682239e+04 2.474684380647819125e+04 9.756403474452332375e+03 7.921551175836301809e+03 1.322735804505164378e+04 2.064753885692259428e+04 7.015659363912953268e+03 -8.431520563998397847e+03 9.915402089759876617e+03 3.255065736828708395e+03 1.876411788775894593e+03 3.246515533573613084e+03 1.363320195850521259e+03 2.636150922421235236e+02
-1.138934593796682020e+05 -1.467034717751512944e+05 -1.628559978380075881e+04 1.402828280265815265e+05 3.622471808944414079e+04 1.324505588996586448e+04 7.330078048120246422e+03 1.127826445416833303e+05 3.968149886132536340e+05 7.432749733747047139e+04 6.426972561802711425e+03 -1.259000307077912339e+03 -2.769561985031978679e+02 -2.971418255832713271e+02 1.335523401264755194e+03 6.664142160636891276e+03 9.248959366845881959e+03 2.164808280452479721e+03 7.881375905571218027e+03 7.055000829727570817e+03 5.939211503497032027e+03 1.188369082116451636e+03 4.224640211211666610e+03 4.980036729843679495e+03 6.645269068242224421e+03 5.990446094386009463e+03 1.461893378970121375e+03 9.402263704060881366e+01 -1.621752643799260795e+03 2.452209792072209893e+03 -2.514675776615752548e+05 -4.964860679806687986e+05 -1.255096938740206097e+05 1.532976709898031258e+05 -7.476446642689399596e+04 -1.166199947708857871e+04 4.775885621941083809e+04 1.951101917536253168e+05 5.827797492874632590e+05 9.101199578171398025e+04 -2.132124965012260873e+04 5.989591806842382539e+03 -9.772587373087293599e+03 -1.415252321742132517e+04 2.935738539058068000e+03 1.111281540665683133e+04 1.203369073005807695e+04 -4.752653166976456305e+03 2.911445366836571338e+03 1.915869819371701669e+04 1.462215501729014431e+04 -2.251412865459982697e+02 8.521841343798674643e+03 5.460705134994849686e+03 7.662105933800966341e+03 5.548302288333950855e+03 -1.445047403122580590e+03 5.918234698905683217e+03 2.082944554673433686e+03 2.354511904849603070e+03
5.044651789028120220e+03 -1.023789921170695598e+05 -1.797929613796751437e+04 2.637954459417205726e+04 8.151979713366535179e+03 -3.108523048747596476e+04 5.785183771202953722e+03 6.632345089974224720e+03 7.432749733747047139e+04 2.795295814650859102e+05 4.492546005265803251e+04 1.958496443405636910e+03 1.307973625751856389e+03 -3.169933323486982772e+03 4.376636150798786730e+03 4.407958234798446938e+03 7.433433590656281012e+03 8.619487380654109074e+02 2.391218772951676328e+03 5.016455202898704556e+03 3.021413982249856872e+03 -1.610105636374382129e+03 5.710442178737566792e+03 1.090186810215602463e+03 2.220673541081931944e+03 4.904315582465344960e+03 1.541630434714369585e+03 1.951084324207212831e+03 -1.257251017839329961e+03 -8.130354205558078320e+02 1.929914384394889930e+05 -1.645546090944173629e+05 -1.654540481720233220e+05 -1.515168077499717183e+05 -1.171288630434695078e+05 -4.814471013305285851e+03 1.579687219676518362e+04 3.954091098613110807e+04 1.272872977142215968e+05 4.050474379466596874e+05 4.634806447380853206e+04 1.220457873811716308e+04 -4.611027310667332131e+03 -7.399326306593668960e+03 -2.280339060203109966e+03 3.992078156755398595e+03 4.956473782668820604e+03 6.333784666460574044e+02 6.188654937607199827e+03 1.464389312912508649e+04 7.509040466893740813e+03 -8.934520747981494424e+03 6.570467203595926549e+03 -1.267105355529906774e+02 1.952623139488860261e+03 8.752202303542739173e+03 -2.056133849000778753e+02 3.325304449138520340e+03 -2.779933706446577730e+02 -4.745134221098308444e+03
-5.716799241538641218e+04 -6.383510178419744625e+04 -8.685737506524157652e+04 1.279419540121770478e+04 2.291458307265412077e+04 -8.272014058629903957e+03 9.916419309021353911e+03 1.071839658269038637e+03 6.426972561802711425e+03 4.492546005265803251e+04 1.731340048700161569e+05 3.773745252458277537e+04 1.316457573599326497e+04 3.616315512319225945e+03 8.051899789568119559e+03 3.343670860591523706e+03 3.465862572737818937e+03 5.891523721391615709e+02 4.954144848277431265e+03 1.683603806485918994e+03 3.970757469421786482e+03 2.951806474191984762e+03 7.046206509453077160e+02 8.682927264606479412e+02 1.604621128211523683e+03 3.306407543571818678e+03 1.229463416875054918e+03 1.704894532987279661e+02 -2.207308925310650920e+03 1.836025529567224794e+03 -9.973138389110012213e+04 -1.079427081636593211e+05 -1.939876888151386520e+05 1.566757945135267801e+05 -9.322762879625503047e+03 3.474706691184768715e+04 2.259197528110807616e+04 3.637723149176113657e+04 2.527125826844575931e+04 5.640577076897662482e+04 2.478366177211711765e+05 4.614454011559639912e+04 1.805615808906503298e+04 9.416502616790809043e+03 9.130007752142724939e+02 -4.898945444183012114e+03 -1.585625166218854702e+03 -4.018978812659424875e+03 3.880663934567937304e+03 2.692885337916029584e+03 3.651483613261826122e+03 9.954296149009289365e+03 -9.194941718159618631e+02 6.372840192538174051e+03 7.110416163265104842e+03 6.885197241704984663e+03 3.050743519197375917e+03 -2.416794432860363884e+02 -5.109494833656402989e+03 4.414237419167895496e+03
-1.120437243814136600e+05 2.254513063950967535e+03 -3.627300720352158351e+03 5.629559214080184756e+04 4.714779551774785796e+04 -1.635391606310195675e+04 1.632745929723857262e+04 2.565987936749500477e+03 -1.259000307077912339e+03 1.958496443405636910e+03 3.773745252458277537e+04 1.388263647462608642e+05 2.322022699610619020e+04 5.318977254291996360e+03 3.263367977620654528e+03 1.036577993495756118e+03 1.404937385994914393e+03 4.807296282359604447e+03 4.445445500558693311e+03 2.257369827211922711e+03 2.226064397016464724e+01 1.327257629422688296e+03 8.330220796272185453e+02 1.048324265418382737e+02 -1.330953433533568955e+02 1.631389682360607139e+03 1.541447278238036233e+03 9.444465663872325649e+02 1.073846625919474945e+03 1.875920808751771119e+03 8.644813052778955898e+04 2.699498245835703565e+05 -1.012739963420463173e+05 7.421176487353192351e+04 7.645523333603545325e+04 1.136168371802754518e+04 3.179281706627393578e+04 8.358881859317947374e+02 -4.846335488802526925e+03 4.764442030139464350e+02 3.584507881442953658e+04 1.906472158705422189e+05 2.584360894728192579e+04 6.137773209507130559e+03 6.087933394399241251e+02 -4.580205199326630463e+03 -3.917227243078807533e+03 1.074975450094133885e+04 8.333478773116967204e+03 1.897349484925654224e+03 -6.225636566449027669e+03 7.147289363576205687e+02 -2.089935168743157305e+02 1.850425639913116129e+03 -1.375024647810483657e+03 5.420599264565207704e+03 2.676351484205768429e+03 8.145923410760288789e+03 3.885831281374998525e+03 3.115864767257384301e+03
-9.346175011878774967e+03 -6.837605896650136856e+04 2.329629356600312167e+04 3.175632233454722882e+04 1.405583704474836122e+04 1.346014264675788127e+03 2.382880079694433152e+04 8.741207544803814017e+03 -2.769561985031978679e+02 1.307973625751856389e+03 1.316457573599326497e+04 2.322022699610619020e+04 9.656042022244936379e+04 2.088502140187018813e+04 2.182156665138775679e+03 1.964190303725645435e+03 9.515004363107078689e+02 1.463595635644169306e+03 5.756873522489087236e+02 -8.198854523319924965e+02 2.506778046358160282e+03 -1.935701003283254238e+02 -2.953405904910000004e+02 2.875037637763617113e+03 7.244524173612577442e+02 1.932180228786632824e+03 5.960455597752963968e+02 6.580870221781718783e+02 6.392544159956713656e+02 1.331095207517122617e+03 -9.016918773470187443e+04 1.618158557673679388e+04 -5.360857917414131953e+04 -7.449082985788738006e+04 -2.223793677932258288e+04 1.569413434008285549e+04 5.669421209573119268e+04 1.674699495795112307e+04 2.509285663454590576e+03 -3.687810435581985075e+03 1.813140006142090351e+04 3.878681006217675895e+04 1.336310570052085968e+05 2.226135021012218567e+04 -2.754745007645470196e+03 -6.064182554805208383e+03 -3.831369557434790750e+03 1.009821513563915141e+04 2.151578783600811221e+03 -6.991510906555200563e+03 2.577858894235553180e+02 -3.761980209647153970e+03 1.551728200831548293e+03 6.111572934175216005e+02 -1.772229946316516362e+03 1.797401378968867220e+03 4.125283532562704067e+02 1.534174801006877260e+03 7.920539046889994097e+02 9.873181004332948874e+01
2.213352706478714390e+04 5.198386165952359443e+04 -1.821675817559445568e+04 -2.788511519178395974e+04 -7.154602974206972249e+03 -2.532427174837985149e+03 1.847279419942477034e+04 8.710966998008867449e+03 -2.971418255832713271e+02 -3.169933323486982772e+03 3.616315512319225945e+03 5.318977254291996360e+03 2.088502140187018813e+04 7.592465236798254773e+04 1.485637894073165444e+04 2.506061573057751957e+03 3.047176527089299270e+03 3.203028376665598898e+03 -1.841408879246795323e+03 -7.467565684058690749e+02 2.388903306004999649e+03 4.133888295669903528e+02 1.165557772771347118e+03 1.023082611093545324e+03 1.461861079380621959e+03 1.979162312109621780e+03 9.487365997757012792e+02 -8.086821890997314313e+02 1.196892109552575505e+02 1.162641132412636125e+03 1.490092469916834671e+04 -1.622968137187678440e+04 7.426454047869071655e+04 -3.802529728555227484e+04 3.523372631450186600e+04 2.539449265644386833e+04 2.515880553451646847e+04 1.029208551583076405e+04 -1.446971060109814061e+04 -1.035406616921582645e+04 1.756538364941985128e+04 1.412497438749738194e+03 2.247394274141930146e+04 1.002710543266053864e+05 1.668620377429482687e+04 -6.355939936374846866e+02 3.775799608106802680e+03 5.258621804017474460e+03 -2.184650111112508057e+03 -2.983402393245842177e+03 -2.107318473641933849e+02 -1.686203012497031295e+03 2.355970010743639705e+03 -1.631153385500716922e+03 1.356513095525382653e+02 4.784057316309836665e+02 -7.757706382621676084e+02 -2.547447508593415023e+03 8.477777613109061576e+02 -7.087392836006135894e+02
-5.196362577680752293e+04 6.243838071360929462e+04 -1.074127974459832876e+04 1.436426884316503674e+04 2.590307115282065297e+03 2.881476361103849740e+03 8.075779664627302736e+03 2.045447890419743771e+03 1.335523401264755194e+03 4.376636150798786730e+03 8.051899789568119559e+03 3.263367977620654528e+03 2.182156665138775679e+03 1.485637894073165444e+04 6.540764020846826315e+04 1.195200604551875585e+04 2.940429564027693687e+03 4.022047761722275936e+03 7.721892280567290072e+02 -2.680711124922925706e+02 1.968930168889161450e+03 1.894549903453856587e+03 8.635790798278206921e+02 1.176223932166325085e+03 2.128095251904160534e+02 1.805347947638693086e+03 4.446035974985018697e+02 4.916888742263593315e+01 8.942486123862133809e+02 1.841020709481927398e+01 -2.663571201447639851e+03 1.691303598561924591e+05 1.647713096488911469e+04 3.520454688428404188e+04 1.007105396221100091e+04 -4.078285607958134278e+03 2.484644050837176837e+04 1.036788321231297414e+04 -1.193277298935604813e+04 3.027971375269025430e+03 7.505270881941573862e+03 -1.488469388291722225e+03 -5.925985319842085119e+03 1.791809076052347882e+04 8.295581899514434917e+04 5.337843516465311950e+03 8.677412428786202554e+02 2.615109101066881067e+03 2.369549688738209625e+03 -2.821225264605428492e+03 1.854053438946754341e+03 5.138074825887971201e+03 5.267697590440729982e+02 -1.194943526667487049e+03 -1.070928260552655047e+03 3.427686806997069198e+03 -3.337985619826418997e+02 -4.719118620680188201e+02 2.998786892945404816e+03 -1.703059251950968189e+02
1.345215989858614048e+05 3.701522272091393097e+04 1.590151901049171829e+04 4.422506478681498265e+03 -1.346448010997608071e+04 -1.159301337922744824e+04 1.137250770303034915e+04 1.516018274987810764e+04 6.664142160636891276e+03 4.407958234798446938e+03 3.343670860591523706e+03 1.036577993495756118e+03 1.964190303725645435e+03 2.506061573057751957e+03 1.195200604551875585e+04 5.196727277133089228e+04 8.463179484661337483e+03 3.445860560631432691e+03 2.178067895354940902e+02 6.220122871036622882e+02 1.163102654801264748e+02 5.911757911906673826e+02 -9.156938647146791936e+02 3.191768831373340163e+02 7.202709384017984462e+01 1.639279214494229336e+03 1.078742312030234416e+03 1.331354092599018486e+03 2.556410729613856461e+02 2.667461996236896198e+02 4.327867747210995003e+04 -8.132480148546682904e+04 3.381466308568132808e+04 1.855446743764214625e+04 1.356983959319997302e+04 1.475423002499214272e+04 3.363685112022258545e+04 1.020299966231384133e+04 3.128802629998794600e+03 -6.804403113877469877e+03 2.158126048473069204e+03 7.936785717780708183e+03 -1.954706263580129644e+03 -4.377507005342195953e+03 1.059253463454320627e+04 6.779048282266363094e+04 1.220064515742380718e+04 1.763302768974349192e+03 -1.428733463320483452e+03 -2.364473389069278710e+03 -3.891520019301702177e+03 4.366939814677516551e+03 8.142111216338798840e+01 -1.854819159308902044e+03 1.012716693284527878e+03 3.135246940956608341e+03 8.505000543850252370e+02 1.373527803405065242e+03 2.315646554865726102e+03 -7.692223309093512853e+02
3.156363189731094462e+04 1.023925076140560559e+05 7.695287079438695218e+04 4.059623145057134388e+04 1.666926450891020795e+04 1.165702905598194548e+03 1.145933614302116803e+04 1.130352410278137540e+04 9.248959366845881959e+03 7.433433590656281012e+03 3.465862572737818937e+03 1.404937385994914393e+03 9.515004363107078689e+02 3.047176527089299270e+03 2.940429564027693687e+03 8.463179484661337483e+03 3.787340911640746344e+04 9.765045304638446396e+03 6.071602797046016349e+02 2.105552607720628657e+03 1.255365420590824442e+03 6.255152837190322543e+02 2.606899570373449251e+02 6.201141825682576609e+02 1.162094487546076152e+03 1.366519030321148421e+03 7.741311310629738500e+02 4.285704776581462170e+02 2.174245520830922942e+02 1.028871870060198034e+03 2.970427795492241785e+04 1.174961406831925560e+05 6.682429046397484490e+04 1.808323774069514184e+04 -7.130194666340394178e+03 -4.332761685614043927e+03 1.669169494847889655e+04 1.310153964931906012e+04 -5.863891509957597918e+02 1.109211240975824512e+04 4.436804507834693140e+03 1.373201062913087299e+03 -2.668574139762889104e+02 -9.651733382739403169e+02 -1.772249925238446338e+02 8.360478580906210482e+03 5.200829609652414365e+04 1.209241998491196318e+04 -1.249328849702072148e+03 2.405814382847882371e+03 -5.617078260337623306e+02 2.374973418791134463e+03 -5.918192997540610349e+02 -1.898746843818518073e+03 -7.923419575698391100e+02 3.991891303404470932e+02 1.253997058833171877e+03 5.963175887877387140e+02 1.151679191536949247e+03 -5.484337870182918095e+02
2.704150008493026326e+04 6.466852048529832246e+04 7.786279671275657893e+04 7.027322590208721522e+03 1.840971845269476398e+04 1.597074984364523334e+04 1.246850139837361894e+04 8.010803858397230215e+03 2.164808280452479721e+03 8.619487380654109074e+02 5.891523721391615709e+02 4.807296282359604447e+03 1.463595635644169306e+03 3.203028376665598898e+03 4.022047761722275936e+03 3.445860560631432691e+03 9.765045304638446396e+03 3.572387080487691856e+04 6.294348572454266105e+03 1.455897893963389834e+03 2.011101262728075199e+03 2.417789803596485854e+03 2.045212108787370084e+02 5.631715100646281371e+02 8.576458833790097742e+02 2.607321733379438342e+02 -2.084943174496157212e+02 2.720504823633157798e+02 1.100419441665798558e+03 1.211744083013965792e+03 3.186120068583539251e+04 6.405409181062677089e+04 1.471931473858242389e+05 -3.394074845108199224e+04 6.315443870483469800e+04 3.582968245286401361e+04 2.171953289299994867e+04 -2.754266631586026961e+03 -1.210577778888250396e+04 -7.106394172093022462e+03 -5.231285695967163520e+03 5.387699301580049905e+03 2.271029291743330759e+03 3.735216168367024238e+03 5.991175490204619791e+02 2.664748849235085800e+03 1.052530696118173728e+04 4.437532080473237147e+04 7.305492959773025177e+03 6.127661785943899986e+02 -9.023243566030357954e+01 2.679915577392167961e+03 -7.736056326842026465e+02 -8.950018480355879547e+02 -1.811325532818706733e+03 -2.420183966153377355e+02 -2.199093802946609685e+03 6.588643389256361615e+02 2.510333644753984572e+03 -1.299307000594285455e+02
-1.011954432768879633e+04 3.080371642640222490e+04 1.502624248431899650e+04 -2.357214797541329517e+03 1.109510421830618907e+04 9.632743627322199245e+03 1.778110595952520089e+04 1.172304020340896568e+04 7.881375905571218027e+03 2.391218772951676328e+03 4.954144848277431265e+03 4.445445500558693311e+03 5.756873522489087236e+02 -1.841408879246795323e+03 7.721892280567290072e+02 2.178067895354940902e+02 6.071602797046016349e+02 6.294348572454266105e+03 2.848538093663406471e+04 5.928196454173422353e+03 5.879591033996622684e+01 9.861310290293760090e+02 8.885993474323030341e+02 3.796652464507529317e+02 1.514768827504910007e+02 4.201152650313115373e+02 2.959020139207588613e+02 5.226828296232404227e+02 2.702350518557281589e+02 4.043101706359033756e+02 4.518721322040315499e+03 -6.929787111571702553e+03 -2.706670630250200338e+04 1.046910871466898061e+04 3.077475448048059843e+04 3.922420504781581258e+04 3.883890853342853370e+04 2.325179875289040137e+04 1.608703048525299891e+04 7.136425616274988215e+02 5.559552758791448468e+03 1.355997440215067581e+04 1.715093435190407718e+03 -3.078135078797565143e+02 -2.691387971221220141e+03 5.850546182057311171e+02 2.337980473373553195e+03 7.909293722539398004e+03 3.527988367964157078e+04 8.303806710970637141e+03 -1.822803093440435077e+03 -5.138516991802021039e+00 2.949984264497157369e+02 1.775870465979597611e+03 6.162802119937524594e+02 3.909018204540624879e+02 2.803707433115188792e+02 -9.669872029470726602e+02 3.042919386362399905e+02 2.154725840749413521e+02
-3.043151114676697398e+04 3.562613473522576442e+02 1.304580272195073485e+04 -1.232116283613466112e+04 1.001169029385229624e+04 2.834583313476240164e+03 7.599742362063342625e+03 5.129032853791612069e+03 7.055000829727570817e+03 5.016455202898704556e+03 1.683603806485918994e+03 2.257369827211922711e+03 -8.198854523319924965e+02 -7.467565684058690749e+02 -2.680711124922925706e+02 6.220122871036622882e+02 2.105552607720628657e+03 1.455897893963389834e+03 5.928196454173422353e+03 2.367928851601112183e+04 4.161224528376560556e+03 1.730807687250119670e+03 4.651409163968553457e+02 5.667779470216894424e+02 6.719937196918115205e+02 9.145030049343977225e+02 1.052784019601621594e+03 1.345430285710063345e+03 2.289691322181889745e+02 6.646008568442640581e+02 -1.482814044598905821e+04 1.058462708530589225e+04 2.478959026862673272e+04 -3.556934333487936783e+03 3.053681607343254655e+04 1.632759496418492017e+04 2.387810518983574730e+04 6.342821769362220039e+03 6.253882271457192473e+03 2.341548187118805345e+03 -1.889763321392264061e+03 1.195165275755467337e+04 2.016345009593371742e+03 2.441350656628392699e+03 2.969349214711986860e+03 3.285502191657074491e+03 3.416634464886083151e+03 2.540120183150633693e+03 7.616391364001558941e+03 3.042638100325346750e+04 4.619205459968458854e+03 6.083520886839598916e+02 3.688237019760143198e+02 -4.336958905557129356e+02 1.018103800813030944e+03 1.048642320576873544e+03 1.025297783762124027e+03 5.315098255165788714e+02 1.765211110515333415e+00 1.508279103898474887e+03
4.609244059105846827e+04 -2.315913610420638179e+03 9.544495481805890449e+03 2.897002540698624944e+04 -1.399558349855402639e+03 1.105904570464639255e+04 9.048226110591132965e+03 8.336112705288014695e+03 5.939211503497032027e+03 3.021413982249856872e+03 3.970757469421786482e+03 2.226064397016464724e+01 2.506778046358160282e+03 2.388903306004999649e+03 1.968930168889161450e+03 1.163102654801264748e+02 1.255365420590824442e+03 2.011101262728075199e+03 5.879591033996622684e+01 4.161224528376560556e+03 1.958826180345300236e+04 4.979388808440001412e+03 1.505292367663331788e+03 6.811327371090525276e+02 4.702038051068053051e+02 1.249701838400230372e+03 5.445020793503566665e+02 9.446782928772908150e+00 5.497405333684706186e+00 1.160314740357593337e+03 -3.195898954133340885e+04 -1.634845156056785891e+04 -1.658203139770834969e+04 2.558585900828883041e+03 -2.381120436684583183e+04 4.898406034502927042e+01 -6.154578465347582096e+03 7.921175899946978461e+03 -9.267689925525197623e+02 -3.800211432808629070e+03 8.272156887336650470e+03 1.741811937266701079e+03 -6.650828769288380499e+03 4.051242793255445577e+03 8.871249309491580561e+02 1.423566217934079532e+03 3.085762014968503536e+03 9.677248169719176474e+01 -1.573541276481272462e+03 2.826090941150595427e+03 2.281475917472180299e+04 2.326249110100764483e+03 1.119939132884275296e+03 -8.528358442594601740e+01 4.700584238856606589e+02 1.171776423978107914e+03 1.034695836365206560e+03 -5.433914767818286009e+02 -8.272291130707055800e+02 1.095856705389638364e+03
-1.912303802357891254e+04 -4.425043940293502601e+03 2.060181230900220180e+04 1.076399607666478369e+04 -3.635043226801350102e+03 5.280726077172366786e+02 8.813459940331753160e+02 -3.477454374020427963e+02 1.188369082116451636e+03 -1.610105636374382129e+03 2.951806474191984762e+03 1.327257629422688296e+03 -1.935701003283254238e+02 4.133888295669903528e+02 1.894549903453856587e+03 5.911757911906673826e+02 6.255152837190322543e+02 2.417789803596485854e+03 9.861310290293760090e+02 1.730807687250119670e+03 4.979388808440001412e+03 1.785792375929003174e+04 3.899287885736800945e+03 6.619354074314962872e+02 5.326516099651348668e+02 3.370495160893615889e+02 5.831554008078175002e+02 7.646304428254545655e+02 4.427220084498058128e+01 7.870388932559615114e+02 -6.152189943000120547e+04 -1.539778932591663761e+04 4.551312541863865044e+04 3.108183149586010040e+04 1.179265919103427450e+03 1.992142256219088813e+04 -4.644448730471238378e+03 3.376573996383581289e+03 -5.005753777230693231e+03 -4.996880785308544546e+03 4.878621042588757518e+03 5.097888035688484706e+03 -1.726581809875195177e+03 2.357324062257328933e+03 4.081740834436498517e+03 8.560732528841479052e+02 3.319263332479161818e+03 6.392117314219652144e+03 2.214798784750783852e+03 3.047590464420673015e+03 4.606132001625023804e+03 2.151009867877840588e+04 4.659874568169326267e+03 -1.177928525904133892e+02 2.576220602879909620e+03 3.175625796870736508e+02 6.379509838269685815e+02 4.327049863211191791e+02 -3.455059642815991197e+02 -1.937506376821442302e+02
-4.909371210957495350e+04 4.115805268177915423e+03 1.675955822564417031e+04 -5.020834856686645253e+03 5.265205648505671888e+03 9.489738403611038109e+01 8.180486837436145834e+03 -7.382976693486807562e+01 4.224640211211666610e+03 5.710442178737566792e+03 7.046206509453077160e+02 8.330220796272185453e+02 -2.953405904910000004e+02 1.165557772771347118e+03 8.635790798278206921e+02 -9.156938647146791936e+02 2.606899570373449251e+02 2.045212108787370084e+02 8.885993474323030341e+02 4.651409163968553457e+02 1.505292367663331788e+03 3.899287885736800945e+03 1.628154652458036981e+04 2.680173304667182947e+03 1.637910170005471173e+03 4.558939777726490092e+02 3.237955568575889060e+02 6.418041185155304618e+01 2.346228984289279538e+02 4.776293761972767697e+02 1.462827059648685099e+04 4.871044429633149412e+04 3.721734962625436310e+04 -8.578863351896618042e+03 -9.262688360184478370e+03 5.764788369343831619e+03 1.408655865665884085e+04 4.776079723505786205e+03 1.091155368384518988e+04 8.512061259874686584e+03 1.637185526463316819e+03 3.061742562251781237e+03 -1.189072849062907835e+03 -4.800826206975884247e+02 3.109567714959542286e+02 -4.065223413807753786e+03 5.009968116429752740e+02 2.808319196761506191e+02 2.104357935048286436e+03 1.274057667938739314e+03 1.035025017458785896e+03 3.731908886035521846e+03 2.166168584610748439e+04 3.887677195635321368e+03 2.705405781292499341e+03 9.825171357039515669e+02 1.292255625529951146e+02 -4.303144992680874452e+02 -3.506910916021299158e+02 1.017046253180955233e+02
9.502748483293060417e+03 -4.759186636859306532e+02 1.133248916060323791e+04 -1.365578820848868702e+02 -1.361123841390668895e+04 3.043777343596263108e+03 5.951676476232378263e+03 1.484280316409433453e+03 4.980036729843679495e+03 1.090186810215602463e+03 8.682927264606479412e+02 1.048324265418382737e+02 2.875037637763617113e+03 1.023082611093545324e+03 1.176223932166325085e+03 3.191768831373340163e+02 6.201141825682576609e+02 5.631715100646281371e+02 3.796652464507529317e+02 5.667779470216894424e+02 6.811327371090525276e+02 6.619354074314962872e+02 2.680173304667182947e+03 1.355937759600719255e+04 3.460435284921404218e+03 5.635951789556361291e+02 6.894014498994423548e+02 6.109770620655656330e+02 7.393624038115768826e+02 5.599116572258044471e+02 1.376485206471725360e+04 -1.250606021506439902e+04 1.523029134872161194e+04 6.823262328463771155e+03 -3.973256940669352480e+04 6.150448039639603849e+03 1.520224097712211369e+04 2.950893067286246605e+03 9.062967806572707559e+03 8.230887876627306468e+03 9.272309800284036100e+03 9.797071334678805670e+02 1.630128280240452341e+03 3.695658960919781293e+03 1.817614816153783750e+03 1.861519744208677309e+02 1.296129159394871294e+03 1.213475050010745008e+03 -3.873961321276955232e+02 2.958964283390048990e+02 -4.810064550925932281e+02 -7.338217118452012073e+02 2.611665582341243407e+03 1.610375645670798440e+04 5.306385710093088164e+03 3.715445882460320490e+02 -6.268065748177189107e+02 2.236028940344063471e+02 6.273054096218603490e+02 -2.760118953707810192e+02
-1.896566977617254815e+04 1.245239400763396407e+04 -1.598268234578648389e+03 3.303451540125239262e+03 -7.189022901577172888e+03 6.368192796885272173e+02 -1.155093914098684280e+02 4.185608048179679827e+03 6.645269068242224421e+03 2.220673541081931944e+03 1.604621128211523683e+03 -1.330953433533568955e+02 7.244524173612577442e+02 1.461861079380621959e+03 2.128095251904160534e+02 7.202709384017984462e+01 1.162094487546076152e+03 8.576458833790097742e+02 1.514768827504910007e+02 6.719937196918115205e+02 4.702038051068053051e+02 5.326516099651348668e+02 1.637910170005471173e+03 3.460435284921404218e+03 1.236895839217870525e+04 3.023388399041507000e+03 8.975067535041233668e+02 4.348583156825163201e+02 3.927573942645990996e+02 4.300314028528296717e+02 2.641197118188236345e+04 -7.835996884558036982e+03 -3.782500790072420205e+04 -1.942902984098700108e+04 -1.513557851128079164e+04 8.304918137939001099e+03 -6.623036158891148943e+02 -1.964981745324522535e+02 8.106891704421705981e+03 6.518355333543087909e+03 3.327258193696486160e+03 -6.537364121923019411e+02 -1.104830938214773141e+03 9.493904814943463180e+02 1.606706684883392597e+02 -2.301399546794792968e+03 1.499901378096499798e+02 1.525372073704252443e+03 1.085850745038761488e+03 1.480912169814896743e+03 -1.685693987733712902e+03 -1.496275165720822315e+03 1.507748414701207821e+03 3.811916608578334490e+03 1.459185081453078783e+04 2.429722306482788554e+03 -1.488133109869897730e+01 -3.605084024421315689e+02 -6.064032766000818810e+02 5.773543999224135632e+02
-1.212526550541841243e+04 2.105565146839994486e+04 2.001341494688716193e+04 5.998011189362289770e+03 1.465741444013145383e+03 -8.176629099084815380e+02 6.168503960771538004e+03 5.638859757065658414e+03 5.990446094386009463e+03 4.904315582465344960e+03 3.306407543571818678e+03 1.631389682360607139e+03 1.932180228786632824e+03 1.979162312109621780e+03 1.805347947638693086e+03 1.639279214494229336e+03 1.366519030321148421e+03 2.607321733379438342e+02 4.201152650313115373e+02 9.145030049343977225e+02 1.249701838400230372e+03 3.370495160893615889e+02 4.558939777726490092e+02 5.635951789556361291e+02 3.023388399041507000e+03 1.109674471018837176e+04 2.545798892920225626e+03 5.813614692097879697e+02 7.602270299071340105e+02 1.049894067972640642e+03 -1.115310332340868808e+04 2.870946205972525149e+03 -2.988530763339290206e+04 -1.979180645939453461e+04 1.676579699557019921e+04 1.403900162248887966e+02 1.847291930371559283e+04 1.169529518077140347e+04 2.962997308285496729e+03 7.088208118217539777e+03 4.958947664139259359e+03 3.073561763346429871e+03 5.372986395867757210e+02 2.361185226775258343e+03 4.426606115496052553e+03 -1.960535252510711643e+02 -5.034033871475601245e+02 -1.110591329878808210e+03 5.361004670913495147e+02 7.327354308509037537e+02 1.852509497157642500e+02 1.028856751785394863e+03 -4.853173353643435348e+02 -5.469515629445559171e+02 3.528885896264215717e+03 1.403309814986697711e+04 2.382109926425195681e+03 3.674310916291427702e+02 1.179481146696986798e+03 1.358876537831145015e+03
