3.062395090227149725e+08 6.723815431104552746e+07 -1.226388324546324089e+06 1.718916828406581422e+06 1.751781996023957385e+06 1.516672916535982396e+06 1.535282845922121778e+06 9.070379452569682617e+05 8.035539906747208443e+05 5.336213006825819612e+05 3.110392738706585369e+05 -5.701330956850144503e+03 3.245729455674564815e+05 1.181857989201188320e+04 3.525495841663186002e+04 4.106568209893952589e+05 1.871652218567000546e+03 1.856005809256926586e+05 -4.751035387599038586e+03 -1.120888445858450577e+05 3.460897891454972705e+04 6.880866171206046420e+04 8.877424011861227336e+04 8.558470255516837642e+04 1.417080292754837137e+05 1.284654344320026576e+05 1.608222225429338578e+05 3.703479509835664794e+04 -4.253133818188474106e+04 7.376547203274545609e+04 1.802942348241550922e+08 1.038034242810079008e+08 4.119516041488436051e+06 -3.308273410365452524e+06 2.810059310013226699e+06 4.904472250139336684e+05 -2.161718156459179707e+06 3.024157310430961661e+05 1.158401915494170738e+06 1.552118189700413030e+06 1.573666639124813955e+06 1.278097219020677148e+05 9.467913229926377535e+05 5.887269873689340893e+05 -2.157231045268645103e+05 5.295671147323906189e+05 2.223955456499946013e+05 -4.034495483432730543e+05 -5.527790598993061576e+04 -1.589845670205650677e+05 3.864630071065597585e+05 2.292097862050632830e+05 1.862166272474582947e+05 2.219694407394841255e+05 1.273847234713865182e+05 3.265865884096458904e+05 1.518620454545735265e+05 3.105071174174165208e+04 -1.703241963931390783e+05 1.463019253821823513e+05
6.723815431104552746e+07 1.080249784006957114e+08 1.621817670572871901e+07 3.952987992647771724e+06 2.128448324233150110e+06 1.272499505563278450e+06 1.105366669501182856e+06 1.387372610469845531e+05 1.656397214612383395e+05 3.594795902985238354e+05 2.175556994392573542e+05 4.892953085992619890e+04 1.981355427668712218e+05 1.259457259849823640e+04 5.327385026534894860e+04 1.306184229384129721e+05 1.242087322676392359e+05 1.787752471860696096e+05 5.539243305505099124e+04 1.138006635808237916e+05 5.760746186538324400e+04 7.735876375207572710e+04 9.324555507467580901e+04 1.396068024070900574e+05 1.568012687793012010e+05 1.144761782432582841e+05 5.525922493226570805e+04 5.752132558337236696e+04 -3.792162934324543312e+04 7.052152217756843311e+04 3.865918512317743897e+07 1.113820713365949094e+08 2.417757699966128543e+07 3.232023408471847884e+06 1.707467159634086769e+06 1.736514733208380407e+06 3.541019363681319519e+05 1.108708855838847230e+05 2.089133376272944151e+05 3.125666234227464302e+05 2.913405442551573287e+04 -2.531256450705906900e+05 -1.092651117086482191e+04 1.676052076721619815e+05 -2.983056848915021983e+05 2.314135826055566213e+04 9.572124254621757427e+04 -7.205062576939438259e+03 3.618717815970892116e+04 1.525332928100392455e+05 2.585963248432737964e+04 1.476773235167715466e+05 -9.294892107937765832e+04 1.747382567505526240e+05 2.276865731149619387e+05 7.332327236753034231e+04 1.906097495913805687e+03 4.572418741496222356e+04 -9.538407477670701337e+04 4.843417499642774783e+04
-1.226388324546324089e+06 1.621817670572871901e+07 3.580327389092730731e+07 6.976032546040848829e+06 1.025593019067751942e+06 -1.981309354689215543e+05 -1.798583069900782721e+05 -1.257737437417551555e+05 1.230370736432386911e+05 2.328072698263830534e+04 1.290360641898457834e+05 -4.514959222022613540e+04 1.235350836567367514e+05 1.153109290297399129e+05 6.956769354057591408e+04 -5.958289843728233245e+04 7.496614112009268138e+04 4.111879774050076230e+04 5.398117569409386488e+04 3.044662394110357855e+04 3.041452467815979981e+04 4.322533839100824844e+04 5.912491678841938119e+04 5.539113907512366131e+04 6.728387340563163161e+04 2.129978397047570252e+04 3.070798686947589522e+04 3.011816915175466784e+04 3.254842971128143472e+04 1.266982252170037100e+04 4.023545120772039052e+06 1.898594345686854422e+07 4.599758666031894833e+07 1.222888654473279789e+07 2.902510984176506288e+06 8.657168995615098393e+05 8.300810518070657272e+05 1.107721493712460506e+04 4.027618555204024306e+05 1.243725972931524011e+05 1.609765963600172254e+05 5.176533962590267765e+04 5.468818803995857888e+04 -1.141752181730012962e+05 6.514846593267674325e+04 -2.237220276946827653e+05 6.530491651290083973e+04 4.981870981167694117e+04 1.545161000880204374e+05 3.317312486276409618e+04 1.182485750912562435e+04 3.785869913906208967e+04 9.317349893787031760e+04 1.003304918853065319e+05 9.123031468867824879e+04 1.904997757011949579e+04 4.437937846740760870e+04 9.401318478212149057e+04 7.609121497097576503e+04 3.134844261997817739e+04
1.718916828406581422e+06 3.952987992647771724e+06 6.976032546040848829e+06 1.432127468358241580e+07 3.313899803316610400e+06 5.782868096135762753e+05 2.942001437965112855e+05 1.575149169365348644e+04 2.574790257260602084e+05 9.311390871723840246e+04 1.324518134577495803e+05 1.671922314431535779e+04 1.152916806839379278e+05 1.017611144366099761e+05 1.044024443035761760e+04 2.398382277952926597e+04 4.696136060927122890e+04 5.040882450040739059e+04 2.956985104126180158e+04 1.678108769722265060e+04 3.427843225832531607e+04 1.137208104340407954e+04 3.376373127393405593e+04 6.065862631875586521e+04 5.284870773956078483e+04 2.618308254287818272e+04 1.754527256425111409e+04 3.574244532865367364e+04 6.898597121457782123e+03 2.260822250655536118e+04 2.320547466374893207e+06 5.789276975000774488e+06 8.422416709584197029e+06 1.942581831519731507e+07 4.978878744211098179e+06 8.504883050999155967e+05 2.101727211072916689e+05 3.407169664156877843e+04 4.959895093541381066e+05 2.309517052418426611e+05 3.104762681200812222e+05 8.647269100561499363e+04 6.745526511991881125e+04 5.218702013494339189e+04 4.548783541277543009e+03 5.108215807432340807e+04 1.527398164844077255e+05 6.933322817093860067e+04 -3.147692171505729675e+03 3.264936644037631777e+04 9.504609732421487570e+04 9.016675214646455424e+04 9.304794322985505278e+04 9.974028480460967694e+04 6.955523545928535168e+04 5.978395960281693988e+04 8.079519654656632338e+04 9.447876701322107692e+04 6.670530995707312286e+03 4.483679320363651641e+04
1.751781996023957385e+06 2.128448324233150110e+06 1.025593019067751942e+06 3.313899803316610400e+06 6.456280803539969958e+06 1.458364686044048285e+06 2.176595043269223243e+05 9.947019836403055524e+04 1.306860603211174603e+05 5.140718042619675543e+04 1.406012006321606459e+05 1.369271144722905592e+05 8.598322350925588398e+04 2.794042818958682255e+04 1.628477025145138759e+04 4.889450150394126831e+04 5.311950551040282880e+04 4.965679121585963730e+04 5.645568670784606184e+03 2.172490078626799368e+04 1.168203944978736581e+04 3.242787137081598848e+04 1.919185811121664665e+04 1.697390469949933686e+04 3.391797387886169599e+04 1.958675865531322779e+04 1.759298956515308237e+04 2.199789594510037659e+03 5.486949001589168802e+03 7.370980898126791544e+03 8.224678538428854663e+05 2.975527925268175080e+06 8.056694485956159187e+05 4.669679834377231076e+06 8.815391594014793634e+06 2.062011762961016269e+06 4.057129493957129889e+05 4.106323974443016050e+04 2.461163237006629060e+05 1.388376216622541542e+05 1.555195498234015540e+05 2.833522761917492608e+05 1.167267572166222672e+05 -6.307299424413080487e+03 6.105215462996702263e+04 7.486244250546107651e+04 1.043769553358440317e+05 1.362247707502878038e+05 -3.110561634375001449e+04 4.574732827020289551e+04 1.975990991246027988e+04 6.414741414230698138e+04 3.029687721260230319e+04 2.293771920501393470e+04 7.371279217096406501e+04 7.296144292011654761e+04 4.509538871341107733e+04 6.852845839334509037e+03 -2.446679429829820219e+04 1.078927829943402685e+04
1.516672916535982396e+06 1.272499505563278450e+06 -1.981309354689215543e+05 5.782868096135762753e+05 1.458364686044048285e+06 3.070769515370526351e+06 7.777823371866785455e+05 2.060313145387695695e+05 1.384270856420907076e+05 7.131937896299306885e+04 1.229721861089731101e+05 7.152127565867413068e+04 5.565499194011749205e+04 3.033065129517183595e+04 3.615582411376911477e+04 4.248209035741748812e+04 3.766017582511605724e+04 2.034764942277843147e+04 1.699788316514290273e+04 4.908045478734272365e+03 1.501344616746937572e+04 2.376237397109657468e+04 1.901768158515871983e+04 2.606075580088855349e+04 1.569908842847759479e+04 2.204766772132982078e+04 5.684224937430323735e+03 5.762422204260515173e+02 6.277554594290374553e+03 1.117886507138019260e+04 2.686351666527749039e+06 2.688727344398675021e+06 4.068963976497311523e+04 8.845836355314769316e+05 1.863096991492212983e+06 4.113025070710977539e+06 1.489800780681920704e+06 2.633116918924681377e+05 1.498801102286119130e+05 6.721840044247977494e+04 1.126446725494901184e+05 9.128559001040986914e+04 1.424664055386304972e+05 1.029323006247476878e+05 6.138187669950814598e+04 2.778927828458602744e+04 4.207008742595118383e+04 5.056002702931880776e+04 2.507570171013213621e+04 2.403406163426696367e+04 1.449178396368321228e+04 1.659715521098476893e+04 -2.928609229736694942e+03 3.142259873559939297e+04 5.376903545453077095e+04 6.818095606845126895e+04 2.806377623527813194e+04 1.234174350758988658e+04 -9.033433112234857617e+03 2.311046565923886010e+04
1.535282845922121778e+06 1.105366669501182856e+06 -1.798583069900782721e+05 2.942001437965112855e+05 2.176595043269223243e+05 7.777823371866785455e+05 1.889220437878071796e+06 4.311147323132189340e+05 1.449276904941544344e+05 5.453266027891479462e+04 6.121068052631332102e+04 3.267172346160880625e+04 3.815198324796240922e+04 3.435054293291260547e+04 1.993395694282803743e+04 3.898377545928021573e+04 2.873510680631126161e+04 3.276127382114356442e+04 3.047683979977519630e+04 1.868657791862576050e+04 1.917476800327813180e+04 2.192124081701530304e+04 1.668956121060503574e+04 1.725258720286695097e+04 1.340672265725410216e+04 1.264678496230509700e+04 5.781894310587479595e+03 1.117701079485257105e+04 1.773063511250409874e+03 3.893401617670482210e+03 1.849846429457260063e+06 1.390139136093729176e+06 2.869685595104059321e+05 1.358634180148446467e+05 -2.705400550904778065e+05 1.077285180644240230e+06 2.642541479408433661e+06 6.286520955610000528e+05 1.664309274355724338e+05 -1.365326128196989202e+03 5.743364909992623143e+04 6.900739833303549676e+04 7.990501188311855367e+04 7.073298266933654668e+04 5.849163467648331425e+04 3.448389126381547248e+04 3.012371755406988450e+04 5.524513977377022093e+04 5.248110543063875230e+04 4.461457956056553667e+04 2.559827124151248427e+04 2.954864306452958044e+04 -1.937726998347946937e+04 2.168278849415412333e+04 1.909939606537730288e+04 1.763272916223006541e+04 1.494135146206059289e+04 6.998175256349910342e+03 5.426002285510699039e+03 1.461418072822007525e+04
9.070379452569682617e+05 1.387372610469845531e+05 -1.257737437417551555e+05 1.575149169365348644e+04 9.947019836403055524e+04 2.060313145387695695e+05 4.311147323132189340e+05 1.184387283744103508e+06 3.082752419809023850e+05 6.682866891156668134e+04 4.969889950478738319e+04 3.990834020552354195e+04 2.657495741014796295e+04 4.144212370693209959e+04 3.303213124321424402e+04 2.561725503386187847e+04 1.669763579508414841e+04 2.541236121378928510e+04 2.434927461265595412e+04 1.811751743354312202e+04 1.314996585107470491e+04 1.492634548575033295e+04 1.192029855307730941e+04 9.026358650591848345e+03 1.768999815891997059e+04 1.118702590410268567e+04 1.009944132977613299e+04 1.078235227112749453e+04 4.820487092105130614e+03 5.939118015295870237e+02 7.230466000152030028e+05 5.098061651451761718e+05 -9.745341682133723225e+04 -6.652166408240297460e+04 -1.156453130001915561e+05 2.414830689372604829e+05 5.116538071081041708e+05 1.537080411780409748e+06 4.151175076726576081e+05 3.150603207098426356e+04 8.072688418308562541e+04 7.574567431327076338e+04 5.833082571595410263e+04 1.433549621915528260e+05 6.880787416644522455e+04 5.028300590028529405e+04 3.516519637804935337e+04 4.104855791594816401e+04 2.113644554342389165e+04 3.148588528718758971e+04 1.470129168785409638e+04 1.376916805596252925e+04 -3.579413148774756792e+03 1.915173913724832528e+04 2.863872233451040302e+04 3.253430030100441218e+04 5.464851626311734435e+03 1.602070439771873498e+04 8.383327186950611576e+03 9.913854432031090255e+03
8.035539906747208443e+05 1.656397214612383395e+05 1.230370736432386911e+05 2.574790257260602084e+05 1.306860603211174603e+05 1.384270856420907076e+05 1.449276904941544344e+05 3.082752419809023850e+05 6.620754939593677409e+05 1.818994847938463790e+05 5.764086902952645323e+04 5.711814388895333104e+04 4.209014217463189561e+04 2.927520868359052110e+04 2.932541945395579387e+04 1.426120464083269144e+04 1.953233550300201750e+04 1.978618692578841365e+04 1.537335300813272625e+04 7.301160592643219388e+03 1.273227895002892365e+04 8.733209112074486256e+03 8.081951869090881701e+03 8.450725127982579579e+03 5.542238093261996255e+03 6.543093520762798107e+03 1.058088553997298732e+04 8.174567011795425060e+03 6.286519572410922592e+03 3.190420463112935067e+03 2.254538798664854548e+05 3.526749990113298991e+05 -4.063328653518464853e+04 4.871125744163420750e+05 1.546995973829286522e+05 1.364813779030266742e+05 2.022309323965400399e+05 4.780231171359160217e+05 9.379470259937244700e+05 2.046584145470693184e+05 5.473831365307394299e+04 5.937129425844950310e+04 2.951745047578138110e+04 5.891099477165439748e+04 4.289963742312566319e+04 1.246971369216780477e+04 3.546976726908746059e+04 2.115919279688834649e+04 5.601503439566319685e+03 1.286595628261850834e+04 3.144537687038415243e+03 2.542363280207432126e+03 -4.977233948959912595e+03 1.297569337350838578e+04 7.336890338774295742e+03 2.514920620033195064e+03 7.277925526344773061e+03 1.079597155210974961e+04 3.868895175427845970e+03 1.856737552601456628e+03
5.336213006825819612e+05 3.594795902985238354e+05 2.328072698263830534e+04 9.311390871723840246e+04 5.140718042619675543e+04 7.131937896299306885e+04 5.453266027891479462e+04 6.682866891156668134e+04 1.818994847938463790e+05 4.444890194411271368e+05 8.672959664639421680e+04 2.450821080740121397e+04 1.943935767159620082e+04 2.097310464267651696e+04 1.758306675410706157e+04 2.602938720077472681e+04 1.348660852162907759e+04 7.812298011252820288e+03 1.407053585874032433e+04 8.384197321423343965e+03 1.022935048299658592e+04 1.046007054184356275e+04 1.302224581534212302e+04 1.544300561610769182e+04 6.228337410723891480e+03 5.716594130967611818e+03 8.507736849181386788e+03 4.429420515256823819e+03 3.394769574442602789e+03 3.896634577226186593e+03 -1.112127475807240844e+05 4.284472463667013799e+05 -3.915516131584212417e+04 1.296666713107388641e+05 5.402642839003144036e+04 1.118807409172248008e+05 1.018493004201888107e+05 1.587926978937802196e+05 2.411316137795663381e+05 6.109380314025939442e+05 1.115021753373642132e+05 3.524056909814661049e+04 2.689171221964128927e+04 7.076011230447632261e+04 6.786142701555361782e+03 2.802835264050445039e+04 -5.232279737565286268e+03 3.280685127838627523e+03 4.555030071225573010e+03 1.129055100057497839e+04 3.356572149880369125e+03 6.499467695295115846e+03 7.980988299355473828e+03 1.577967325604053258e+04 5.559910071082490504e+03 4.385162904418080871e+03 1.128832898160555305e+04 5.628410392111872170e+03 6.503580664073199841e+03 3.007799869365854647e+03
3.110392738706585369e+05 2.175556994392573542e+05 1.290360641898457834e+05 1.324518134577495803e+05 1.406012006321606459e+05 1.229721861089731101e+05 6.121068052631332102e+04 4.969889950478738319e+04 5.764086902952645323e+04 8.672959664639421680e+04 2.808509816543288762e+05 7.829328331810016243e+04 2.728956029845585363e+04 2.469206544014895189e+04 1.969768304221150174e+04 1.127144129548719138e+04 6.515023740755652398e+03 5.904342904048627133e+03 6.072286303893964032e+03 9.951667792334932528e+03 8.199657637036065353e+03 7.330267355347057673e+03 4.770362662399781584e+03 5.381282777615044324e+03 3.156775095255800352e+03 6.216828274258411511e+03 3.584346596147065611e+03 3.892962665541943807e+03 2.184637282159292226e+03 1.539934117495496821e+03 6.141039146881016204e+05 2.082311064821851032e+05 -1.258081111973853695e+05 2.746585510293300031e+05 1.793568020597260620e+05 1.385468205160580401e+05 1.706923277459540695e+05 9.404746976430827635e+04 8.261039719576506468e+04 1.556925143811332237e+05 3.480949526505040703e+05 1.138643717312236986e+05 4.370144878227665322e+04 4.228240003744489513e+04 3.136204671000692178e+04 1.026752077041935991e+04 6.252093014103523274e+03 1.966233305092293813e+04 1.235167621581299318e+04 2.146436704508472394e+04 8.971438435315862080e+03 1.178625838480176026e+04 6.928391486369251652e+03 4.212611133358108418e+03 1.061262705413842923e+04 1.238521136285098510e+04 1.222249076630825039e+04 3.002149694089207969e+03 -3.384103082473952782e+02 1.841785140496069744e+02
-5.701330956850144503e+03 4.892953085992619890e+04 -4.514959222022613540e+04 1.671922314431535779e+04 1.369271144722905592e+05 7.152127565867413068e+04 3.267172346160880625e+04 3.990834020552354195e+04 5.711814388895333104e+04 2.450821080740121397e+04 7.829328331810016243e+04 2.171904238692467916e+05 6.023297480354041181e+04 1.607871944535898729e+04 1.613468343578211352e+04 1.492409752519484937e+04 1.147041653474046507e+04 1.485503064064159662e+04 8.383507301599505809e+03 1.063914195995109003e+04 5.585269316298678859e+03 3.184198666136033808e+03 4.705319817934832827e+03 4.624808388880849634e+03 5.015089648499078976e+03 3.106027231661152655e+03 9.835555524576185462e+02 2.700506792483671688e+03 3.079332809162745889e+03 3.423788359135507562e+03 -3.821907478784737759e+05 9.870415666365585639e+04 -1.007651330328690528e+05 1.257830400018797372e+05 1.203538338767671667e+05 1.049362369028103421e+05 8.702377949123193684e+04 5.075269889343745308e+04 6.543161169002153474e+04 4.376475434355792822e+04 8.510840650542096409e+04 2.811955514172835974e+05 8.133873809827626974e+04 2.804379900190326225e+04 3.804785611008043634e+04 2.158333601497853670e+04 1.198057260842278083e+04 2.477302350033240873e+04 5.996658093379509410e+03 1.535138951900856409e+04 1.769136863099635548e+03 7.931954412101310481e+03 5.919632990305127350e+03 2.510893407505867799e+03 8.873868180827970718e+03 5.584633343936287929e+03 4.506847903928013693e+03 4.547377718605978771e+03 8.937898580383482113e+03 4.771252489587523087e+03
3.245729455674564815e+05 1.981355427668712218e+05 1.235350836567367514e+05 1.152916806839379278e+05 8.598322350925588398e+04 5.565499194011749205e+04 3.815198324796240922e+04 2.657495741014796295e+04 4.209014217463189561e+04 1.943935767159620082e+04 2.728956029845585363e+04 6.023297480354041181e+04 1.560259713556642819e+05 3.472673825595951348e+04 1.119575070575422433e+04 1.023056154286391029e+04 4.037866009828156166e+03 1.029442184327686118e+04 6.656826538286944924e+03 7.577139457420343206e+03 6.791885367530084295e+03 6.994568804803946477e+03 1.061718560174170307e+04 6.810550847197083385e+03 6.525655038899430110e+03 2.266339585159511444e+03 3.086280941794707360e+03 4.938902647775104015e+03 2.140308881712342099e+03 4.285678360288360636e+03 1.386962109462239023e+05 1.083876372959394794e+05 1.723149454804164416e+05 2.205082424943840306e+05 5.278870823535663658e+04 1.133010282398736126e+04 6.725825832652983081e+04 5.356449551289800729e+04 5.130518336316868226e+04 3.623598217664630283e+03 2.333164652058690990e+04 7.187490708438986621e+04 1.939026913038042840e+05 5.001582426734786713e+04 1.625379629215259411e+04 1.509919813404421257e+04 5.918388513977107323e+03 1.263302095506943442e+04 4.660727717928402853e+03 1.012746439795294464e+04 7.342728190974443351e+03 4.355379061378048391e+03 5.104682109394842882e+03 6.026834537662134608e+03 7.034910603624583018e+03 4.084442443737368649e+03 1.219810678812389051e+04 8.849338542946625239e+03 1.367885611422951342e+03 4.926957388567077942e+03
1.181857989201188320e+04 1.259457259849823640e+04 1.153109290297399129e+05 1.017611144366099761e+05 2.794042818958682255e+04 3.033065129517183595e+04 3.435054293291260547e+04 4.144212370693209959e+04 2.927520868359052110e+04 2.097310464267651696e+04 2.469206544014895189e+04 1.607871944535898729e+04 3.472673825595951348e+04 1.201698714303652087e+05 3.737646950066976569e+04 1.031609306885253136e+04 1.035453595279551882e+04 5.214549371107051229e+03 4.135947186004460491e+03 4.833280603554884692e+03 5.489055245869288228e+03 9.236070191479888308e+03 4.151225600055608083e+03 1.934089214507045199e+03 2.187475377632601521e+03 2.455028262449714475e+03 4.669670076257571054e+03 4.268709028538693929e+03 1.631158047361905801e+03 2.770780888400783624e+03 3.282168389589006256e+04 7.241661567892254971e+04 -2.839818901025838568e+04 1.626275751854749396e+05 4.789673010190748755e+04 9.674901230495444906e+04 6.516532531626088166e+04 5.887674680311574775e+04 3.970623602864897111e+04 3.088609994420723160e+04 1.546411573141253393e+04 3.598018813710677205e+04 4.812663859004386177e+04 1.610177551432162290e+05 6.282597634960601863e+04 3.814182857295959366e+03 5.055835558114040396e+03 8.044254241523805831e+03 1.812029139902570023e+03 1.281309457076592662e+04 5.901367757177112253e+03 1.108843907277116159e+04 7.959748050275858077e+03 1.420505207648089709e+03 5.604151459090232493e+03 3.653557361734900041e+03 6.203854937782779416e+03 3.646775133361383723e+03 1.254111436933256527e+03 4.024603139713205564e+03
3.525495841663186002e+04 5.327385026534894860e+04 6.956769354057591408e+04 1.044024443035761760e+04 1.628477025145138759e+04 3.615582411376911477e+04 1.993395694282803743e+04 3.303213124321424402e+04 2.932541945395579387e+04 1.758306675410706157e+04 1.969768304221150174e+04 1.613468343578211352e+04 1.119575070575422433e+04 3.737646950066976569e+04 9.694994603729118535e+04 2.286521007847400324e+04 1.153966828272697239e+04 6.797510875115440285e+03 5.292017653245175097e+03 2.505940401413443851e+03 5.729289426480905604e+03 6.418896083448215904e+03 4.221877061624346425e+03 2.701304006901824778e+03 2.538068779691751843e+03 2.449076615263273197e+03 3.540133637255959457e+03 4.713205282960941986e+03 1.869761400207869201e+03 2.087463979084513539e+03 3.725491600305092288e+05 -1.341819795511995908e+05 -8.974505808030566186e+03 1.039731272918930918e+05 -1.393536692659676555e+04 2.892083859690039026e+04 5.661013339530697704e+04 5.586900389608476689e+04 6.095284345113763266e+04 2.059273337479409747e+04 2.363387022927975340e+04 3.832005762628739467e+04 5.263686416473062309e+03 4.604889510924011847e+04 1.361124640520541871e+05 2.225633893052260828e+04 5.276696217353459360e+03 7.982381873585232825e+03 5.406366847251631953e+03 9.491766209149041970e+03 2.832210469134839059e+03 4.514676336145335881e+03 9.961366118222220393e+03 2.205594475617922853e+03 3.009839417248475456e+03 1.758085136834027480e+03 7.214732566192669765e+02 5.056291454206879280e+03 1.210483472918035204e+03 1.649604646104141466e+03
4.106568209893952589e+05 1.306184229384129721e+05 -5.958289843728233245e+04 2.398382277952926597e+04 4.889450150394126831e+04 4.248209035741748812e+04 3.898377545928021573e+04 2.561725503386187847e+04 1.426120464083269144e+04 2.602938720077472681e+04 1.127144129548719138e+04 1.492409752519484937e+04 1.023056154286391029e+04 1.031609306885253136e+04 2.286521007847400324e+04 7.488769283321549301e+04 2.095590395345115758e+04 7.439085663750391177e+03 6.932779618634822327e+03 3.656985334292441166e+03 6.060832559864745235e+03 4.082793351123266802e+03 4.666360190339596556e+03 5.815531167974610980e+03 4.042971107850376939e+03 3.542628767239435092e+03 2.424934176530427521e+03 2.253717703105296096e+03 1.185701026912814996e+03 1.964988753070730354e+03 1.928780236947916565e+05 3.477223767707517836e+05 3.185612413558728076e+04 7.660726577481065760e+04 3.465262214314848825e+04 2.092124865757548832e+04 7.462735536636319011e+04 5.903263712197569839e+04 2.177638958994453424e+04 2.351733891582615979e+04 -1.872309972737709813e+03 3.129182098922055229e+04 2.116381064990363302e+04 1.488942224391699165e+04 2.507839221337853087e+04 8.928695899885660037e+04 3.413834177616280067e+04 1.223128131289979683e+04 5.820138542740610319e+03 1.032690847158210818e+04 1.156806771863221365e+04 7.789382203273538835e+03 7.547124404699406114e+03 8.643594285596091140e+03 8.709382260250515174e+03 8.250048583761245027e+03 2.987059872100982375e+03 2.867955978658102595e+03 1.683674312074109366e+03 6.043802909589203409e+03
1.871652218567000546e+03 1.242087322676392359e+05 7.496614112009268138e+04 4.696136060927122890e+04 5.311950551040282880e+04 3.766017582511605724e+04 2.873510680631126161e+04 1.669763579508414841e+04 1.953233550300201750e+04 1.348660852162907759e+04 6.515023740755652398e+03 1.147041653474046507e+04 4.037866009828156166e+03 1.035453595279551882e+04 1.153966828272697239e+04 2.095590395345115758e+04 5.389927920720336988e+04 1.647981280354745104e+04 4.949960116262926931e+03 3.079696793427431658e+03 5.712698364107141060e+03 3.578013914624894824e+03 2.674061717335649064e+03 3.648794811501921686e+03 3.450583587621221341e+03 1.560570852779956795e+03 2.563498018393624534e+03 1.059986456429779537e+03 -1.994358242044056340e+02 1.748090651426561635e+03 -4.551439121564151719e+04 3.308208299619958270e+05 1.269598179810418223e+05 9.549349891091523750e+04 5.927040686634450685e+04 6.220932078968972928e+04 5.837125801588400645e+04 3.778688587715774338e+04 3.844222849365345610e+04 1.036206984387779084e+04 -2.885288106060057999e+03 1.086186713529327426e+04 1.150286269654133321e+03 8.387374821024335688e+03 8.165335885483786114e+03 2.891271951240269846e+04 6.514455698246129032e+04 2.112426101340716559e+04 2.655376319950175457e+03 5.215085223504262103e+03 5.264461582255290523e+03 6.390703187126456214e+03 3.268992986619091425e+03 6.886243929775122524e+03 3.978247666918905452e+03 4.424914845480469921e+03 5.852407625509576064e+03 5.876487389701433131e+02 -6.165050425550712134e+02 3.300721412487266662e+03
1.856005809256926586e+05 1.787752471860696096e+05 4.111879774050076230e+04 5.040882450040739059e+04 4.965679121585963730e+04 2.034764942277843147e+04 3.276127382114356442e+04 2.541236121378928510e+04 1.978618692578841365e+04 7.812298011252820288e+03 5.904342904048627133e+03 1.485503064064159662e+04 1.029442184327686118e+04 5.214549371107051229e+03 6.797510875115440285e+03 7.439085663750391177e+03 1.647981280354745104e+04 5.251885363607372710e+04 1.455067703156730749e+04 6.582007240744869705e+03 5.793761608161894401e+03 4.554662175541008764e+03 4.105656467759509724e+03 4.037793686420046924e+03 5.930388929103684859e+03 2.877689985419954155e+03 3.066914372134665427e+03 3.731858598467725187e+03 2.675172833748388257e+03 2.427590120880541690e+03 2.329309445467866317e+05 3.966456030908667599e+05 -1.298684953991799193e+04 -5.498026481646202592e+04 2.630332851286527875e+04 5.600952392232459715e+03 5.268802225212886697e+04 4.197574163242218492e+04 4.256948166265014152e+04 2.380849802730714873e+04 -7.516217478298950482e+03 8.481188896472100168e+03 1.173364221970692051e+04 7.567964732052207182e+03 7.097583534325174696e+03 6.634049618831881162e+03 2.258391808387344645e+04 6.549404142079401208e+04 1.509738490629536136e+04 6.339313065824750083e+03 4.850608059299477645e+03 5.698044681212129035e+03 4.192440637637393593e+03 5.951011472788849460e+03 3.236147748587316528e+03 1.418508923598094952e+03 2.150033491782545752e+03 2.954090174199432568e+03 1.620586116652443479e+03 4.357558747107310410e+03
-4.751035387599038586e+03 5.539243305505099124e+04 5.398117569409386488e+04 2.956985104126180158e+04 5.645568670784606184e+03 1.699788316514290273e+04 3.047683979977519630e+04 2.434927461265595412e+04 1.537335300813272625e+04 1.407053585874032433e+04 6.072286303893964032e+03 8.383507301599505809e+03 6.656826538286944924e+03 4.135947186004460491e+03 5.292017653245175097e+03 6.932779618634822327e+03 4.949960116262926931e+03 1.455067703156730749e+04 4.230375732550767862e+04 1.419928387604627278e+04 5.317025204682777257e+03 4.346632452340270902e+03 2.727766989022567031e+03 3.163518912824143172e+03 4.721867703513282322e+03 3.510534582923441121e+03 1.890172134757967115e+03 3.397470903748585897e+03 2.148368206238838411e+03 5.766076180460972864e+02 1.187969382444515213e+05 1.593610999136073806e+05 1.701121190910683436e+04 2.952428786084984313e+04 1.257793451581429872e+04 6.780167139538175252e+04 6.122865975593515032e+04 3.694829614472711546e+04 4.035895796074263490e+04 2.717103395317730246e+04 1.729418582371486764e+03 1.321811700378854994e+03 6.179216622570175787e+03 1.258468649056376307e+03 5.048064114218756913e+03 6.169467384072393543e+03 5.824500446037443908e+03 1.730119164137065673e+04 4.654903739025144023e+04 1.849881685822219515e+04 2.348080744513730679e+03 5.039717971329703687e+03 1.459885197611222907e+02 2.286750258815976395e+03 2.772366114093409124e+03 4.035810409614378386e+03 1.821897440825920057e+03 1.542660820184020849e+03 2.554853641177219288e+03 2.863805244348297947e+03
-1.120888445858450577e+05 1.138006635808237916e+05 3.044662394110357855e+04 1.678108769722265060e+04 2.172490078626799368e+04 4.908045478734272365e+03 1.868657791862576050e+04 1.811751743354312202e+04 7.301160592643219388e+03 8.384197321423343965e+03 9.951667792334932528e+03 1.063914195995109003e+04 7.577139457420343206e+03 4.833280603554884692e+03 2.505940401413443851e+03 3.656985334292441166e+03 3.079696793427431658e+03 6.582007240744869705e+03 1.419928387604627278e+04 3.753960416368262668e+04 1.058678250603861670e+04 4.967427156083541377e+03 4.393268420297748889e+03 4.365488907271324933e+03 3.679362129041337539e+03 2.528266553029037823e+03 1.122778685201303006e+03 3.504871131747127492e+03 2.442848557960412563e+03 2.582394503699241795e+03 -1.017038253786863934e+05 3.975054453273576655e+04 -1.834471384527068221e+04 2.499621354284244080e+04 4.395139019765323610e+04 2.931500153289437731e+04 3.942042779534733563e+04 2.841601378764955007e+04 2.258976592797858029e+04 1.023725278241951128e+04 5.865724076976447577e+03 9.506582289286565356e+03 5.972076558122173083e+03 3.623192504282162645e+03 7.573038407401999393e+03 2.888035386633358030e+03 7.928617411125355829e+02 5.261167168167711679e+03 1.388377398962737789e+04 4.473330636511449120e+04 1.111430884544217588e+04 6.881669080221496415e+02 3.095719295025726865e+02 1.606358722326573798e+03 4.635016461745649394e+02 2.180761536873750174e+03 1.608776412161491180e+03 1.691219935121016761e+03 2.360305658948283508e+03 3.525225517028008653e+03
3.460897891454972705e+04 5.760746186538324400e+04 3.041452467815979981e+04 3.427843225832531607e+04 1.168203944978736581e+04 1.501344616746937572e+04 1.917476800327813180e+04 1.314996585107470491e+04 1.273227895002892365e+04 1.022935048299658592e+04 8.199657637036065353e+03 5.585269316298678859e+03 6.791885367530084295e+03 5.489055245869288228e+03 5.729289426480905604e+03 6.060832559864745235e+03 5.712698364107141060e+03 5.793761608161894401e+03 5.317025204682777257e+03 1.058678250603861670e+04 3.053624452056642258e+04 7.937805809373808188e+03 3.366369374925894135e+03 4.455972018268617830e+03 4.217792895416672764e+03 2.749281746517577176e+03 2.796771765942753063e+03 2.996169491379775081e+03 1.980582149873973094e+03 2.037664468921363323e+03 9.366869596375041874e+04 -1.875899756529133811e+04 -1.707906562617736927e+04 6.880508392889976676e+04 -2.120922287593892906e+04 2.427891609005087957e+04 4.432932695125072496e+04 2.707145767935727781e+04 2.537377078394268756e+04 9.652908671343058813e+03 1.151315329408231628e+04 4.705691420663290955e+03 1.371715242071237117e+04 1.322088463986874012e+04 1.084135808101152543e+04 6.195955897051459033e+03 5.848551591458531220e+03 3.676640570214014588e+03 5.612064685494636251e+03 1.180875861637550952e+04 3.562522636877183686e+04 4.722910603328425168e+03 1.689128247561347507e+03 3.778520989201225802e+03 2.921042502381934810e+03 3.101871175756360117e+03 2.951639289229119186e+03 3.946550798895798380e+03 4.357767915042792083e+03 2.854931575395873551e+03
6.880866171206046420e+04 7.735876375207572710e+04 4.322533839100824844e+04 1.137208104340407954e+04 3.242787137081598848e+04 2.376237397109657468e+04 2.192124081701530304e+04 1.492634548575033295e+04 8.733209112074486256e+03 1.046007054184356275e+04 7.330267355347057673e+03 3.184198666136033808e+03 6.994568804803946477e+03 9.236070191479888308e+03 6.418896083448215904e+03 4.082793351123266802e+03 3.578013914624894824e+03 4.554662175541008764e+03 4.346632452340270902e+03 4.967427156083541377e+03 7.937805809373808188e+03 2.497024415004528782e+04 9.224550341159289019e+03 3.818407580545300334e+03 3.897255723555007080e+03 3.430679149218427938e+03 3.094583578549863432e+03 3.977900471669728631e+03 2.123292374947393910e+03 2.160068486862838654e+03 -2.499133261686588958e+04 -3.380734264362413342e+03 4.402968373300352687e+04 3.918062967531696631e+04 1.455948122125969167e+04 2.054956812568182431e+04 1.802640591121738544e+04 2.099766118713839387e+04 1.585440247708844436e+04 1.327773598013970513e+04 9.037317336030379010e+03 3.945172199387604905e+03 1.607800699030863325e+04 1.651318385580516406e+04 8.554120997738920778e+03 3.973135831526738002e+03 4.438883584893357693e+03 6.445691826029951699e+03 3.677152152207230756e+03 5.766262052304798090e+03 9.184113874440021391e+03 3.162122028282537940e+04 1.157182768494197262e+04 1.948268607383051858e+03 3.952157655302494732e+03 5.710901549172734121e+03 4.991294898158364958e+03 2.061259203599268403e+03 2.390478450216076453e+03 1.238853019999741036e+03
8.877424011861227336e+04 9.324555507467580901e+04 5.912491678841938119e+04 3.376373127393405593e+04 1.919185811121664665e+04 1.901768158515871983e+04 1.668956121060503574e+04 1.192029855307730941e+04 8.081951869090881701e+03 1.302224581534212302e+04 4.770362662399781584e+03 4.705319817934832827e+03 1.061718560174170307e+04 4.151225600055608083e+03 4.221877061624346425e+03 4.666360190339596556e+03 2.674061717335649064e+03 4.105656467759509724e+03 2.727766989022567031e+03 4.393268420297748889e+03 3.366369374925894135e+03 9.224550341159289019e+03 2.454993885713833151e+04 7.648033434163631682e+03 3.640601360128584929e+03 2.039829888391783925e+03 2.047779521138968676e+03 2.610439289004057173e+03 2.409213093650318569e+03 2.599992381263826246e+03 -8.665224679353873944e+04 1.635190830377500970e+05 1.431089942236023198e+05 5.659355175300769770e+04 9.723072647983704883e+03 2.779370288885108039e+03 1.111012342965336029e+04 7.205386186048704076e+03 1.815608058445759298e+03 2.181743797034177260e+04 9.787247557727974709e+03 1.797254163684742025e+03 1.141548246267452851e+04 6.869219409753696709e+03 6.762579089832191130e+03 3.406738702975848355e+03 5.560150407722443560e+03 3.300266237943455053e+03 1.988787481812221358e+03 4.559161819654072133e+03 3.593931303134150312e+03 1.074415396360923478e+04 2.858558136723938514e+04 1.122238190364891852e+04 2.244496792749302131e+03 2.903832334928823911e+03 3.219887919466206768e+03 1.958216937667716820e+03 1.047042108709498279e+03 2.130191191664510825e+03
8.558470255516837642e+04 1.396068024070900574e+05 5.539113907512366131e+04 6.065862631875586521e+04 1.697390469949933686e+04 2.606075580088855349e+04 1.725258720286695097e+04 9.026358650591848345e+03 8.450725127982579579e+03 1.544300561610769182e+04 5.381282777615044324e+03 4.624808388880849634e+03 6.810550847197083385e+03 1.934089214507045199e+03 2.701304006901824778e+03 5.815531167974610980e+03 3.648794811501921686e+03 4.037793686420046924e+03 3.163518912824143172e+03 4.365488907271324933e+03 4.455972018268617830e+03 3.818407580545300334e+03 7.648033434163631682e+03 2.010477007336817042e+04 7.004438630508110691e+03 2.189159059736572544e+03 1.830009690747920104e+03 2.454407692598149424e+03 2.593958426121697812e+03 1.905404856266271509e+03 1.233569903634123330e+05 2.473729795697422232e+05 1.367385157345786283e+05 7.668352026235296216e+04 1.470680583877466233e+04 1.277374139690565426e+04 8.341952965170457901e+03 1.049890185318942531e+04 1.795640389470288937e+04 3.776452146801088384e+04 9.119268774592459522e+03 7.418467907173289859e+03 9.797670154286641264e+03 3.117275949180509542e+03 4.511183550935660605e+03 3.713641910279740387e+03 5.573966549207130811e+03 2.384610565453379820e+02 4.435954844546022287e+03 5.434576129766119266e+03 4.857034367812392702e+03 3.695540659651068836e+03 6.522344104000321749e+03 2.383274150101990017e+04 9.550982856375452684e+03 3.510223270784734268e+03 2.541041290929744719e+03 2.638670639789194411e+03 3.512963451371892916e+03 3.249323149885740349e+03
1.417080292754837137e+05 1.568012687793012010e+05 6.728387340563163161e+04 5.284870773956078483e+04 3.391797387886169599e+04 1.569908842847759479e+04 1.340672265725410216e+04 1.768999815891997059e+04 5.542238093261996255e+03 6.228337410723891480e+03 3.156775095255800352e+03 5.015089648499078976e+03 6.525655038899430110e+03 2.187475377632601521e+03 2.538068779691751843e+03 4.042971107850376939e+03 3.450583587621221341e+03 5.930388929103684859e+03 4.721867703513282322e+03 3.679362129041337539e+03 4.217792895416672764e+03 3.897255723555007080e+03 3.640601360128584929e+03 7.004438630508110691e+03 1.770797393861680393e+04 6.110131583118844901e+03 2.292849447343886823e+03 2.300544990109096489e+03 1.417561559970510643e+03 1.676239637202968879e+03 -4.874682223427373060e+02 1.805188549852364522e+05 8.613209329414473905e+04 3.688597463899055583e+04 -1.695451488021712794e+04 3.052411664464347723e+03 2.385082569734876597e+04 2.061714087630917493e+04 1.757742850337713389e+04 1.319121923329551828e+04 -3.321937517290799633e+02 1.111148607636808947e+03 1.058663747534145841e+04 1.426097797877676385e+03 5.793371541030896879e+03 3.342296557137276977e+03 3.988860622769297152e+03 7.566111085724902296e+03 5.070063455364046604e+03 3.732263921180396210e+03 2.034665258404874294e+03 3.593190906269376228e+03 8.646254968217238002e+02 6.694522113486524177e+03 2.055436056197344078e+04 6.183623044292305167e+03 2.764542510147324265e+03 2.675044857341526495e+03 1.705945677120655546e+03 1.736174861006514448e+03
1.284654344320026576e+05 1.144761782432582841e+05 2.129978397047570252e+04 2.618308254287818272e+04 1.958675865531322779e+04 2.204766772132982078e+04 1.264678496230509700e+04 1.118702590410268567e+04 6.543093520762798107e+03 5.716594130967611818e+03 6.216828274258411511e+03 3.106027231661152655e+03 2.266339585159511444e+03 2.455028262449714475e+03 2.449076615263273197e+03 3.542628767239435092e+03 1.560570852779956795e+03 2.877689985419954155e+03 3.510534582923441121e+03 2.528266553029037823e+03 2.749281746517577176e+03 3.430679149218427938e+03 2.039829888391783925e+03 2.189159059736572544e+03 6.110131583118844901e+03 1.519453943428819366e+04 4.192832257374678193e+03 3.366198342168027466e+03 1.036637528272418876e+03 1.590681547997136249e+03 5.207216716328526672e+04 2.140861433860358084e+05 2.991036466652878153e+04 3.459720054877665825e+04 5.872882738992519762e+02 1.069462236109572950e+04 7.050939081934164278e+03 6.814520444835926355e+03 1.606363261456858709e+03 6.874170111926418031e+03 8.586073355772943614e+03 3.679605978677139319e+03 3.130411221665312951e+02 5.712253547948494997e+03 7.982318094625926506e+02 9.568837629163324436e+02 7.559158515216882961e+02 1.170871457866857327e+03 1.698605820163892076e+03 7.255383765112013634e+02 5.195913780636540196e+02 1.709381045810463320e+03 -2.202771989046636634e+02 6.745136702928439263e+02 5.968390448530878530e+03 1.664576482850647517e+04 3.476316435535881283e+03 3.302000226584282700e+03 -5.885990013677607067e+02 6.236897217217369871e+02
