3.662073683069140911e+08 7.155807836681480706e+07 -1.943973461813216330e+06 6.574379943014289020e+05 9.410500023319931934e+05 8.004227087285884190e+05 1.071243603824756108e+06 2.276101204166268872e+05 -3.792228808606187231e+05 -3.758801027313243248e+05 6.890201280166233191e+05 1.511268517527616641e+05 3.190185855834854301e+05 -1.156762423859851551e+05 -2.171298567146694695e+05 1.588737149442303635e+05 3.388919358150784683e+04 -3.318347305966985732e+04 -2.010696139270386266e+04 1.306862348500201369e+04 1.506017192051163875e+05 3.196334742963125245e+04 2.980874622507487948e+04 -6.547391853524609178e+04 8.441105476021788490e+04 -2.324836368353584476e+04 1.779833291911842025e+04 -1.022083263127077544e+03 3.602712516150924785e+04 -5.222569163482949807e+04 3.136645597048935890e+08 1.391308477832311988e+08 7.807380180322999367e+05 -8.680916643375534564e+06 2.470684496973674744e+06 2.085057765927606029e+06 6.955046340420941124e+05 -2.285347824828570883e+05 -1.939879117993574357e+06 -1.180662923560805386e+06 9.242513468811907806e+05 9.057399417406216962e+05 3.948518999144239933e+05 -6.332870390720202122e+05 -3.223716025835442706e+05 1.402169939721729606e+05 2.728070827874949900e+05 -1.673014369999848714e+05 -1.531253134859657730e+05 -2.941660266406662413e+05 3.763741295205836650e+05 -1.846382496626951615e+05 -5.127672477252538374e+04 -6.190856159104810649e+04 -1.296221617193217389e+05 -2.219768724799397751e+04 8.027680230620816292e+04 -2.258592721211822645e+05 -2.051123762639884444e+04 7.404535187883953040e+04
7.155807836681480706e+07 1.156755643616303056e+08 1.948795467427459732e+07 3.105938329155118205e+06 1.516716550261337776e+06 -7.894501289937397814e+04 5.921536089836469619e+05 5.619617319504760671e+05 2.367435712440183270e+05 9.391062748189864215e+04 2.832389769677256118e+05 8.274127228335486507e+03 3.126876694434196106e+05 1.130457240522159991e+05 -8.874822285544421447e+02 1.608341543391883897e+05 1.305955477043801657e+05 5.917740842776477075e+04 1.220315185951912827e+04 1.103496693203338218e+05 5.949613247759325895e+04 1.507952246394997201e+04 6.683205787738121580e+04 3.612139652856149769e+04 7.556083337527365074e+04 5.329238180821394053e+02 2.722386841949307927e+04 4.472406015930807189e+04 2.846986033183043764e+04 -2.119125265356686668e+03 6.833959543441873789e+07 1.471186824928660095e+08 3.197179838482981548e+07 -2.690028441736296008e+04 1.436828681533729192e+06 1.127069094611843349e+06 7.345078029470579932e+05 7.319567793310228735e+05 -4.975450120920428308e+05 -3.916564918781274464e+05 4.404879742207567906e+05 8.619444767921017774e+04 5.581770974828680046e+05 2.064387581377796887e+05 1.119682434770848886e+04 1.959188915645430679e+05 1.501552360337901919e+05 2.886390548197726457e+04 1.116647573856806557e+05 2.669595850715308916e+05 2.026938857402650465e+05 3.025383334241588091e+04 1.452456461752853356e+05 1.344081210916831915e+05 1.252671859522859595e+05 -7.535979739804619749e+04 9.729106210094034031e+04 6.259863693668047199e+04 6.266014401298863959e+04 -1.061907854348975161e+04
-1.943973461813216330e+06 1.948795467427459732e+07 3.586427848722375184e+07 6.959558715338578448e+06 1.127371471667955630e+06 -3.965535527044173796e+05 -5.128237298364763847e+05 -1.535534520208464528e+05 2.015653637912631530e+04 -2.942534665186007260e+04 1.310341307026251889e+05 9.387756676145138044e+04 1.149874850072502450e+05 9.286328018400186556e+04 6.910989284864254296e+04 1.256690896128060267e+05 1.111757764840052405e+05 3.974278263021158637e+04 3.937000952105033502e+04 4.004056932239102753e+04 3.974226769259315915e+04 2.235640597589129902e+04 4.599535408352746890e+04 3.768470951826488454e+04 5.579990709763048653e+04 5.000574224757752381e+04 2.879801472901473608e+04 1.229448927211299815e+04 8.967568565087329262e+03 -1.076750302026364807e+04 6.619034265193997882e+06 2.674942083852441609e+07 5.078804859089086205e+07 1.338204139803165197e+07 2.574957934251904953e+06 9.333599128864929080e+05 -1.806365935421887261e+05 -1.295590927143509725e+04 2.757003418816667981e+05 6.758268104151706211e+04 3.544684980244142353e+05 1.405442502449802414e+05 -1.304933620439027618e+04 2.241803416317849042e+04 1.490755300391678020e+03 6.511720091702194622e+04 2.570540188652805227e+04 1.140261174029543618e+05 8.655155445818653970e+04 1.514772425778769830e+05 3.155122399065081481e+04 -1.366459490137072180e+03 4.713316496545304835e+04 1.718142485871649114e+04 8.821786801081793965e+04 -4.202555178711094050e+04 1.122241826294814564e+04 4.165935441935718700e+04 4.087584168378450704e+04 5.593874989723370527e+04
6.574379943014289020e+05 3.105938329155118205e+06 6.959558715338578448e+06 1.393683513976939209e+07 3.177539580541946925e+06 5.237291434648173163e+05 3.333259934176249662e+05 4.395334254043699184e+04 3.118581311374132056e+05 4.528050031365295581e+03 1.560341933701526432e+05 1.143369966100750898e+05 9.212718808539019665e+04 6.541929537044309109e+04 -2.350830426233565959e+03 8.729683790542298811e+04 2.851167272447954383e+04 6.092158918049054046e+04 1.052826584124423425e+04 3.259212149417707769e+04 3.537967846951537649e+04 2.104937096688199745e+04 3.079969796164922445e+04 3.513696595539380360e+04 3.798306693205161719e+04 4.629926514915657754e+04 8.197368437172423000e+03 2.012375996963747093e+04 1.260892483312114928e+04 1.642892757157648157e+04 2.152763871267871931e+06 4.181152005564625841e+06 9.617899660187412053e+06 2.038809434326075017e+07 5.226245329064486548e+06 8.158593596801793901e+05 3.337842946950548212e+05 1.156317062118620233e+05 5.838396319533488713e+05 8.786118612922391912e+04 6.819108240096662485e+04 2.146177749689428310e+05 1.573504414944939199e+05 -1.083500103210421221e+05 -1.382451819604245829e+05 1.037736043887617416e+05 1.332553437444778392e+05 1.494226138942933176e+05 -1.916012789468543633e+04 3.336228859219930746e+04 5.129430628490103118e+04 3.133508050357061438e+04 3.787776217998421635e+04 5.500445151194658683e+04 5.273188721458383225e+04 5.064577579138977308e+04 1.803862667365430354e+02 1.447997106508685283e+04 5.303549508177403914e+04 4.929972032828329247e+04
9.410500023319931934e+05 1.516716550261337776e+06 1.127371471667955630e+06 3.177539580541946925e+06 5.982613713287448511e+06 1.198733896701894701e+06 1.043260853482924285e+05 1.933769751733047597e+05 1.751694239095620869e+05 6.999315055309560557e+04 1.226782790166960331e+05 1.509322185724115698e+05 9.411316706756436906e+04 4.227750736393644183e+04 3.983434293815377168e+04 2.137119883142955587e+04 2.561492210375700233e+04 1.558342417251045663e+04 -1.113174835148798593e+04 7.176361143274346432e+03 2.004643950935160319e+04 3.095389213532769645e+04 9.280299260101519394e+03 1.320987276082543394e+04 2.348960804019371426e+04 7.265387571925600241e+03 -1.385667503964043135e+03 1.036294492009749774e+04 6.745228273195859401e+03 3.391440758673792971e+03 -8.752505651923545520e+04 2.015937043497269973e+06 1.638986755781733431e+06 5.354495487396876328e+06 8.363347970891414210e+06 2.010337100450486876e+06 2.039715646388422174e+05 2.909649917526625213e+05 4.784095501684584888e+05 2.023627137922262191e+05 1.010834209556017013e+05 3.068526559520357987e+05 2.169047483849202108e+05 -3.687168837624262233e+04 2.945384525865762407e+04 4.886416592167627823e+04 5.701806451932882192e+04 6.819181182667260873e+04 -4.240538063016947854e+04 6.948870061411746428e+04 4.010083111581637786e+04 4.404093478732249787e+04 2.647211975642651851e+03 3.185616203236154615e+04 4.129878510272220592e+04 2.081187944653659360e+04 8.035639818672046204e+03 -1.302217769940663675e+04 1.420440885343449054e+03 1.553747686784652251e+04
8.004227087285884190e+05 -7.894501289937397814e+04 -3.965535527044173796e+05 5.237291434648173163e+05 1.198733896701894701e+06 2.841713717082226183e+06 6.607212419059242820e+05 2.372023436088736053e+05 1.053525891090733494e+05 4.100408196181480889e+04 9.573240859563826234e+04 9.401794733982767502e+04 7.039291211551241577e+04 3.544827639501026715e+04 4.781399627632064949e+04 4.711295869509151089e+04 3.289645475383995654e+04 6.449136825794593278e+03 1.617436269254661283e+03 1.633890942721212923e+04 9.718614478471048642e+03 1.441397012772370908e+04 1.513942331285860382e+04 1.196228550718016777e+04 1.320650469016574425e+04 1.884676599130571412e+04 4.103382010457790784e+03 -7.871376218158175107e+02 1.104119313363448964e+04 9.032393400165266939e+03 1.289194000981503166e+06 6.027792362415787065e+05 -2.478543200622222867e+04 6.970334927425323986e+05 1.732542443048164481e+06 3.848955376743408851e+06 1.204185705017321976e+06 2.887480045657737064e+05 2.463301332021048001e+05 5.532541798253349407e+04 1.025441735886799725e+05 1.636620173061920796e+05 1.077535136214313679e+05 4.437843871170991042e+04 4.546591954957480630e+04 2.006360241498070900e+04 5.735373686398527207e+04 1.882670402255966837e+04 -7.431132769123245453e+03 4.501574183167367300e+04 -1.331950909229130957e+04 -1.213000363653400200e+04 -1.217745926562301611e+04 1.326770496857696344e+04 2.226873003852752663e+04 3.729038717871491099e+04 2.158195340063001277e+04 -4.414252015770703110e+03 2.546423467848864675e+04 1.525577553014675505e+04
1.071243603824756108e+06 5.921536089836469619e+05 -5.128237298364763847e+05 3.333259934176249662e+05 1.043260853482924285e+05 6.607212419059242820e+05 1.733835535458274651e+06 3.512899747431049473e+05 8.388495167720851896e+04 4.755933534547268937e+04 4.720418479734956054e+04 3.877545910835405812e+04 3.715460919878231653e+04 3.356934564779295033e+04 3.407789439135462453e+04 2.942957547224718655e+04 2.992417351773360133e+04 1.952915715977089349e+04 2.446780044761992758e+04 2.528320170869428330e+04 8.784957452852562710e+03 1.504741520966101598e+04 9.742939803634344571e+03 1.532160700133226601e+04 6.422446189193476130e+03 4.595900781300819290e+03 6.601786237230519873e+03 2.765082293647482402e+03 9.785355466385968612e+03 8.471998180387741741e+03 1.602011803367971443e+06 -4.973951456712650252e+05 -1.543963548811005894e+06 -4.778174333396525471e+05 -2.440112389145856723e+05 8.145432656476855045e+05 2.379491231981208548e+06 4.802512668122431496e+05 9.093192381325998576e+04 3.135858852476214452e+03 9.158737920053047128e+04 9.360392624598220573e+04 8.092388440220752091e+04 4.651539616271411796e+04 4.990867169954167912e+04 1.713708511254431141e+04 3.225596878827074397e+04 -1.357391314220092499e+04 3.447103354731990839e+04 3.055388650417166718e+04 5.141376282685562728e+03 1.520995429137875544e+04 -1.263717002250900805e+04 3.600615802733016608e+04 1.746629215700662462e+04 9.490636930006126931e+03 1.771371802697289604e+04 -5.062552802474444320e+02 1.794873412369175639e+04 1.787605240320847588e+04
2.276101204166268872e+05 5.619617319504760671e+05 -1.535534520208464528e+05 4.395334254043699184e+04 1.933769751733047597e+05 2.372023436088736053e+05 3.512899747431049473e+05 1.068623659081686288e+06 2.479890067186968517e+05 7.085984945950309339e+04 5.447147107012500783e+04 6.599912379851065634e+04 2.688355111867146479e+04 4.750422240936472372e+04 4.677170928587312665e+04 3.593415670754807797e+04 1.524969404563297212e+04 1.703612391618296533e+04 2.476841452994010251e+04 2.896817665486786063e+04 2.052428776916366405e+04 1.574626404895347514e+04 1.406288333044958381e+04 1.667361121413025830e+04 1.196767858121422069e+04 8.530893348298815908e+03 9.264257270654834429e+03 3.483633937179138684e+03 1.006908259287681540e+04 1.026700862511544619e+04 -1.734552594247031957e+05 3.457283212877080659e+05 -3.989148661763843847e+05 -1.467835476641222485e+05 7.878262870157489670e+04 3.648284997452629032e+05 5.511021256829892518e+05 1.319542490171293961e+06 3.402890447513105464e+05 4.173647672894327116e+04 6.156901216404593288e+04 1.158742599607984157e+05 7.720058243769469846e+04 9.975263705379718158e+04 9.960597064837010112e+04 4.909881261375897884e+04 6.679455999438683648e+03 2.518201028594147283e+04 3.533407893272858200e+04 5.623137518704930699e+04 3.991852238287645741e+04 3.877079472540627467e+04 5.069810725815291335e+03 5.137793913490136038e+04 2.610912669071084019e+04 1.408715148587862677e+04 1.597755372833665024e+04 8.941319726686497233e+03 1.965825396403174818e+04 2.122891799954346425e+04
-3.792228808606187231e+05 2.367435712440183270e+05 2.015653637912631530e+04 3.118581311374132056e+05 1.751694239095620869e+05 1.053525891090733494e+05 8.388495167720851896e+04 2.479890067186968517e+05 6.084698681324305944e+05 1.635502794051587698e+05 3.125488248358495548e+04 4.154795306930342485e+04 2.067962432951802475e+04 3.994899591768995015e+04 3.531267760739295773e+04 2.377664230211587710e+04 1.667887611156556159e+04 1.922726432170605403e+04 1.668785034587876726e+04 8.849482154575154709e+03 1.789666352923812155e+04 8.601482245462761057e+03 1.382796147934013788e+04 9.573436888126823760e+03 5.810512804768821979e+02 4.899525347946523652e+03 6.178219748469478873e+03 2.959385836167403795e+03 4.983299952192570345e+03 3.716917417524277425e+03 -1.367716845374982338e+06 5.971756517370921792e+05 -2.626485670595681877e+05 3.826987603784381063e+05 1.592021144818978501e+05 1.500324543422566494e+05 1.314218550231822592e+05 3.457054624558632495e+05 8.283916395276332041e+05 2.002474078291205224e+05 7.975879566473119667e+03 7.886761352849451941e+04 4.180996833731314109e+04 6.925702331513848912e+04 4.709964321739978914e+04 3.470086237041758432e+04 3.811381984792371077e+04 3.864284682481759228e+04 2.170937224293347390e+04 1.333161236931090934e+04 1.708678651626540523e+04 1.530268129597113330e+04 9.923580781419215782e+03 2.544545260501276061e+04 4.696758568542803914e+03 7.041797407490937985e+03 1.293242178783997224e+04 7.853042636598313038e+03 5.984059671988535229e+03 1.140380706472202837e+04
-3.758801027313243248e+05 9.391062748189864215e+04 -2.942534665186007260e+04 4.528050031365295581e+03 6.999315055309560557e+04 4.100408196181480889e+04 4.755933534547268937e+04 7.085984945950309339e+04 1.635502794051587698e+05 3.869132935717502260e+05 8.820580622934203711e+04 3.333905696749869821e+04 2.031603065137868907e+04 1.041825075895158443e+04 2.832916463555471637e+04 2.423927090274549118e+04 1.603800892347048102e+04 8.311667734411528727e+03 7.889232107856024413e+03 6.750321373748963197e+03 1.115344645808651694e+04 6.999201630820196442e+03 5.849648491114197896e+03 9.441947789004911101e+03 4.330556795217022227e+03 2.865369189701589676e+03 5.887752563741287304e+03 4.047325734823109997e+03 6.762636859778881444e+02 5.391555274040627410e+03 -1.569032363003769657e+06 -6.704951890839409316e+04 -1.605320752514388878e+05 -1.036941042966113891e+05 1.390202639634752413e+05 7.397198595372901764e+04 8.951753525992350478e+04 1.238654976843784098e+05 2.401805752634117380e+05 5.124013939453175408e+05 1.005210251733615296e+05 2.200991564145712982e+04 3.188144051785564079e+04 3.383557867604841886e+04 4.283401223837627913e+04 2.853698536419776792e+04 2.656405198102472059e+04 9.490685434952369178e+03 5.479308679780884631e+03 6.082846844476339356e+03 1.172657915685690750e+04 1.388271647161205328e+04 1.352207474223300778e+03 8.117277528222156434e+03 5.053281071541643541e+03 1.036903860904479916e+04 1.688717843889697542e+04 9.421871974657438841e+03 -4.239732891907680823e+03 5.928471311988841990e+03
6.890201280166233191e+05 2.832389769677256118e+05 1.310341307026251889e+05 1.560341933701526432e+05 1.226782790166960331e+05 9.573240859563826234e+04 4.720418479734956054e+04 5.447147107012500783e+04 3.125488248358495548e+04 8.820580622934203711e+04 2.656696131498068571e+05 8.251479982025051140e+04 2.642631476998691869e+04 1.357313078531566134e+04 1.483194673674059595e+04 1.405576475018967903e+04 7.767854578114726792e+03 7.110704031689362637e+03 4.511884035646937264e+03 1.098564863630140098e+04 4.830465601107331167e+03 5.016137913911065880e+03 6.204023212927718305e+03 5.407644256803558164e+03 6.663080015940032354e+03 5.886960052283853656e+03 4.663690295923524900e+03 2.304123410475071069e+03 3.257417668568693898e+03 4.564931451875389939e+03 1.012867089400275261e+06 1.149976425040085102e+06 2.688627079115578672e+05 2.213733688667820825e+05 2.003752129721566744e+05 7.139358621855346428e+04 5.635521631953970063e+04 8.320517820334914722e+04 4.716033924369222223e+04 1.176680242632352019e+05 3.221430288567226962e+05 1.100423990862505889e+05 3.287337411182376673e+04 2.023437935018889402e+04 2.364180282130899286e+04 8.535752538358774473e+02 1.879765782080971621e+04 2.030459993418097292e+04 9.586430852257424704e+03 1.908074169602720576e+04 8.549464475894514180e+03 6.638595159121988218e+03 1.150634374109751661e+04 9.037473575535634154e+03 9.424490539873539092e+03 1.056946351171423885e+04 1.377865702365908146e+04 5.663754671365592003e+03 6.063218713275910886e+03 8.224073115753737511e+03
1.511268517527616641e+05 8.274127228335486507e+03 9.387756676145138044e+04 1.143369966100750898e+05 1.509322185724115698e+05 9.401794733982767502e+04 3.877545910835405812e+04 6.599912379851065634e+04 4.154795306930342485e+04 3.333905696749869821e+04 8.251479982025051140e+04 2.137501138005044195e+05 5.549187863472589379e+04 1.457542441994199180e+04 1.251995112248264195e+04 1.719042651337787538e+04 9.558028608092001377e+03 9.346108367803299188e+03 8.133929444640652946e+03 1.405249384358358293e+04 8.255421122599394948e+03 6.141191745571158208e+03 6.008679297458490510e+03 3.700199301572680724e+03 2.569127526494182348e+03 5.385697775461590936e+03 3.352353368601972306e+03 3.496964652199427292e+03 3.973140854596802910e+03 1.804061168456826181e+03 -4.999196875647655106e+05 1.218797602030339913e+05 1.327283210892826028e+05 1.103985760625604744e+05 2.063157413824682008e+05 9.449068563917471329e+04 4.749977908426539216e+04 7.480675774666942016e+04 3.555909564920967387e+04 8.678549210084296647e+03 8.771643223120691255e+04 2.708398250167449005e+05 8.758457338490952679e+04 2.408081287779901322e+04 1.352758107999589083e+04 4.476453242512833640e+03 1.112275356707810715e+04 6.338211177630795646e+03 8.037354131159364442e+03 1.390664735386354369e+04 8.669380909565374168e+03 1.434374425660015550e+04 1.109496274994635496e+04 6.165402126394960760e+03 9.744349468119100493e+03 7.352667273099173144e+03 6.477078358398926866e+03 2.714199881226174057e+03 8.356432377898921914e+03 2.265011877414942319e+03
3.190185855834854301e+05 3.126876694434196106e+05 1.149874850072502450e+05 9.212718808539019665e+04 9.411316706756436906e+04 7.039291211551241577e+04 3.715460919878231653e+04 2.688355111867146479e+04 2.067962432951802475e+04 2.031603065137868907e+04 2.642631476998691869e+04 5.549187863472589379e+04 1.405866333595479664e+05 3.590785842407552263e+04 1.419167039804320302e+04 1.489982336550695254e+04 7.390819699871074590e+03 8.645515695648295150e+03 6.749133985920446321e+03 1.037871614049230993e+04 9.202880808299782075e+03 7.750074990733548475e+03 6.433187915060909290e+03 6.353815370274938687e+03 5.217254834134583689e+03 2.159770471699161590e+03 1.991928832520796050e+03 4.053370948625096844e+03 2.673095184003032045e+03 3.682284408096100378e+03 -3.675549158603410615e+04 4.072635853656532709e+05 2.117466381267933466e+05 9.322025361262678052e+04 1.228691701557771157e+05 2.332107664899637166e+04 8.199298598447746190e+04 2.738438044033679398e+04 3.473918974662775872e+04 3.634950421987729351e+04 1.769032827060288400e+04 7.014541844712350576e+04 1.827126634446746029e+05 4.838497277899245819e+04 1.309732551711572160e+04 1.425019675410377567e+04 1.995048341706773135e+04 1.606839062384396675e+04 5.460897253271203226e+03 1.579269759359416639e+04 7.879852408307816404e+03 1.049888348426294760e+04 6.655914665668647103e+03 6.116418501746011316e+03 5.909146111818232384e+03 2.705026002335717749e+03 4.076115331415200671e+03 8.906636183465043359e+03 4.089947099350921235e+03 5.864215513442010888e+03
-1.156762423859851551e+05 1.130457240522159991e+05 9.286328018400186556e+04 6.541929537044309109e+04 4.227750736393644183e+04 3.544827639501026715e+04 3.356934564779295033e+04 4.750422240936472372e+04 3.994899591768995015e+04 1.041825075895158443e+04 1.357313078531566134e+04 1.457542441994199180e+04 3.590785842407552263e+04 1.035412776477098814e+05 3.360755803945439402e+04 1.463649373200427726e+04 8.677374446048444952e+03 7.109501005152780635e+03 1.900370378729357753e+03 5.946283302621874100e+03 7.145279314887609871e+03 7.777205491053508922e+03 5.104500768469591094e+03 4.273539779593806088e+03 3.061557480192132971e+03 1.476346789896416340e+03 3.521027217600799759e+03 2.175391486386319684e+03 2.133999263304979195e+03 2.636855342948263115e+03 -2.119119128417100292e+05 1.588611503949399230e+04 -1.659629808698202833e+05 1.027017520972653874e+05 8.945746358137532661e+04 5.785007389291265281e+04 6.594198332770024717e+04 4.962095718285000476e+04 8.173007933082923410e+04 5.253079902898106411e+03 -3.330155202205312435e+03 3.013498791369301398e+04 3.912335899573954521e+04 1.303008643135835882e+05 4.549088560604362283e+04 1.390973275435066171e+04 1.820948307359287719e+04 2.070556811248110171e+04 2.124060060715433337e+03 1.191184020153014171e+04 1.111462267975445866e+04 1.172345547903629813e+04 1.061040220545366901e+04 5.710758169872445251e+03 5.352856497705222864e+03 1.982362597049534997e+03 3.059633064470413501e+03 1.335504427074538853e+03 1.283550075231615438e+03 2.801022162792937706e+03
-2.171298567146694695e+05 -8.874822285544421447e+02 6.910989284864254296e+04 -2.350830426233565959e+03 3.983434293815377168e+04 4.781399627632064949e+04 3.407789439135462453e+04 4.677170928587312665e+04 3.531267760739295773e+04 2.832916463555471637e+04 1.483194673674059595e+04 1.251995112248264195e+04 1.419167039804320302e+04 3.360755803945439402e+04 9.259136487343310728e+04 2.636205729090670138e+04 1.094886057729158711e+04 5.005363873456125475e+03 6.143476452100119786e+03 3.383953688625592349e+03 4.846164086619874979e+03 5.425075290707633030e+03 4.353082847424203464e+03 3.431030978899365891e+03 2.265466448556238447e+03 2.683568805683185474e+03 5.350729926234054801e+03 3.568538429373976214e+03 1.688855639781907485e+03 2.492591298837123304e+03 -5.211121241452858667e+05 -1.494241074258935696e+05 -1.425311861005219689e+05 8.814742921915683837e+03 9.765613279322616290e+04 9.206896416716456588e+04 6.876528374846621591e+04 5.416463767615293909e+04 7.134145515401558077e+04 4.446926829333093337e+04 9.637525197999844750e+03 2.901922780138909002e+04 6.518481459965616523e+03 4.034485328303057759e+04 1.162741796836349386e+05 2.836354390643366060e+04 1.614433669227550126e+04 1.390677414988158489e+04 8.558253270219063779e+03 7.976358705855080188e+03 3.505214525640290049e+03 9.978931161497155699e+03 5.194208048321585920e+03 3.630833604186611865e+03 2.961500350124123543e+03 6.030614245030107668e+03 6.751602143851217988e+03 3.181237841179889529e+03 3.853964750443420144e+03 4.097497588368014476e+03
1.588737149442303635e+05 1.608341543391883897e+05 1.256690896128060267e+05 8.729683790542298811e+04 2.137119883142955587e+04 4.711295869509151089e+04 2.942957547224718655e+04 3.593415670754807797e+04 2.377664230211587710e+04 2.423927090274549118e+04 1.405576475018967903e+04 1.719042651337787538e+04 1.489982336550695254e+04 1.463649373200427726e+04 2.636205729090670138e+04 7.088615135145542445e+04 1.922277858380938414e+04 7.327225681058407645e+03 7.206065893455471269e+03 5.630591571763554384e+03 6.222195833673611560e+03 5.255347219199266874e+03 5.189119306685536685e+03 5.297947036815052343e+03 5.307847220114533229e+03 3.087914502096848537e+03 3.839288419924047957e+03 2.695065148780978234e+03 2.840225241114274922e+03 2.444249412084139749e+03 2.110221381618918967e+05 2.981040168029193883e+05 1.466209956540325074e+05 1.190237540662720858e+05 3.278995739787122147e+04 4.523920790823656716e+04 3.505331177356660191e+04 3.917138719145724463e+04 1.382196769427231084e+04 1.706619018276797942e+04 9.047861780100320175e+03 2.348059151439085326e+04 -4.292300579126206799e+02 4.680555826518027970e+03 2.104246875745297439e+04 8.045132465204225446e+04 2.272102872841453791e+04 7.988640307781737647e+03 9.341186481650060159e+03 5.753474020535883028e+03 2.756656026260684030e+03 7.364820576607061412e+03 3.995527262222079571e+03 9.958072969390777871e+03 4.886543803412752823e+03 4.845338037492593685e+03 2.770714882245090394e+03 3.143194844355747136e+03 5.164853236555251897e+03 5.318152190408919523e+03
3.388919358150784683e+04 1.305955477043801657e+05 1.111757764840052405e+05 2.851167272447954383e+04 2.561492210375700233e+04 3.289645475383995654e+04 2.992417351773360133e+04 1.524969404563297212e+04 1.667887611156556159e+04 1.603800892347048102e+04 7.767854578114726792e+03 9.558028608092001377e+03 7.390819699871074590e+03 8.677374446048444952e+03 1.094886057729158711e+04 1.922277858380938414e+04 5.226321311333043559e+04 1.647799326240396840e+04 5.718060523942935106e+03 3.607300734504066440e+03 6.153641153978452166e+03 2.502800897946805890e+03 5.377856330356214130e+03 4.942680651120768744e+03 4.413925661682230384e+03 1.761531346364206456e+03 2.729929422089516265e+03 1.863497315383677915e+03 1.194792868722175399e+03 1.138524103727982492e+03 -2.674287344314240618e+05 2.368229573958721885e+05 8.189878579917892057e+04 1.373598556158250540e+04 1.101072791942556250e+04 3.506804878712911886e+04 3.892942902007439989e+04 2.316697864265889802e+04 4.366428823885646852e+04 2.522450923743313251e+04 5.876076153321062520e+03 1.841448676036468169e+04 9.801884174307117064e+03 1.672534853663103786e+04 1.011647657565902955e+04 2.187778831825653106e+04 5.999081804124031623e+04 2.013312714523512477e+04 1.161062261920407400e+04 5.931166699673829498e+03 5.788115433686877623e+03 5.960930930553158760e+03 1.010344503040224299e+04 9.940534912145260023e+03 6.708178424083406753e+03 1.938724659643146197e+03 3.644160155057800239e+03 4.424686184551800579e+03 3.749929222120866143e+03 4.628813367703935000e+03
-3.318347305966985732e+04 5.917740842776477075e+04 3.974278263021158637e+04 6.092158918049054046e+04 1.558342417251045663e+04 6.449136825794593278e+03 1.952915715977089349e+04 1.703612391618296533e+04 1.922726432170605403e+04 8.311667734411528727e+03 7.110704031689362637e+03 9.346108367803299188e+03 8.645515695648295150e+03 7.109501005152780635e+03 5.005363873456125475e+03 7.327225681058407645e+03 1.647799326240396840e+04 4.964665979490731115e+04 1.343305296467273547e+04 4.860970740599445890e+03 5.979123789410175959e+03 3.883365723267872909e+03 1.969957756136484477e+03 4.674554356474021006e+03 5.039060630010410023e+03 3.200927478391915884e+03 3.000663649501421787e+03 2.404943059256691868e+03 1.750390999902720750e+03 2.036770403560801924e+03 -1.857425990160382644e+05 8.255475771089846967e+04 -2.897128724572052670e+04 2.031806980798804580e+04 2.073296966515764780e+03 1.594113725839354629e+04 3.262852296555538851e+04 2.344827598499225132e+04 2.659474416768610172e+04 1.482857568973927118e+04 4.272470097209070445e+03 1.280985958795740225e+04 1.113883061778183583e+04 1.256701534849882046e+04 6.796716937078674164e+03 6.048361994501816298e+03 1.758233479167362020e+04 6.238683020256641612e+04 1.988189976906284573e+04 5.863351684175235278e+03 7.021107553449513944e+03 8.765338663275941144e+03 5.862948589217544395e+03 7.669327314725876931e+03 5.604633489561002534e+03 2.315641897083786716e+03 6.240209238994640373e+02 3.264722678060427825e+03 3.135670374169039860e+03 2.018016833062399883e+03
-2.010696139270386266e+04 1.220315185951912827e+04 3.937000952105033502e+04 1.052826584124423425e+04 -1.113174835148798593e+04 1.617436269254661283e+03 2.446780044761992758e+04 2.476841452994010251e+04 1.668785034587876726e+04 7.889232107856024413e+03 4.511884035646937264e+03 8.133929444640652946e+03 6.749133985920446321e+03 1.900370378729357753e+03 6.143476452100119786e+03 7.206065893455471269e+03 5.718060523942935106e+03 1.343305296467273547e+04 3.744165413742452802e+04 1.280039536775564375e+04 5.411229175159803162e+03 2.970011789742610290e+03 3.505670298303010441e+03 4.655431138775593354e+03 2.820192265876423789e+03 2.616706902863833420e+03 2.978811341906271082e+03 2.804691518233575152e+03 1.855772140856608075e+03 1.313531334698467163e+03 -2.305716956133025524e+05 -1.200534275151119218e+05 -6.924571687811729498e+04 -3.629898524368147628e+04 -3.875240351169365022e+04 2.346067817029790149e+03 2.848151169684021443e+04 1.757084936759645279e+04 2.284167539239859252e+04 8.308577044106894391e+03 1.385785531217591142e+03 8.903328683083978831e+03 5.183018930032905018e+02 -2.393066401264306933e+03 2.574245977191683323e+03 -8.181950126879366962e+02 4.665641927353024585e+03 1.436859482183663567e+04 4.443280923754748073e+04 1.204428874285498205e+04 3.034129621248666353e+03 4.090000999479060283e+03 3.628135355100356264e+03 6.192363375963383078e+03 2.239728522355952691e+02 2.071316061761473975e+03 2.055372051011843723e+03 3.726429485786419264e+03 1.325396625738372222e+03 1.276193205923979974e+02
1.306862348500201369e+04 1.103496693203338218e+05 4.004056932239102753e+04 3.259212149417707769e+04 7.176361143274346432e+03 1.633890942721212923e+04 2.528320170869428330e+04 2.896817665486786063e+04 8.849482154575154709e+03 6.750321373748963197e+03 1.098564863630140098e+04 1.405249384358358293e+04 1.037871614049230993e+04 5.946283302621874100e+03 3.383953688625592349e+03 5.630591571763554384e+03 3.607300734504066440e+03 4.860970740599445890e+03 1.280039536775564375e+04 3.274294975769921075e+04 1.028414091545600240e+04 5.016909713790355454e+03 2.674018983376156939e+03 4.124583505292758673e+03 2.787217786484245153e+03 2.617620793593823237e+03 2.685555918807308444e+03 2.626657428846370294e+03 3.209937931755677710e+03 1.206796298523517635e+03 -2.031464270238758763e+05 6.958718744078418240e+04 -9.152581852664872713e+04 9.286769714143863894e+03 -3.790946664216300996e+04 3.961122418065444435e+03 3.495829427796861273e+04 2.679241338705603994e+04 2.723606098407310583e+03 3.490389836553625855e+02 4.135720248855392128e+03 1.124006299617830882e+04 7.978591964756114066e+03 5.100657748551645454e+03 7.414680454726529206e+03 6.198962204397254936e+03 3.029920740930016109e+03 2.174134764314577239e+02 1.368953682592656151e+04 4.017551928807530930e+04 1.494582760913393395e+04 2.475158867499043026e+03 2.734586586794652590e+02 3.249463394293711190e+03 -7.183253376257452771e+01 2.686552040428578948e+03 4.731517919707174769e+03 3.414673155188711007e+03 5.168559676017810489e+03 4.945645635727697140e+02
1.506017192051163875e+05 5.949613247759325895e+04 3.974226769259315915e+04 3.537967846951537649e+04 2.004643950935160319e+04 9.718614478471048642e+03 8.784957452852562710e+03 2.052428776916366405e+04 1.789666352923812155e+04 1.115344645808651694e+04 4.830465601107331167e+03 8.255421122599394948e+03 9.202880808299782075e+03 7.145279314887609871e+03 4.846164086619874979e+03 6.222195833673611560e+03 6.153641153978452166e+03 5.979123789410175959e+03 5.411229175159803162e+03 1.028414091545600240e+04 2.587107217101782953e+04 7.812745067142193875e+03 2.758099210021494400e+03 3.272623322985878076e+03 3.065175006274679163e+03 2.184511864329266700e+03 2.314900116352687746e+03 2.499713047432657277e+03 2.593586498419003419e+03 1.636789294662291013e+03 -1.222378520807327441e+05 7.084041580703321961e+04 3.802855134073080262e+04 4.101341430064133601e+04 8.296960019391757669e+03 6.600787692920943300e+03 1.951863957392509110e+04 2.033058599604043411e+04 4.290100446864414698e+04 6.651586990231183336e+03 -4.023201270647841739e+03 9.411766706617059754e+03 1.089485538157005067e+04 8.873076709659533662e+03 8.703773523293499238e+03 4.457840628118698987e+03 9.671910476272174492e+03 5.319868739162992824e+03 3.121920334208626173e+03 1.171857776646585444e+04 3.000536659154554582e+04 8.577787978679200023e+03 2.321128750072273760e+03 5.744472987177397044e+03 1.846711405658002150e+03 3.195181967958937093e+03 1.844265166275852152e+03 4.852792338918466157e+03 4.175049097246917881e+03 2.333384908748468661e+03
3.196334742963125245e+04 1.507952246394997201e+04 2.235640597589129902e+04 2.104937096688199745e+04 3.095389213532769645e+04 1.441397012772370908e+04 1.504741520966101598e+04 1.574626404895347514e+04 8.601482245462761057e+03 6.999201630820196442e+03 5.016137913911065880e+03 6.141191745571158208e+03 7.750074990733548475e+03 7.777205491053508922e+03 5.425075290707633030e+03 5.255347219199266874e+03 2.502800897946805890e+03 3.883365723267872909e+03 2.970011789742610290e+03 5.016909713790355454e+03 7.812745067142193875e+03 2.419301773249775943e+04 7.508241482347870260e+03 3.141186668946544160e+03 2.479367901840408194e+03 1.951579885169653380e+03 2.573032631462222071e+03 2.036757859048485670e+03 1.971904618386353150e+03 1.743346833777335178e+03 2.097015946087848351e+04 -1.221344431483187691e+04 -2.000835081967670340e+04 5.811733007158240798e+04 1.065567538616425554e+04 2.591634902809386404e+03 5.047816895398314045e+03 1.917489148646754256e+04 1.747450402511769425e+04 8.265369982866743158e+03 3.316825158789814850e+03 1.030922222568224970e+04 1.167321677253002235e+04 1.311350424438416667e+04 8.919787086067755808e+03 2.592561342873646026e+03 2.416901998828260730e+03 8.888468012902416376e+03 3.878852126388293982e+03 5.870127724011853388e+03 1.128758913558408676e+04 2.989622814233879399e+04 1.073938345929202660e+04 3.784000219371189360e+03 3.254012356730040665e+03 3.334783083386480484e+03 2.689996472404402539e+03 1.484896778346976816e+03 2.184604895081793074e+03 3.432759413524384854e+03
2.980874622507487948e+04 6.683205787738121580e+04 4.599535408352746890e+04 3.079969796164922445e+04 9.280299260101519394e+03 1.513942331285860382e+04 9.742939803634344571e+03 1.406288333044958381e+04 1.382796147934013788e+04 5.849648491114197896e+03 6.204023212927718305e+03 6.008679297458490510e+03 6.433187915060909290e+03 5.104500768469591094e+03 4.353082847424203464e+03 5.189119306685536685e+03 5.377856330356214130e+03 1.969957756136484477e+03 3.505670298303010441e+03 2.674018983376156939e+03 2.758099210021494400e+03 7.508241482347870260e+03 2.107510243108111536e+04 6.833226668890986730e+03 3.109371931184795812e+03 2.012526414353246309e+03 2.608770143068738435e+03 2.279101497121240754e+03 2.266326391595788209e+03 2.536919287361237366e+03 1.277159669812475622e+05 4.334585671515518334e+04 1.240051541082163749e+04 2.048748255149498800e+04 7.162794554917837559e+03 4.830685697516124492e+03 -5.913476461823478530e+03 2.735993272371428702e+03 1.782898922208622025e+04 6.163569978972915123e+03 -5.970301751667743702e+02 8.995433036584328875e+03 6.783747387214067203e+03 3.383009939022452272e+03 -1.362573239340183875e+02 -1.672599417060004953e+03 4.298196071150362513e+03 -9.239561896913920691e+01 5.232766743423197113e+03 3.399127986298609358e+03 7.280396957868158552e+02 9.015578196969563578e+03 2.355348510573759631e+04 9.110096239755384886e+03 2.425183760198492564e+03 1.367966904612809685e+03 4.233793310062595992e+03 2.829856100770196463e+03 2.834107319856105278e+03 4.945059362038739891e+03
-6.547391853524609178e+04 3.612139652856149769e+04 3.768470951826488454e+04 3.513696595539380360e+04 1.320987276082543394e+04 1.196228550718016777e+04 1.532160700133226601e+04 1.667361121413025830e+04 9.573436888126823760e+03 9.441947789004911101e+03 5.407644256803558164e+03 3.700199301572680724e+03 6.353815370274938687e+03 4.273539779593806088e+03 3.431030978899365891e+03 5.297947036815052343e+03 4.942680651120768744e+03 4.674554356474021006e+03 4.655431138775593354e+03 4.124583505292758673e+03 3.272623322985878076e+03 3.141186668946544160e+03 6.833226668890986730e+03 1.637444633846884790e+04 5.732992033442638785e+03 3.504852852191530928e+03 2.235314904597130408e+03 1.595452566847273147e+03 1.910088181085746783e+03 2.079065030993608616e+03 -9.719676149895151320e+04 -1.650526710913396892e+04 4.421551316875300108e+04 8.695578252421198704e+04 8.236772666230026516e+03 -6.575470563549137069e+02 1.151169749186443732e+04 3.589109116136656667e+03 1.043198686827086021e+04 1.479900942030064652e+04 2.160909040705199459e+03 4.429632283697105777e+03 7.046254731961127618e+03 9.157956718335748519e+03 3.537171084348191471e+03 5.567483965254167742e+03 5.381255871365296116e+03 3.997522786857520259e+03 5.898468177133498102e+03 4.251761793468715950e+03 3.434034084681582499e+03 3.008332291912903656e+03 8.005402783634829575e+03 2.049852297362680838e+04 5.684243921862135721e+03 3.952243328614305483e+03 1.528866126227482027e+03 1.315592780635137160e+03 3.322473116819632651e+03 5.108914238762392415e+03
8.441105476021788490e+04 7.556083337527365074e+04 5.579990709763048653e+04 3.798306693205161719e+04 2.348960804019371426e+04 1.320650469016574425e+04 6.422446189193476130e+03 1.196767858121422069e+04 5.810512804768821979e+02 4.330556795217022227e+03 6.663080015940032354e+03 2.569127526494182348e+03 5.217254834134583689e+03 3.061557480192132971e+03 2.265466448556238447e+03 5.307847220114533229e+03 4.413925661682230384e+03 5.039060630010410023e+03 2.820192265876423789e+03 2.787217786484245153e+03 3.065175006274679163e+03 2.479367901840408194e+03 3.109371931184795812e+03 5.732992033442638785e+03 1.598744862485165504e+04 5.760791933897729905e+03 2.689724180179499854e+03 2.051000533606884801e+03 2.091853853083152899e+03 2.409259601774048406e+03 1.878612098305910768e+05 1.830231867222896544e+05 4.486538175836604205e+04 4.202073994724403747e+04 2.068827107787627756e+04 -4.817020251698812899e+03 2.093751728970011754e+04 8.069701833056839860e+03 1.084545149029237109e+03 1.039656034382593134e+04 3.068337321698722008e+03 1.006605509412723563e+03 2.564336015962451256e+03 -5.875127569443305902e+02 1.080585316552873110e+02 4.311179657683740515e+03 4.199329094656928646e+03 3.853016562517581406e+03 4.302439435537083227e+03 1.657468595383509182e+03 1.011680038090944095e+03 2.260402266481200968e+03 1.980305866382514978e+03 7.443245468495722889e+03 1.880169315431663563e+04 6.610540670630968634e+03 6.779323688009651505e+02 5.636310746431544203e+02 8.953973245726519963e+02 3.019683000741754768e+03
-2.324836368353584476e+04 5.329238180821394053e+02 5.000574224757752381e+04 4.629926514915657754e+04 7.265387571925600241e+03 1.884676599130571412e+04 4.595900781300819290e+03 8.530893348298815908e+03 4.899525347946523652e+03 2.865369189701589676e+03 5.886960052283853656e+03 5.385697775461590936e+03 2.159770471699161590e+03 1.476346789896416340e+03 2.683568805683185474e+03 3.087914502096848537e+03 1.761531346364206456e+03 3.200927478391915884e+03 2.616706902863833420e+03 2.617620793593823237e+03 2.184511864329266700e+03 1.951579885169653380e+03 2.012526414353246309e+03 3.504852852191530928e+03 5.760791933897729905e+03 1.511959510096111990e+04 4.552869991973827382e+03 2.201846990147335873e+03 2.243414117596121741e+03 1.972443868118873979e+03 -1.334234920929129294e+05 -1.639561099176015341e+04 1.138396979185714445e+05 9.400975109664676711e+04 2.514989933622614990e+04 -1.273466737013115016e+04 -1.373084019696886207e+04 4.372140368400238003e+03 1.151053386803346439e+04 4.351149382397258705e+03 -2.400573575041173768e+01 1.363748917068021456e+03 2.113683707463661904e+03 2.212785662266723648e+03 6.153017929087912989e+02 -4.750642007284562851e+02 1.414213415762254499e+03 3.725984890499757967e+03 1.434441494672804765e+03 1.478297464196344208e+03 -4.533108637095999143e+02 1.632104713311777004e+03 1.549300530100717651e+03 3.846099691289713974e+03 6.989048557025975242e+03 1.689718324114300412e+04 4.871885358326690948e+03 1.741004122819807890e+03 2.565158918857373010e+03 1.265747461299124552e+03
