2.569109280537707806e+08 5.325002443858165294e+07 6.466764134478435852e+06 1.071488844320859760e+06 -4.031752091817732435e+05 -2.735430862783084740e+05 -7.608289092623343458e+04 9.465979778362783836e+05 -8.801897773708467139e+04 1.708595235945184832e+05 -5.051349571576359449e+04 3.334305195181531599e+05 3.947365237761851749e+05 -6.110234279453822091e+04 -4.582922544052382727e+04 8.168915189712111896e+04 -1.941154534026198962e+04 -1.603557484209725772e+04 4.627942673026335251e+04 -5.186315968727631116e+04 -2.316533746220099056e+04 8.863300344948806742e+04 1.154172892784579744e+05 1.305544390753483021e+05 3.315538231572577934e+04 6.512803593316064507e+04 1.216304839539106069e+04 3.257841701776743139e+04 2.152330078802553908e+04 -5.253407999966929492e+04 2.319126242876428366e+08 1.102599499130855054e+08 1.832264849431873485e+07 3.167469418895697221e+06 -3.654691933038278512e+04 1.692260106038568309e+06 3.715506977598909871e+05 2.280164714282894973e+06 -4.098161200569705688e+05 -6.625521135595111409e+05 -1.260846650088731985e+05 2.139131194492357026e+05 1.462354677835987241e+05 -1.149833746257836465e+05 -1.863787432725015387e+05 1.308617493671848206e+05 1.900409573107786400e+03 -7.322095369923571707e+04 -5.600630507346314698e+04 2.761958868884451294e+04 -1.681914955223111610e+04 5.180088534858776256e+04 -6.533837305287848721e+04 1.303749514462961233e+05 -6.168662144629764225e+04 7.679581806682932074e+04 -1.228747672431258979e+05 -2.788828942550196189e+03 1.449978851570944062e+04 -1.075258345912622754e+05
5.325002443858165294e+07 6.105462589522115141e+07 1.279094296607507952e+07 1.341344548446179600e+06 6.844733822100306861e+05 3.410104713118715445e+05 3.735695418713393155e+04 1.675623481337404810e+05 7.659225930755423906e+04 1.695846958239781961e+05 1.351287215403708396e+05 2.849864010590030812e+05 1.248072409913707525e+05 1.164614536996696261e+05 5.906148823254872696e+04 1.288637554585963808e+05 5.184540763416807022e+04 2.201213328296411419e+04 4.368574833992679487e+04 3.828754021863082744e+04 4.433351464134576418e+03 5.489640277333828999e+04 8.758818526634851878e+04 5.076955011381075747e+04 2.962567600958677212e+04 5.473106517320385319e+04 4.810497711730176525e+04 -3.312540305207814072e+03 3.010606677192509233e+04 3.647316791422807000e+03 3.603581070663980395e+07 7.786663479230193794e+07 2.643925912158082426e+07 3.781922970987595152e+06 1.043179269682419952e+06 9.680109225644965190e+05 1.908182733622520755e+05 2.481387679369740072e+05 7.826568523453356465e+04 3.048532008736546268e+05 3.365970077224244596e+05 2.731594834746196866e+05 9.281693963167960464e+04 2.386975502808371675e+05 2.092550444085024646e+05 2.642766875305353315e+05 1.314610453793255729e+05 8.107169876363339426e+04 1.447326184808563085e+04 7.966573448653958621e+04 1.050176754727872321e+05 9.046876317224231025e+04 -1.661225347898276959e+04 9.485325910049117738e+03 3.431651077271247777e+04 6.735190511888929177e+04 2.937796727198651570e+04 -4.405627175830645865e+04 7.123067756647949864e+04 -2.831214730747487920e+03
6.466764134478435852e+06 1.279094296607507952e+07 1.910726939283855259e+07 4.439466844426268712e+06 8.526865590168072376e+05 1.052314357702584384e+05 6.467646907022845699e+04 1.737349460579084407e+05 3.227694033637780740e+04 6.394318870639664965e+03 4.430644660893719265e+04 7.486450984462779888e+04 1.830869698024723766e+04 1.667467759976970410e+04 4.689821129989529436e+04 2.216604293312156005e+04 2.525885770759789739e+04 2.132404891369800680e+04 3.553819310687603138e+04 4.027289743001892930e+04 -2.478114157426437487e+03 9.488272486691434096e+03 5.717768833075698058e+04 2.716561921851147417e+04 5.966864379261898648e+03 1.652204006248362566e+04 1.519562791543491221e+04 -3.974851458915100466e+03 1.920730382388974249e+04 1.524209930172293298e+03 3.553491153227833100e+06 1.293743129002968222e+07 2.601177254496157169e+07 7.791090220643987879e+06 1.238315816952513065e+06 7.726322604805181618e+04 3.322288895853167051e+05 6.206317713668866782e+05 1.636312167746853956e+05 1.816892255076455185e+05 1.539983574541419803e+05 1.502567806513073156e+05 8.891814374197211873e+04 6.570502140529309690e+04 5.906800261163906544e+04 1.395095055753607885e+05 5.495885004635010409e+04 1.126357647468358482e+05 6.153302761896310403e+04 6.731459026178979548e+04 3.307490196556084265e+04 4.047188621330610476e+04 5.504952408356090746e+04 3.194395169368242205e+04 8.596707564687656031e+02 3.665746759182743699e+04 2.002631055284921604e+04 -1.017690023028663018e+04 2.605100059879050605e+03 -1.729100993999219281e+04
1.071488844320859760e+06 1.341344548446179600e+06 4.439466844426268712e+06 7.154580350239467807e+06 1.493592043085569516e+06 1.314955053472421423e+05 -1.939222021653724369e+04 2.893084626238899000e+04 5.851440845028652984e+04 4.018596988035717368e+04 3.478213646883046749e+04 2.040161557012920821e+04 3.936258286180770665e+04 1.542209333955654984e+04 3.728150441635798052e+04 3.827098651354708272e+04 1.460997977540393731e+04 8.910311127011735152e+03 1.740522204141000429e+03 9.487820312484884198e+03 1.214739502075230121e+04 7.238865735390168084e+03 2.289029159965071813e+04 2.217695137620717287e+04 4.892058716522074064e+03 9.502969190388352217e+03 5.199083052608506478e+03 9.829790867750165489e+03 1.695604612079461731e+04 1.283423770141614659e+04 9.146013499993929872e+05 7.845953526058474381e+04 5.308745478007835336e+06 9.833062053967056796e+06 2.793666930196132977e+06 2.785077247469862923e+05 1.109003978500010999e+05 1.262567643888487073e+05 8.450362382649281062e+04 7.564120063932254561e+04 2.102264926701916556e+05 9.440961242872473667e+04 9.147333363777227351e+04 1.896356641232952461e+04 2.613339486486536771e+04 7.540671677312735119e+04 5.090782462498290261e+04 2.351688918815705983e+04 -2.490055929978905624e+04 1.995463535566406426e+04 2.763645732825014784e+04 1.481987108509208701e+04 2.454178956291309805e+04 2.334937999038791168e+04 1.568308206531364704e+03 3.544756481139481184e+04 2.077670834333344465e+04 3.321391590888106293e+04 1.487851013372843954e+04 2.070390271390322232e+04
-4.031752091817732435e+05 6.844733822100306861e+05 8.526865590168072376e+05 1.493592043085569516e+06 2.689390016949787270e+06 5.922053730680285953e+05 8.628831671072868630e+04 4.941743271058541723e+04 8.112360836550511885e+04 4.824014920724507829e+04 4.141846801382028934e+04 2.356889807649283830e+04 3.197175634026197076e+04 2.831981430150628148e+04 3.635104051884635555e+04 2.859196706363840713e+04 2.289735485827635785e+04 2.423618637060515539e+04 5.925403936275954948e+03 1.231148643300682124e+04 1.163829178241873342e+04 8.238405708774433151e+03 1.055074563828748796e+04 1.194271478238836062e+04 7.155127544944867623e+03 7.938117905208632692e+03 3.064558126081179580e+03 3.095856962160029070e+03 5.449208011490054560e+03 6.412011770830393289e+03 9.479382024485416478e+05 6.009415261105302488e+05 1.441290435011324240e+06 2.210844538576051593e+06 3.684306982488977723e+06 1.094159168981292285e+06 2.240326151107130863e+05 2.152477042519068345e+05 1.891331227016858757e+05 1.503272639546835853e+05 1.262422436055134167e+05 1.038708860278085049e+05 5.606305829946034646e+04 6.346716176859155530e+04 3.332251363176661835e+04 3.697037369132156164e+04 6.266384319502926519e+04 4.625710146410797461e+04 1.874764011389152074e+04 4.496961834580179129e+04 2.941577300546691185e+04 1.474009209742101848e+04 2.655700532895897049e+04 1.570066097508763960e+04 1.433763275617452382e+04 2.216842372477582103e+04 9.149350317522434125e+03 2.958800048831451477e+03 3.128613374930476311e+03 9.340411121466719123e+03
-2.735430862783084740e+05 3.410104713118715445e+05 1.052314357702584384e+05 1.314955053472421423e+05 5.922053730680285953e+05 1.411710109344288241e+06 4.157482009830430616e+05 1.077756662465457484e+05 7.864787066190778569e+04 3.475042919450604677e+04 2.385185972112738091e+04 2.754459589750635496e+04 3.440550040436053678e+04 4.401752001196527999e+04 3.274671443182266376e+04 2.773689950371778104e+04 1.968221573257631462e+04 1.468876002642507592e+04 8.103330873541639448e+03 9.147189322035486839e+03 7.712715167858224959e+03 5.708828757317206737e+02 7.562750866424094966e+03 1.445227404846258423e+03 6.836173087921010847e+02 2.578020191593020172e+03 4.886972747131765573e+03 1.722488192327629804e+03 4.325116390205347670e+03 3.531854809138601922e+03 4.058273389196431963e+05 4.920966769458306953e+05 1.294547899310264620e+05 8.646021514108421979e+04 7.403111095690891379e+05 1.985041464610793162e+06 7.310329264610485407e+05 2.657149873570454074e+05 1.282835217917011469e+05 6.133175901026266365e+04 1.754251242856638055e+04 5.612246243406780559e+04 2.776141587987656749e+04 6.065202647499150771e+04 4.086748346197746287e+04 3.006510628402680595e+04 3.680306156082430971e+04 3.645026784464315278e+04 3.185566769833067156e+04 3.030907486011845685e+04 2.767113264057710694e+04 1.704302499536635150e+04 3.488034899502456392e+04 7.976127893523826970e+03 -3.986070761794067948e+03 3.016707085169600759e+03 1.359400442603635929e+04 -3.230733597349197225e+03 -1.009979167685173707e+03 -9.685718797497335331e+00
-7.608289092623343458e+04 3.735695418713393155e+04 6.467646907022845699e+04 -1.939222021653724369e+04 8.628831671072868630e+04 4.157482009830430616e+05 8.846142018018063391e+05 2.063119501426303468e+05 6.177315039773289027e+04 2.990392260575828550e+04 1.472004062365972277e+04 1.379543862910667121e+04 3.298821310023021215e+04 1.946460762325967517e+04 1.835857471162411457e+04 2.226868256484621816e+04 1.495346796882915442e+04 2.051058007723347328e+04 1.061001958251475298e+04 4.666555856176335510e+03 8.277598219933441214e+03 5.551703783671959172e+03 6.472029757124525531e+03 4.492094168456166699e+03 2.870810578855712720e+03 3.584931994270004907e+03 2.921651063588740271e+03 1.506511453599699280e+03 5.205053726255209767e+03 2.587103800263840640e+03 2.432246388512281410e+05 -1.875679309232956148e+05 -2.563852795816005382e+05 -2.314313146822737763e+05 1.221187108072264236e+05 6.712935416086770128e+05 1.178291610009519150e+06 4.059631591997133801e+05 9.986689863769777003e+04 7.252929225759337714e+04 4.463691385257829825e+04 6.005948595748844673e+04 5.408277333485052077e+04 4.556462859432601545e+04 3.073486121810312761e+04 5.273371218442689860e+04 3.844959217755037389e+04 3.413453928669419111e+04 1.786831904423052765e+04 5.287301260079312669e+03 2.523800771124462335e+04 1.980155362797167618e+04 2.112008439034801631e+04 1.685111568939119388e+04 -3.993391940419784078e+03 4.180689605184165316e+02 1.059729687530669253e+04 1.752984775816135652e+03 1.466638819378053768e+03 3.674986232369418758e+03
9.465979778362783836e+05 1.675623481337404810e+05 1.737349460579084407e+05 2.893084626238899000e+04 4.941743271058541723e+04 1.077756662465457484e+05 2.063119501426303468e+05 5.143481690693753771e+05 1.332443777937093400e+05 3.065242887739680373e+04 1.151840966277261214e+04 2.865806853771012175e+04 2.904588657258091189e+04 1.866519734249277462e+04 4.643416118137530248e+03 6.411989589104399784e+03 6.999576394924435590e+03 1.447900283557567309e+04 8.431309593657269943e+03 9.698110125692208385e+03 5.863113560361152850e+03 6.852577323274348601e+03 5.869762554074703075e+03 3.579143371145993115e+03 3.270826031726685869e+03 2.223354091262057409e+03 8.634773961577164982e+02 3.092094472599827895e+03 3.000667503411725647e+03 -5.750632591701598813e+02 9.314229949849601835e+05 3.482087950753188343e+05 -1.857325822137291834e+05 3.468125007127293429e+03 -1.412821122470543924e+04 1.841409150787118124e+05 2.957596488910764456e+05 6.566420564049337991e+05 2.352305469854221155e+05 4.270394417412749317e+04 1.151491210031852825e+04 5.099470796622296621e+04 3.393356211808841181e+04 1.545010318708633531e+04 8.946940768905085861e+03 6.948444477058447774e+03 9.976165406278321825e+03 2.277143972949702948e+04 1.454730929632048719e+04 8.928685474301795693e+03 5.758881073940429815e+03 1.324473951347269576e+04 9.318594239619009386e+03 1.156994279033196653e+04 -5.403120046961497792e+03 4.185136421578805539e+02 6.257953228349795154e+02 5.601611767677222815e+03 6.940558007045679005e+02 4.405556473660497431e+03
-8.801897773708467139e+04 7.659225930755423906e+04 3.227694033637780740e+04 5.851440845028652984e+04 8.112360836550511885e+04 7.864787066190778569e+04 6.177315039773289027e+04 1.332443777937093400e+05 3.179172640727070975e+05 8.427430554365407443e+04 1.417107158706839436e+04 1.973891267661448364e+04 2.212380135538758623e+04 1.535319967725431525e+04 9.685112000180208270e+03 7.300804029229567277e+03 4.250289575618151503e+03 9.195889138975058813e+03 2.078657586099275250e+03 6.940504694128806477e+03 5.825479663818673544e+03 5.048630260942885798e+03 5.225471394954140123e+03 5.733930078967865484e+03 4.501069404900869813e+03 4.141826702845650289e+03 3.241857340413032489e+03 2.362360440629629920e+03 3.435432740056854527e+03 1.488255928252061722e+03 -6.397475517679419136e+05 1.024498227619470272e+05 -5.854174267129526925e+03 1.847724802755560086e+05 7.471073043758486165e+04 6.182603149376719375e+04 7.522274131494481117e+04 1.935619154212152062e+05 4.432901709297141060e+05 1.241030039855174400e+05 2.657437733094391297e+04 3.380593824365430919e+04 2.579718358903864282e+04 8.749151578778139083e+03 3.336856169230202795e+03 -2.169800545140166832e+03 4.591294856698026706e+03 1.777864031258421164e+04 5.039778169109395094e+02 6.076946228151681680e+03 1.125519950102000621e+04 9.899248268435640057e+03 3.179006468549356214e+03 5.402430242300874852e+03 2.675442878380588809e+03 3.532660746648051827e+03 6.512744668665397512e+03 2.699374955106400193e+03 -6.793670689427453624e+01 -1.154516761073200826e+01
1.708595235945184832e+05 1.695846958239781961e+05 6.394318870639664965e+03 4.018596988035717368e+04 4.824014920724507829e+04 3.475042919450604677e+04 2.990392260575828550e+04 3.065242887739680373e+04 8.427430554365407443e+04 1.850453267018736806e+05 4.671520703020223300e+04 1.602905185829265974e+04 1.262252856192030049e+04 1.010914887534020090e+04 8.753304869445993972e+03 5.418011391177009500e+03 7.368697326747898842e+03 5.498891529764286133e+03 4.232582328688087728e+03 6.394847449402640450e+03 3.021961084582151216e+03 3.678801645832450504e+03 5.372787388763051240e+03 4.615897600938061260e+03 1.940924916520196803e+03 3.755493128535311826e+03 2.776091463789191039e+03 2.259059442510791087e+03 3.408857691345579951e+03 1.063145956612734835e+03 -3.476247994221248082e+05 1.463556872655664047e+05 1.268732319761541003e+05 1.808044023774173693e+05 1.299288783922499715e+04 3.665740537001048506e+04 7.611336662972431805e+04 6.989359876343840733e+04 1.233405456312656606e+05 2.354806011772053898e+05 7.234868574286070361e+04 1.564268439293389201e+04 3.757194782071312147e+03 7.357428512272954322e+03 7.623548282407960869e+03 7.445875939618137636e+03 5.071125800889161837e+03 1.163623810618679818e+04 -7.049465011644853121e+02 8.500738971125249464e+02 3.014429151774355432e+03 3.018811909174422453e+03 -2.043053602039661655e+03 4.114946867858317091e+03 4.146361450521716506e+03 4.339696312744295938e+03 1.003831139077898297e+04 4.507536292059415246e+03 3.008908681632275147e+03 2.669480003525096436e+03
-5.051349571576359449e+04 1.351287215403708396e+05 4.430644660893719265e+04 3.478213646883046749e+04 4.141846801382028934e+04 2.385185972112738091e+04 1.472004062365972277e+04 1.151840966277261214e+04 1.417107158706839436e+04 4.671520703020223300e+04 1.257611974735684489e+05 3.649107271240428963e+04 9.858306020858875854e+03 6.980454816359874712e+03 9.168678257035624483e+03 7.376451249915202425e+03 5.812123714620634928e+03 2.931808258850086531e+03 3.169144993851994968e+03 3.249866893931108280e+03 2.034410681324094639e+03 4.177404222492775261e+03 4.714271882032049689e+03 3.353014592617245853e+03 1.901849489882683883e+03 1.251871603193174451e+03 1.765859921509217429e+03 2.437346510715278782e+03 1.992625082336993273e+03 1.085796471396723973e+03 -3.509930942921138485e+05 -5.863835770210132614e+04 1.673752483574101352e+05 8.210726401221058040e+04 4.075538906895997934e+04 2.730663422564211214e+04 2.875174324734784022e+04 6.217786055003887668e+03 4.147867408037227506e+03 6.861265003949269885e+04 1.575788614676606667e+05 4.578302956209133117e+04 1.672895037423172107e+04 1.214201808943723336e+04 1.952700707031849333e+03 1.100747796097691935e+04 1.079073585889368769e+04 7.762830447968261979e+03 1.451909785696374229e+03 3.434753041728210064e+03 1.511165244649556371e+03 2.992412213513347979e+03 5.045244229055050710e+03 4.452315789699086054e+03 4.764565459406162518e+03 6.421963873077537755e+03 3.772649471561362134e+03 2.065660253127909982e+03 3.411013390760791481e+03 -8.012716949559812747e+02
3.334305195181531599e+05 2.849864010590030812e+05 7.486450984462779888e+04 2.040161557012920821e+04 2.356889807649283830e+04 2.754459589750635496e+04 1.379543862910667121e+04 2.865806853771012175e+04 1.973891267661448364e+04 1.602905185829265974e+04 3.649107271240428963e+04 8.557349196942504204e+04 2.870815701360600724e+04 1.029663147261984159e+04 6.362481924569708099e+03 4.525512049748500431e+03 5.632481683904538841e+03 3.867391601269925559e+03 2.922890015320294879e+03 3.554005360832321458e+03 2.231521817430667397e+03 3.950994080337703963e+03 3.993573710282589673e+03 2.924114275907320007e+03 1.108469874784779904e+03 9.724907927627568824e+02 2.276542273721679976e+03 1.781795557112224515e+03 1.264018430848584558e+03 6.897942306191282569e+02 5.284277338828357169e+05 4.186558110521619092e+05 5.872173596269838890e+04 7.488524338688798707e+03 -3.332571321524601808e+04 1.546395825080904615e+04 5.057938837546970171e+04 7.414790381952634198e+04 2.082629330095737532e+04 2.287414837824565984e+04 5.225926207984078792e+04 1.051338523758375377e+05 3.469432082998964324e+04 1.012766379171123299e+04 6.163804035922779804e+03 1.149171811363016786e+03 3.370861433644225144e+03 8.364986037012180532e+03 9.079687676451938387e+03 6.964865002987308799e+03 3.521183874707074210e+03 3.957810309471884466e+03 5.238052417875239371e+03 3.623525965785097924e+03 2.313799187558258836e+03 6.320049593775387393e+02 3.095951452507451904e+03 1.270558901895184817e+03 1.140493286276583603e+03 -6.157553824287157340e+02
3.947365237761851749e+05 1.248072409913707525e+05 1.830869698024723766e+04 3.936258286180770665e+04 3.197175634026197076e+04 3.440550040436053678e+04 3.298821310023021215e+04 2.904588657258091189e+04 2.212380135538758623e+04 1.262252856192030049e+04 9.858306020858875854e+03 2.870815701360600724e+04 7.073749487391489674e+04 2.215696964460893287e+04 8.151379087282350156e+03 6.714061222937023558e+03 2.975553790304120866e+03 3.047979031793563536e+03 4.421384023687855915e+03 3.111106551600624698e+03 2.033791723303081199e+03 2.284436163598674284e+03 3.242703928871120297e+03 2.828781701293756214e+03 1.242666357100528558e+03 1.989473681260182957e+03 1.529626737419891697e+03 2.042307207786421259e+03 1.815107279043188782e+03 9.972652299262931592e+02 3.872761121724268305e+05 1.649631162982064707e+05 5.152718219374555338e+04 4.971976345870812656e+04 -1.765078696917611978e+03 6.065624991578988556e+04 7.587488778401591117e+04 4.575031671726197965e+04 2.222852333926490246e+04 2.701341501042760501e+04 1.533969769380571051e+04 4.091134937128931051e+04 8.129483537998396787e+04 2.763999192624814896e+04 1.067389612033935737e+04 8.352477264344177456e+03 4.537374320416312003e+03 6.003161072747188882e+03 9.259983720464078942e+03 5.308173812196617291e+03 2.436838233194845998e+03 4.683769523250080965e+03 5.327321555931976945e+03 3.848648024292475384e+03 2.410407296517205396e+03 2.609222114152127233e+03 3.186119931174642716e+03 3.128567063945309201e+03 2.911383710663822058e+03 2.279434272593985497e+03
-6.110234279453822091e+04 1.164614536996696261e+05 1.667467759976970410e+04 1.542209333955654984e+04 2.831981430150628148e+04 4.401752001196527999e+04 1.946460762325967517e+04 1.866519734249277462e+04 1.535319967725431525e+04 1.010914887534020090e+04 6.980454816359874712e+03 1.029663147261984159e+04 2.215696964460893287e+04 5.552640010983347747e+04 1.696185889627366487e+04 5.876845794393870165e+03 5.643260120188519068e+03 4.458741468178779542e+03 4.373942300379725566e+03 3.346536492106163678e+03 1.347618404954771677e+03 3.522523960529671967e+03 3.693349903205561532e+03 3.051783200269978352e+03 2.753442272786760441e+03 2.828379813132052732e+03 2.773562176395915685e+03 3.795900126144947990e+03 2.831761394805651435e+03 1.657000401546531521e+03 -2.378043629220229923e+05 2.339617245681796248e+03 3.856246071210881928e+04 6.051567898089039954e+04 6.338756825896548435e+03 4.622999605420348234e+04 4.385945234308385261e+04 2.748788230985114569e+04 2.429542506882905582e+04 1.743321158647404445e+04 9.698688970938805141e+03 1.421605184807765545e+04 2.886578225434118940e+04 6.598094234442523157e+04 2.100584946433659934e+04 4.751924643340537841e+03 1.080894698019580028e+04 6.782877747629473561e+03 4.717656494855911660e+03 1.974018869401521215e+03 -1.476988590477210892e+03 3.913864726142331165e+03 4.478298630722124472e+03 3.732442869723199692e+03 5.013942961607337566e+03 2.105299674404394409e+03 2.905638699987597647e+03 3.681978179239010842e+03 3.620407744405868016e+03 2.122853040277785567e+03
-4.582922544052382727e+04 5.906148823254872696e+04 4.689821129989529436e+04 3.728150441635798052e+04 3.635104051884635555e+04 3.274671443182266376e+04 1.835857471162411457e+04 4.643416118137530248e+03 9.685112000180208270e+03 8.753304869445993972e+03 9.168678257035624483e+03 6.362481924569708099e+03 8.151379087282350156e+03 1.696185889627366487e+04 4.370528374307551712e+04 1.292701510653743208e+04 5.274907751549991190e+03 4.038323684254959517e+03 2.355931422061032208e+03 3.604264161286317176e+03 1.660237247824179349e+03 2.819067844080453597e+03 2.354788087391880254e+03 2.533094342837584009e+03 1.366022354168481797e+03 2.052082673611588234e+03 1.623282569082604823e+03 2.284878222124546483e+03 1.803178801305078878e+03 1.239856896930398534e+03 -2.524599794577858411e+05 1.879609151409896003e+04 1.988236662746136426e+04 9.290650867706793360e+04 -6.596751734903519946e+02 3.664947475375854265e+04 3.001714598608254892e+04 2.053686102363902683e+04 1.579492397724191505e+04 2.583534593993512681e+04 1.059583933886169689e+04 1.208866798952810495e+04 1.023534590848341577e+04 2.496136272377940986e+04 5.361803742132315529e+04 2.140725351147390029e+04 8.826773477337319491e+03 8.088164970059947336e+03 4.949276829996232664e+03 6.330566604391640794e+03 4.566605201063733148e+03 2.956681541065581769e+03 3.251645827800192365e+03 4.307982952973355168e+03 2.740636896095319116e+03 1.710883326694436391e+03 2.579708104688752428e+03 4.212711312082400582e+03 1.851445218194595327e+03 1.186013578021036892e+03
8.168915189712111896e+04 1.288637554585963808e+05 2.216604293312156005e+04 3.827098651354708272e+04 2.859196706363840713e+04 2.773689950371778104e+04 2.226868256484621816e+04 6.411989589104399784e+03 7.300804029229567277e+03 5.418011391177009500e+03 7.376451249915202425e+03 4.525512049748500431e+03 6.714061222937023558e+03 5.876845794393870165e+03 1.292701510653743208e+04 3.359672949200426956e+04 1.049529694551520151e+04 3.554785152958344952e+03 1.592698095613234500e+03 2.303179010288642530e+03 3.124583076727399202e+03 2.458514274143724379e+03 2.559358916145811691e+03 2.424674942374859711e+03 1.509700558135055871e+03 1.942741305228654255e+03 1.329780056742010402e+03 1.271831057239750862e+03 8.817705478995757176e+02 9.856333844598360656e+02 -3.342617618285281787e+04 5.175080528889648849e+04 4.578477048489966546e+04 5.072448631706114975e+04 1.645554882513056509e+04 2.860420857427725423e+03 1.791028686754974115e+04 3.739411260873355332e+03 1.281192777907937125e+04 1.467211668233427190e+04 9.733161355281683427e+03 1.356728858868489988e+04 1.153022571995759608e+04 1.095605962450883271e+04 1.681665238175062768e+04 4.069374290142871178e+04 1.522211730288786930e+04 4.185683713761961371e+03 -1.318981934699238252e+02 3.767643551556447619e+03 4.337455014597428999e+03 2.829029482168640698e+03 1.907137227960925657e+03 2.579839967717050968e+03 1.840068410345109214e+03 2.566657948093155028e+03 1.376324279573214426e+03 2.876008936265598550e+03 2.144515776575441578e+03 7.757497872611943421e+02
-1.941154534026198962e+04 5.184540763416807022e+04 2.525885770759789739e+04 1.460997977540393731e+04 2.289735485827635785e+04 1.968221573257631462e+04 1.495346796882915442e+04 6.999576394924435590e+03 4.250289575618151503e+03 7.368697326747898842e+03 5.812123714620634928e+03 5.632481683904538841e+03 2.975553790304120866e+03 5.643260120188519068e+03 5.274907751549991190e+03 1.049529694551520151e+04 2.596631789913801185e+04 8.244737923077147570e+03 2.913331661142137818e+03 3.056930969391052258e+03 2.663210448471990730e+03 2.992740638012699947e+03 2.083821812407843936e+03 1.233035442347815433e+03 1.464158766230956189e+03 1.496583625256909500e+03 1.425384614854144957e+03 1.639180176639601541e+03 1.874266507550893266e+03 1.121326888652953812e+03 -1.154264546021933056e+05 6.313970030857091842e+03 2.706627189130927582e+04 2.059807268270118220e+04 9.714136651926623017e+03 3.292364431936507026e+04 1.808319685540528735e+04 1.158476358088690176e+04 9.071383532349600500e+03 1.335355542305465679e+04 9.370446593045315240e+03 1.150852272929316132e+04 2.134789147228051206e+03 7.930135191041823418e+03 5.445198408389806900e+03 1.157864493973146273e+04 3.081173705821803378e+04 1.361032013878670477e+04 3.298229929426113813e+03 3.645885646622895820e+03 2.023771516541165965e+03 3.284864598813607245e+03 2.084062177882428387e+03 1.375171988952892661e+03 8.036580905570866662e+02 6.693718018511771106e+02 9.082049362535971113e+02 1.636124352131784690e+03 2.219143544605810348e+03 7.226246579327912514e+02
-1.603557484209725772e+04 2.201213328296411419e+04 2.132404891369800680e+04 8.910311127011735152e+03 2.423618637060515539e+04 1.468876002642507592e+04 2.051058007723347328e+04 1.447900283557567309e+04 9.195889138975058813e+03 5.498891529764286133e+03 2.931808258850086531e+03 3.867391601269925559e+03 3.047979031793563536e+03 4.458741468178779542e+03 4.038323684254959517e+03 3.554785152958344952e+03 8.244737923077147570e+03 2.318860503799558865e+04 7.383317528761030189e+03 2.602581132196250564e+03 2.600135018272243997e+03 2.874373498566182207e+03 2.475447120375213217e+03 1.611092746239518647e+03 2.016906009399379400e+03 2.083958367483658549e+03 6.696605827698767825e+02 7.220741338600117842e+02 1.319262265437018186e+03 1.468937524185322445e+03 -4.058149556886656501e+04 2.314196688304498093e+04 2.706089396253597442e+04 5.023546496595267672e+04 2.399201171468930625e+04 1.984756101006643439e+04 2.329894698728974981e+04 1.658029506160435631e+04 1.310822786787813857e+04 4.823445543411786275e+03 2.971089891356672524e+03 9.428071094439505032e+03 6.136458321035362133e+03 4.747257191801774752e+03 2.052467948112037902e+03 6.430694689737479166e+03 1.326641576664950480e+04 2.657923627345712157e+04 9.684492064360487348e+03 2.622697586000989304e+03 2.271130799700416446e+03 3.694156285261298308e+03 2.095135255798709750e+03 2.504672582364185018e+03 2.347801646473408255e+03 1.532450728954321448e+03 1.374979482930055497e+02 2.844194453486939551e+02 1.471627862833767722e+03 1.560992270629859604e+03
4.627942673026335251e+04 4.368574833992679487e+04 3.553819310687603138e+04 1.740522204141000429e+03 5.925403936275954948e+03 8.103330873541639448e+03 1.061001958251475298e+04 8.431309593657269943e+03 2.078657586099275250e+03 4.232582328688087728e+03 3.169144993851994968e+03 2.922890015320294879e+03 4.421384023687855915e+03 4.373942300379725566e+03 2.355931422061032208e+03 1.592698095613234500e+03 2.913331661142137818e+03 7.383317528761030189e+03 1.815980373731893633e+04 6.033250939101979384e+03 2.243086813971071933e+03 2.333137380575426505e+03 1.817550714622605255e+03 1.176308530824688205e+03 1.507989791176882136e+03 1.769499216891275182e+03 1.247054337101475085e+03 1.184659856357299532e+03 1.575253138903186255e+03 9.786230275713003266e+02 -5.434467572404482780e+04 7.906422576362719701e+04 5.396346178868740390e+04 2.569449210728129765e+04 -2.503659075490208579e+03 1.364803117692231172e+04 1.315803106017075879e+04 7.148237182303291775e+02 6.264366160593966015e+03 4.043806654057890682e+03 3.678628011318093741e+03 4.385553876454569945e+03 2.357109366452267750e+03 4.860754015267175419e+03 2.469682906280937004e+03 1.864259001861171555e+03 3.812829949973364819e+03 9.989672351442668514e+03 2.211255327877690797e+04 6.241492012489548870e+03 7.481729214691699781e+02 3.053758830966547066e+03 2.396468310187729003e+03 2.367519568141499349e+03 5.165565167361153271e+02 1.503620723000410635e+03 1.701176576963463049e+03 1.399002758131710607e+03 1.561735560907189438e+03 2.827772164136374613e+02
-5.186315968727631116e+04 3.828754021863082744e+04 4.027289743001892930e+04 9.487820312484884198e+03 1.231148643300682124e+04 9.147189322035486839e+03 4.666555856176335510e+03 9.698110125692208385e+03 6.940504694128806477e+03 6.394847449402640450e+03 3.249866893931108280e+03 3.554005360832321458e+03 3.111106551600624698e+03 3.346536492106163678e+03 3.604264161286317176e+03 2.303179010288642530e+03 3.056930969391052258e+03 2.602581132196250564e+03 6.033250939101979384e+03 1.558130720485315032e+04 5.199391828265118420e+03 2.300809172784495786e+03 2.145312944866192083e+03 2.111969610270332851e+03 1.370526208892915292e+03 1.766025587546303996e+03 1.398524993091483793e+03 1.810203955238536992e+03 1.357406906786615082e+03 6.875350774124536883e+02 -9.315189697316187085e+04 2.202613474939789739e+04 9.531025378466382972e+04 5.103900187197863124e+04 4.475591119939922464e+03 -4.505911205125295965e+03 1.581817715348254023e+04 1.217888610829139179e+04 1.048894503323468416e+04 9.933935014631819286e+03 8.899265223546368361e+03 7.587348746435932298e+03 1.173186939006908034e+02 3.917841424238062700e+03 5.011703162649970182e+03 2.854866051977054667e+03 5.096507607082112372e+03 3.618005266360740734e+03 7.685271971711750666e+03 1.653629054873592031e+04 6.418375598334683673e+03 2.760219335877422964e+03 2.649004169563277628e+03 1.970949255879800148e+03 9.135355893902523121e+02 1.315471644813709872e+03 1.758845698531394191e+03 1.098876858464783027e+03 1.057011030608098281e+03 -1.239719506582722346e+02
-2.316533746220099056e+04 4.433351464134576418e+03 -2.478114157426437487e+03 1.214739502075230121e+04 1.163829178241873342e+04 7.712715167858224959e+03 8.277598219933441214e+03 5.863113560361152850e+03 5.825479663818673544e+03 3.021961084582151216e+03 2.034410681324094639e+03 2.231521817430667397e+03 2.033791723303081199e+03 1.347618404954771677e+03 1.660237247824179349e+03 3.124583076727399202e+03 2.663210448471990730e+03 2.600135018272243997e+03 2.243086813971071933e+03 5.199391828265118420e+03 1.424271728895698834e+04 4.652688726488724569e+03 1.854217963169559198e+03 1.489900354590217148e+03 1.520777913368195641e+03 1.651309068758635476e+03 1.230757251512902940e+03 1.403251100195870549e+03 7.081973537381478536e+02 9.036206678347356274e+02 1.159453207587488032e+04 -2.076927657295694007e+04 -2.146440291936492576e+04 2.923849156218380449e+04 -4.334683542577403387e+03 -5.479858799215372528e+03 1.064569922891132956e+04 1.232918254066307054e+04 4.467391900625663766e+03 -9.791869703274314816e+02 5.433884756374000062e+03 6.677093456645481638e+03 1.182018141454480201e+03 1.599509634755393563e+03 7.544956270438349293e+02 2.358217768165034613e+03 3.240840828754903214e+03 2.606168095576151700e+03 4.168076495033463289e+03 5.341473455166446001e+03 1.540639348118035196e+04 5.102103584022232099e+03 1.687958961439388759e+03 2.091750390943919683e+03 6.858757398612473253e+02 1.060580830388004415e+03 1.706257021820307955e+03 1.534728683043626006e+03 1.009981928069582978e+03 5.139019023085097615e+02
8.863300344948806742e+04 5.489640277333828999e+04 9.488272486691434096e+03 7.238865735390168084e+03 8.238405708774433151e+03 5.708828757317206737e+02 5.551703783671959172e+03 6.852577323274348601e+03 5.048630260942885798e+03 3.678801645832450504e+03 4.177404222492775261e+03 3.950994080337703963e+03 2.284436163598674284e+03 3.522523960529671967e+03 2.819067844080453597e+03 2.458514274143724379e+03 2.992740638012699947e+03 2.874373498566182207e+03 2.333137380575426505e+03 2.300809172784495786e+03 4.652688726488724569e+03 1.242608368864624208e+04 4.107615471744124079e+03 1.693425624671443302e+03 1.563254327014500859e+03 1.327773938983125618e+03 1.153196588523867149e+03 1.722713351312468603e+03 1.439884367001729515e+03 9.405900096436932927e+02 -3.286426704915786104e+04 9.434218056715962302e+04 1.293438296581987015e+04 -7.790544209888717887e+03 -3.694090735354523349e+04 -8.602187470206044964e+03 1.073528581717054840e+04 8.205044516983491121e+03 7.580093084716337216e+03 7.129890510188614826e+03 1.949920793057628089e+03 4.045864315089695083e+03 2.753233326963209606e+02 1.548657136789205651e+03 2.306602969811119237e+03 3.467629245378590895e+03 2.632207901830794071e+03 3.144488416968526963e+03 2.341467385234266658e+03 2.206267003221513278e+03 5.193409491071737648e+03 1.280851469886105770e+04 5.678348467337191323e+03 2.600051108149409629e+03 1.618187973047756486e+03 1.257461002435152750e+03 1.457643147343931560e+03 1.273033142788568512e+03 2.398981379528440357e+03 9.226920987746568414e+01
1.154172892784579744e+05 8.758818526634851878e+04 5.717768833075698058e+04 2.289029159965071813e+04 1.055074563828748796e+04 7.562750866424094966e+03 6.472029757124525531e+03 5.869762554074703075e+03 5.225471394954140123e+03 5.372787388763051240e+03 4.714271882032049689e+03 3.993573710282589673e+03 3.242703928871120297e+03 3.693349903205561532e+03 2.354788087391880254e+03 2.559358916145811691e+03 2.083821812407843936e+03 2.475447120375213217e+03 1.817550714622605255e+03 2.145312944866192083e+03 1.854217963169559198e+03 4.107615471744124079e+03 1.026254742716738656e+04 3.244264151328403386e+03 1.419231219673750957e+03 1.400172112568243847e+03 1.213439358228780520e+03 1.326962337600696856e+03 1.417920620115901102e+03 1.247895986630101561e+03 5.570037304355458764e+04 1.318897944977675215e+05 1.041337715883694327e+05 5.082591131132390728e+04 -1.210809783176472820e+03 3.092016882408016045e+03 1.455685506583559254e+04 7.334300415000718203e+03 1.597904205546570302e+04 1.154264156563861798e+04 7.682131065208385735e+03 7.756524756718712524e+03 4.708979793228908420e+03 4.795372766187843808e+03 5.254074420562943715e+02 2.928062028701107920e+03 1.005256643583656114e+03 2.223469605324477470e+03 2.870276035827987471e+03 4.014604889462610572e+03 2.544375907275852569e+03 4.909285150139372490e+03 1.116750105531760164e+04 4.226316179674856357e+03 1.459109766546412629e+03 2.272100735310107666e+03 2.618132288711450201e+03 1.583987027936394043e+03 1.098386462843362324e+03 1.566450006951651631e+03
1.305544390753483021e+05 5.076955011381075747e+04 2.716561921851147417e+04 2.217695137620717287e+04 1.194271478238836062e+04 1.445227404846258423e+03 4.492094168456166699e+03 3.579143371145993115e+03 5.733930078967865484e+03 4.615897600938061260e+03 3.353014592617245853e+03 2.924114275907320007e+03 2.828781701293756214e+03 3.051783200269978352e+03 2.533094342837584009e+03 2.424674942374859711e+03 1.233035442347815433e+03 1.611092746239518647e+03 1.176308530824688205e+03 2.111969610270332851e+03 1.489900354590217148e+03 1.693425624671443302e+03 3.244264151328403386e+03 8.720547210017386533e+03 2.939751870601052815e+03 1.415344814718198222e+03 1.223568250653771202e+03 9.522480930283127236e+02 1.109103532307843807e+03 1.067308901974463424e+03 3.374352070807459677e+04 5.924495466574010788e+04 1.257619817056029206e+04 4.270066822485120792e+04 1.466008969791769232e+04 -5.770289093451932786e+03 4.262790101943649461e+03 8.823826364940981875e+03 1.032848254763523983e+04 5.429160487980787366e+03 6.282971942057574779e+03 4.575292130126171287e+03 2.562124076142846206e+03 2.676713752769307575e+03 1.185168798822640611e+03 1.996985275047051118e+03 -3.435317304339284306e+02 2.090754217140164997e+02 1.263780226861506890e+03 6.580621936669531351e+02 1.226376088790662152e+03 1.010899022755633155e+03 3.067047414066509191e+03 9.488045238483227877e+03 3.744206928701713423e+03 1.327278896745754309e+03 6.167931676426665035e+02 1.686680214659488456e+03 1.009832642240412611e+03 1.109718004923959825e+03
3.315538231572577934e+04 2.962567600958677212e+04 5.966864379261898648e+03 4.892058716522074064e+03 7.155127544944867623e+03 6.836173087921010847e+02 2.870810578855712720e+03 3.270826031726685869e+03 4.501069404900869813e+03 1.940924916520196803e+03 1.901849489882683883e+03 1.108469874784779904e+03 1.242666357100528558e+03 2.753442272786760441e+03 1.366022354168481797e+03 1.509700558135055871e+03 1.464158766230956189e+03 2.016906009399379400e+03 1.507989791176882136e+03 1.370526208892915292e+03 1.520777913368195641e+03 1.563254327014500859e+03 1.419231219673750957e+03 2.939751870601052815e+03 7.665523017559874461e+03 2.276262514151209416e+03 1.282194836162456568e+03 1.124569303914550574e+03 1.000302127721507759e+03 8.557500658869546442e+02 -3.980698604176883237e+04 2.906786931143204492e+04 4.930792653671064727e+03 2.607119471059230364e+03 6.220273553455253932e+02 7.895303238819358285e+02 -5.121498677064879303e+03 -1.786601579571374714e+03 4.579860782899583683e+03 4.433646328818701477e+03 3.185863064252816912e+03 3.052566828563231866e+03 1.509778389678768235e+03 1.511845957145230614e+03 -1.928618709863712581e+02 -7.648597110146748719e+02 3.092328537023848511e+01 1.259005914348076885e+03 1.303488616999741225e+03 1.379898941813755073e+03 7.576494631112461775e+02 1.026600530566663565e+03 7.138291682951232815e+02 2.702403469661897816e+03 8.492098622677631283e+03 3.311599021146685573e+03 1.174138640886325220e+03 9.796968893081025271e+02 7.179727432532837383e+02 6.428668025043355101e+02
6.512803593316064507e+04 5.473106517320385319e+04 1.652204006248362566e+04 9.502969190388352217e+03 7.938117905208632692e+03 2.578020191593020172e+03 3.584931994270004907e+03 2.223354091262057409e+03 4.141826702845650289e+03 3.755493128535311826e+03 1.251871603193174451e+03 9.724907927627568824e+02 1.989473681260182957e+03 2.828379813132052732e+03 2.052082673611588234e+03 1.942741305228654255e+03 1.496583625256909500e+03 2.083958367483658549e+03 1.769499216891275182e+03 1.766025587546303996e+03 1.651309068758635476e+03 1.327773938983125618e+03 1.400172112568243847e+03 1.415344814718198222e+03 2.276262514151209416e+03 6.558984928618415324e+03 2.185581563058314714e+03 1.453660895601084121e+03 1.024240025418118421e+03 8.889195984373809551e+02 -5.710693382836591627e+04 1.122561872793980438e+05 3.183568760222206038e+04 1.446781966760458818e+04 -3.409639540436160132e+03 -8.550930070678616175e+03 3.915157639442892105e+03 -1.642184784998094983e+03 8.816453863432987418e+03 6.342180015435308633e+03 9.903896035233819930e+02 1.954359354101312192e+03 3.774398041238722499e+02 2.615816821325038745e+03 2.031722082759586556e+03 1.511954344237616169e+03 1.420886865541416228e+03 2.347841139396236940e+03 1.791729135569661821e+03 2.199131019945296885e+03 2.168837203509707706e+03 1.190264979466434170e+03 6.647866264624035466e+02 1.125157678644476391e+03 3.026128366489045220e+03 7.071487746041411810e+03 2.777330536409253000e+03 7.834622073653712278e+02 7.782369414396951015e+02 9.430622098833296150e+02
