3.916155908525930047e+08 5.610774758102786541e+07 1.632734411654570606e+06 3.002089165488746949e+06 2.254157826083809137e+06 1.700941432147538988e+06 2.408162337885020301e+06 -7.388355838315580040e+05 -8.755537880860945443e+05 -5.684260702129234560e+05 3.545937192457186757e+04 -1.265284933079658513e+05 -2.369178558417713211e+05 6.362253334621808608e+04 -1.190102614606872085e+05 1.220534484073156927e+05 9.409025584695639554e+04 -3.480354423752847651e+04 -1.262795967350741121e+05 1.728796004009251192e+05 9.046967803367679153e+03 1.105125752349425165e+05 1.834057061722840299e+05 9.437956739664801717e+03 5.482819244330811489e+04 2.849869156462660976e+04 -3.744563498947359039e+04 3.475914257894522507e+03 9.582946158781150007e+04 -5.365556399343996600e+04 3.962228964427486062e+08 2.271496740172374621e+07 -4.945051955891841091e+06 -3.334911638893271331e+06 3.342183981665648520e+06 4.749638577713296749e+06 1.927606396056916565e+06 -3.681240812952955253e+06 -2.133841250149304047e+06 8.016321101357115549e+04 9.572480181836183183e+05 1.117031115697511937e+06 -4.169595715143014677e+05 5.515876015204733703e+05 -2.547305593886158313e+05 -4.582146115108865779e+05 4.514102485575001920e+05 3.025902652803589590e+05 -1.632215240795432765e+05 -4.968430967322078068e+05 -6.491950358058318961e+05 -6.436665382860035606e+04 4.001356657381706755e+05 3.290242496326426772e+04 -2.504766800082911795e+05 -9.554506149365952297e+04 6.832629395878207288e+04 1.630130032341090555e+04 8.220731517455825815e+04 -2.304558893824356783e+05
5.610774758102786541e+07 1.705133047200685143e+08 1.667272777554435283e+07 -1.150671015804284398e+05 2.297400462794994004e+06 -2.261853486400838010e+05 7.509710653919061879e+05 6.985865209680446424e+05 3.288641997306995327e+05 -5.120555277003258379e+04 4.604606838766224682e+05 3.044796845082039363e+05 2.939111297608090099e+05 1.547741006663979788e+05 1.598193089193021588e+05 1.604972523236526758e+05 -3.952500068454798020e+04 -5.817427814960357500e+04 -3.649988853797905176e+04 6.471275280140657560e+04 4.614063766891204432e+04 1.076340196710232849e+05 5.107966125670048496e+04 5.342706267755525005e+03 6.944423378744062211e+04 9.286463669378728082e+04 -7.182118085345097643e+04 -1.947286521192379223e+04 7.694837920310403570e+04 -3.453925431999693683e+04 8.778761328815677762e+07 2.245259840062715113e+08 5.233826455799934454e+06 -5.709006666463775560e+06 2.883795946524151601e+06 3.438811484391838778e+06 3.471068058045646758e+05 1.389733978469416965e+06 1.108970557667588582e+06 -4.541326403526043869e+05 1.192990339148795931e+06 7.004330620088070864e+05 5.499667211970781209e+05 3.025900344845294603e+05 3.696601383933036122e+05 -3.266318813220525044e+05 1.599049743266867608e+03 1.095959310276629985e+05 1.185821434546746059e+04 1.798188005418717803e+05 -2.382918443120247102e+05 5.230066238373819215e+04 -2.453161804287273753e+03 7.413073484296214883e+04 2.824534050733606564e+05 8.763782888971849752e+04 -1.326804899553789292e+05 -1.895511030066062522e+05 6.976632094703678740e+04 -1.981232683157530555e+05
1.632734411654570606e+06 1.667272777554435283e+07 5.980197443128056824e+07 6.077911840170068666e+06 1.465754957603876945e+06 1.148699064026723818e+03 -1.796349551543539565e+04 4.364918955664993846e+05 1.822248505454274709e+05 4.105964734460146865e+05 3.058428567303677555e+05 3.585572408855721587e+05 2.283534858391515154e+05 1.795971082486951782e+05 1.785174018324922654e+05 1.696558708618401433e+05 1.539056775094987825e+05 1.004779465788698872e+05 5.027340208197147149e+04 6.454713730274137197e+04 7.459358225927899184e+04 6.100373490531161224e+03 6.237416689702804433e+04 4.377053238959830924e+04 4.846636835868022899e+04 1.066788604253053199e+04 6.111665107167945098e+04 7.527770709054171675e+03 4.684974407685113692e+04 2.272700711254677299e+04 -4.832642421838316135e+06 2.455725548265244439e+07 9.004421007349555194e+07 4.111668982066539116e+06 2.095491842330111656e+06 7.838390653716122324e+04 1.031053184871439007e+06 1.341544780189537909e+06 5.242212474736211589e+05 1.080493371260521468e+06 6.060561746644539526e+05 6.131927563243259210e+05 -4.582379823276036041e+04 2.060372879620529129e+05 4.455708447794776876e+05 1.375628677341478760e+05 2.388665071621987445e+05 1.880567000044538872e+05 1.007028494767642696e+05 1.608321158979145112e+05 2.550211376531729766e+05 6.220751568845873408e+04 1.527436810235555276e+04 1.821878826310827935e+04 4.745162549380400014e+04 3.432182993635954335e+04 1.159528735820713109e+03 -2.414653972870222060e+04 1.686474023067309754e+05 1.183407785548428219e+05
3.002089165488746949e+06 -1.150671015804284398e+05 6.077911840170068666e+06 2.371258778958217800e+07 2.325118117592154071e+06 -2.170758956364981423e+05 2.350983730335514410e+05 8.330940027628521784e+04 9.536119632709733560e+04 8.337239085898097255e+04 -2.116525817552742228e+04 1.253461025724922220e+05 5.130480385585602926e+04 1.135401630805844470e+05 7.254953348752424063e+04 9.046915304282908619e+04 9.312432184608466923e+04 5.313970044126227549e+03 8.661981210940999517e+03 4.718062489449507848e+04 4.481230069773564173e+04 3.822293411047146219e+04 -1.589982221971844774e+04 -3.832672484430768691e+03 -9.102654745696292593e+03 2.593884042172691989e+04 3.974847533908110199e+04 3.348275112125575106e+04 2.653703575142139380e+04 1.250690829586897235e+04 4.515027662597424351e+06 2.871532996624080464e+06 6.841098201061952859e+06 3.928025274841047823e+07 8.259531839857121231e+05 -9.652629534708937863e+05 4.055939260438994970e+05 2.644751865335570765e+05 1.362281175885911034e+04 1.721292871983683726e+05 1.280988778924310100e+04 2.471148085257381026e+05 8.617158125696265779e+04 2.187280280490358709e+05 -1.106837263976319955e+05 7.711018052975094179e+04 1.555471945141675533e+05 5.650311740625743550e+04 1.171331119825308997e+05 1.077589679863297060e+05 8.606042777125928842e+04 2.676778326506825397e+04 -4.597515132976118912e+04 1.799104017700415352e+04 -3.363625647450066026e+04 3.701151783513472037e+04 5.886253697722066136e+04 1.349782429596754082e+04 3.871594838393430837e+04 1.567627758013433231e+04
2.254157826083809137e+06 2.297400462794994004e+06 1.465754957603876945e+06 2.325118117592154071e+06 9.141073215125769377e+06 9.284173473615531111e+05 -7.091741201797094254e+04 5.177539815392337186e+04 -6.336372239363215340e+04 -1.244239802026282123e+05 5.695195383574514562e+04 -2.856206617747267228e+04 5.479698168409018399e+04 5.644555355425934977e+04 4.310957344893250411e+04 -8.078804036566452851e+03 5.869636022959114052e+04 3.764416386517759292e+03 2.165501627526383163e+04 3.174701395373680134e+04 1.859593423111030279e+04 1.264573984363688942e+04 2.801930860126027983e+04 1.777640261100436328e+04 1.440536330523378092e+04 -3.341090590128927488e+03 2.229374177551087996e+04 9.833809384890519141e+03 8.360360499311973399e+03 1.179771815309785052e+04 -2.521682038267023861e+06 -1.126148652640928281e+06 1.625501414521019207e+06 4.384741490656575188e+06 1.423953644449088164e+07 3.315898928013280965e+05 -4.032381348926271894e+05 2.401829970829513913e+05 9.366379622165465844e+04 -4.570960067162678024e+04 1.033605485041797219e+05 6.847676945971576788e+04 1.584420445874423895e+05 2.251575084356759617e+05 9.163127978982312197e+04 -1.187853406888056779e+05 9.169946534965463798e+04 3.805781991254230434e+03 1.645905053540154768e+04 7.151019333888050460e+04 3.415234024312243127e+04 3.722707285624615179e+04 8.513613942247230443e+04 4.798680107909171056e+04 1.129000071545428546e+04 2.461145856738785369e+04 -1.064078561848045865e+04 3.394720129893886042e+04 4.442547370730151306e+04 4.776258785856123723e+04
1.700941432147538988e+06 -2.261853486400838010e+05 1.148699064026723818e+03 -2.170758956364981423e+05 9.284173473615531111e+05 4.743256616250275634e+06 7.217392536781550152e+05 7.351334001975663705e+04 8.965239170936250594e+04 4.790272423215291928e+04 2.484324541105677054e+04 6.978693147385018528e+04 6.854020288562093629e+04 2.842696873504354153e+04 3.111259182586518364e+04 4.362306329922865552e+04 4.179437634801650711e+04 2.064895157355902120e+04 2.372092175524814229e+04 2.236879826966043765e+04 2.363159770794542419e+04 2.592989395165596579e+04 -2.348157378343475443e+02 2.686903924649677356e+04 1.456236525161455029e+04 1.550183620752412207e+04 3.788584621872072148e+03 8.630244676933238225e+03 1.572477102852597636e+04 1.163196463153544755e+03 1.574738119356497657e+06 -1.965464055420225020e+06 -4.780282924171811319e+05 -8.333919759203334252e+03 1.535150668653344270e+06 7.650017536330674775e+06 1.138811990666478407e+06 3.150183184873346472e+05 1.179498317801073135e+05 1.322391111635739217e+05 1.610974405044345986e+04 1.621339107298763993e+05 1.022364677102323913e+05 7.794784932570270030e+04 -6.335199502291360659e+03 2.885908281104818525e+04 4.160601286165711645e+04 6.944728587621811312e+04 1.600822913626866830e+04 6.298639906610908656e+04 5.095604059211671847e+04 6.017065033615567518e+04 1.272333361826981491e+04 4.707660134961958101e+04 4.686289951879699220e+04 5.583081181596380338e+04 3.302495123654921917e+04 2.895318657262185661e+04 3.571019617481975729e+04 2.271666755227591784e+04
2.408162337885020301e+06 7.509710653919061879e+05 -1.796349551543539565e+04 2.350983730335514410e+05 -7.091741201797094254e+04 7.217392536781550152e+05 2.722449062075003050e+06 4.277034735625237809e+05 4.842154124633715401e+04 5.583461421369999152e+04 -1.550036971799946741e+03 7.409671493006632954e+04 4.361913786657097808e+04 4.191113461547960469e+04 5.585911713570744905e+04 4.502238707886857446e+04 9.728382482036115562e+02 3.007676191096517141e+04 4.644410350515934624e+03 2.503637457584402364e+04 2.166257074239765188e+03 1.183590001501729239e+04 5.642579658588603706e+03 1.215712856786491830e+04 9.786571138438841444e+03 5.475229947892523342e+03 -7.417244224784733888e+03 -8.722321927959836103e+03 1.540599173437226273e+04 1.812068494764298885e+04 2.612583532710642554e+06 -3.494016195036622230e+05 -7.431180749237220734e+05 -8.918185873778478708e+04 -4.564747116144946776e+05 1.031849762421885156e+06 4.168473780694672372e+06 4.737401806348118116e+05 -3.021056823234751505e+02 1.387681564877403434e+04 -4.569529884658288211e+04 1.261250620641500718e+05 4.889176815040891961e+04 3.220922339006039329e+04 1.319987301848298230e+05 1.099868487519392074e+05 -2.438618363834776392e+04 4.001601448521755083e+04 -2.970407830654508507e+04 3.747102935885410261e+04 -2.483436880175818078e+04 2.383660909464113138e+04 2.483341813338216161e+04 8.059001798108803996e+03 1.978137290147771637e+04 9.904026428981862409e+03 4.317735632901803910e+03 -6.528519460594532575e+03 1.661712985270880017e+04 4.103809532382393809e+04
-7.388355838315580040e+05 6.985865209680446424e+05 4.364918955664993846e+05 8.330940027628521784e+04 5.177539815392337186e+04 7.351334001975663705e+04 4.277034735625237809e+05 1.423273185426343000e+06 1.515369567700792686e+05 -9.916125882820620063e+02 2.524339402829010214e+04 3.312947866199187411e+04 -1.035211344108338926e+04 1.674392993788543390e+04 2.652203361503902852e+04 1.310594898855925931e+04 3.450689262629294262e+03 1.749857863345138321e+04 2.181286701738404736e+04 9.562877341131135836e+03 3.529618950827851222e+03 3.506395251887659015e+02 6.731140134513992052e+03 7.874996129707671571e+03 1.151531887009767524e+04 7.044865473351967921e+03 4.766510358769371123e+03 3.761387171250907613e+03 9.530049643616366666e+03 2.074239320535664774e+03 -1.327524563095065532e+06 8.245481351395990932e+05 4.219071388321974082e+05 -4.591292672355605464e+04 -6.780018889886750549e+04 -1.794655445065297536e+05 4.410470121463822434e+05 2.226746705153286923e+06 1.648549499046741403e+05 -1.664915164943998388e+04 -1.183470237234488923e+04 3.970752513991932938e+04 -4.798783984769070958e+04 3.881023946579768381e+04 8.286151877426303690e+04 3.494571694228795241e+04 3.306157929252842587e+04 3.459619139817060932e+04 3.885877028484749462e+04 3.739611499859745527e+04 -8.360013017438202951e+03 5.592542441805462659e+02 7.672859386561053725e+03 1.875345252963837265e+04 8.764883616282315415e+03 6.530175672520447733e+03 -3.474854066676026378e+03 3.214626131671148869e+03 9.395837072897806138e+03 1.985750937731879094e+04
-8.755537880860945443e+05 3.288641997306995327e+05 1.822248505454274709e+05 9.536119632709733560e+04 -6.336372239363215340e+04 8.965239170936250594e+04 4.842154124633715401e+04 1.515369567700792686e+05 9.193706828523755539e+05 1.454378977679484233e+05 3.325098209083321854e+04 1.078211972305307063e+04 1.504867958519930426e+03 3.466176431444967602e+04 3.342573349381690059e+04 8.696727328216304159e+03 2.062249431980216468e+04 2.528649738172551224e+04 2.328627671304484466e+04 1.739511181360400587e+04 1.527960143629219056e+04 1.233800754934985662e+03 3.613596805048960050e+03 -1.012330901255128168e+02 9.341321400642644221e+03 4.521305137648512755e+03 5.669637588280120326e+03 6.149952854582139480e+03 3.789326897718931377e+03 4.220391684954208358e+03 -2.562497689587967005e+06 1.161391085199972382e+06 3.810507618601341528e+04 2.582523115160091256e+05 -3.910799070247876225e+05 2.155019689642580342e+05 1.427465861020543671e+05 1.905889589527963544e+05 1.331052630642157281e+06 1.577412135016109096e+05 1.472770934186175873e+04 -3.685583425387398165e+03 -3.471895117534839301e+03 1.803493229533073099e+04 4.083080796577273577e+04 1.437203580156443195e+03 1.101980072391236172e+04 1.120853341472620923e+04 3.384338718391599832e+04 2.038739203762622128e+04 3.330752573346615827e+04 -2.458742752346469206e+04 1.651468789910547457e+03 -2.924170825529748527e+03 2.700744441303160784e+03 1.539030956632853849e+04 9.449465962778624089e+03 6.560560794857014116e+03 1.100474197339161765e+04 9.755914224403975822e+03
-5.684260702129234560e+05 -5.120555277003258379e+04 4.105964734460146865e+05 8.337239085898097255e+04 -1.244239802026282123e+05 4.790272423215291928e+04 5.583461421369999152e+04 -9.916125882820620063e+02 1.454378977679484233e+05 5.820917261505179340e+05 8.113208308383406256e+04 2.468991441591130570e+04 3.739444702473971574e+03 1.394712107507103246e+04 2.039869976992923694e+04 1.236536776328091764e+04 4.965017785951571568e+03 1.136640330125654509e+04 8.021553427717991553e+02 6.926330051076049131e+03 1.603326065243511403e+04 2.192639873699532927e+03 2.774280870558499828e+03 6.047019717523636245e+03 1.396601802689357828e+04 -2.915788478751788375e+02 -1.084667341320295236e+03 4.706500127544675706e+03 2.215658711687470714e+03 5.358790807849049997e+03 -4.360228150740187266e+05 5.351104006893679034e+05 5.210617026062684017e+05 2.895036937516369653e+04 -4.081045360856735351e+04 1.158730244234748970e+05 -2.080061622393259677e+04 -1.744183973695313762e+04 2.281379577305531129e+05 8.408166896184913348e+05 5.452797131211376109e+04 3.477004132525221212e+04 -2.286364344241563958e+04 1.266158859387909433e+04 3.253270446483628257e+04 7.252602469929880499e+03 -1.161009128492748096e+04 2.210049187506326052e+04 -2.453568311955284571e+03 2.564344613650327574e+03 2.269811972949243500e+04 -9.617771723979361923e+03 1.981864029414978745e+02 1.648174313553973116e+04 2.917020487264925032e+04 8.500742342842778498e+02 -8.317585695432908324e+02 1.444457465713379679e+04 9.035623272095076572e+02 5.488466516666553616e+03
3.545937192457186757e+04 4.604606838766224682e+05 3.058428567303677555e+05 -2.116525817552742228e+04 5.695195383574514562e+04 2.484324541105677054e+04 -1.550036971799946741e+03 2.524339402829010214e+04 3.325098209083321854e+04 8.113208308383406256e+04 3.507133154139896506e+05 3.501565966904634843e+04 4.851502192141446358e+03 -9.042360128856541905e+02 8.267180433939372961e+03 4.054974782200292339e+03 1.676031476995132107e+04 1.209454896749280670e+04 2.260244102889319493e+03 5.825286531065135932e+03 5.118275587810576326e+03 -3.245567967971609278e+02 7.107524099714308250e+03 2.737462378662837182e+03 7.483272883662680215e+02 -1.042161966623110402e+03 -4.490595285666461223e+02 1.507108088601886493e+03 3.546543593703761417e+02 2.790398259292520834e+03 -8.440582133768341737e+04 1.060166520964825526e+06 5.728905024318945361e+05 7.626434131961028470e+03 1.366749685779009305e+05 1.244534397040140539e+04 1.565350616184428509e+04 3.512268266506624786e+04 5.378569708118490234e+04 8.352798202803447202e+04 5.133990693270417396e+05 1.816544850185343603e+04 4.768657074977535558e+03 -8.052164966858823391e+03 1.668763225765722018e+04 2.794721056379610673e+03 1.776702410597739072e+04 1.605149646268037395e+04 1.463119893467350494e+03 -5.353036543129607026e+02 1.217838748365684069e+03 1.087740581797322193e+03 6.760334332870741491e+03 8.142902670486571878e+03 -6.060920411089592790e+02 -4.080766796328580313e+03 -7.952578712221393289e+03 6.414339463899355906e+03 2.483629227584824548e+03 8.768995467061706222e+03
-1.265284933079658513e+05 3.044796845082039363e+05 3.585572408855721587e+05 1.253461025724922220e+05 -2.856206617747267228e+04 6.978693147385018528e+04 7.409671493006632954e+04 3.312947866199187411e+04 1.078211972305307063e+04 2.468991441591130570e+04 3.501565966904634843e+04 2.429657039490321476e+05 2.865858874681697853e+04 -6.000071734499926606e+03 4.692780440443698353e+03 8.447452277064418013e+03 1.179901304870897911e+04 7.920347670023337514e+02 5.544908362071787451e+03 6.326799344132260558e+03 9.084652743799741074e+03 2.582751591044693669e+03 5.843537978080316861e+03 4.802597429673133774e+03 4.275843007450052937e+03 -1.324102596703789004e+03 1.098253102344723175e+03 1.457545935795965988e+03 8.370672708706326830e+02 1.984758359483410857e+02 -1.866027811184801976e+05 9.064771925144597190e+05 3.628046267736785230e+05 1.500410439386024373e+05 3.061710186843996416e+04 -9.694000544765163795e+03 2.538063256799615920e+04 6.825819556816511613e+04 4.797093407910504175e+04 1.633924891842118268e+04 3.450189065281685180e+04 3.575487249199184007e+05 4.562534079499923246e+04 -4.611491237412172950e+02 1.567535032634317577e+04 1.221977380841195190e+04 4.954183347478409814e+03 -3.367138278473012178e+03 4.244912711349665187e+03 8.859687505295793017e+03 1.087073970151697540e+04 8.362445993847577483e+03 5.951405773133953517e+03 1.106277225559854014e+04 1.144206163385085347e+04 4.334190818863203845e+02 -2.841779074745225444e+03 -1.883879985901446901e+02 -2.273943907140709598e+03 5.983122202708739678e+03
-2.369178558417713211e+05 2.939111297608090099e+05 2.283534858391515154e+05 5.130480385585602926e+04 5.479698168409018399e+04 6.854020288562093629e+04 4.361913786657097808e+04 -1.035211344108338926e+04 1.504867958519930426e+03 3.739444702473971574e+03 4.851502192141446358e+03 2.865858874681697853e+04 1.882570734665619966e+05 2.960085612610960015e+04 1.263466301567187656e+04 5.323702073084589756e+03 4.440039910683026392e+03 5.215331175265167985e+03 9.158943959480139938e+02 7.186547575234727447e+03 2.369465727024884927e+03 4.753655025527007638e+03 2.054415995534327521e+03 5.883288747366776988e+03 2.488293502652926691e+03 1.673164231150180740e+03 9.081852182359625658e+02 5.886078979150415336e+01 1.480775052411616571e+03 1.122055942181270893e+03 -3.407213980704108835e+05 8.591480790969743975e+04 1.182988161711787834e+05 5.610802919844816188e+02 -4.687506670742802271e+03 2.804111222163342518e+03 4.864530225972576591e+04 -3.901815548813632631e+04 -1.914581656473774501e+03 -4.208341367928148247e+04 -1.097003132362393808e+04 5.284004996797750209e+04 2.791035768895861111e+05 1.833150020548373868e+04 1.852960561519046678e+04 7.328677897248788213e+03 9.119092538684764122e+02 5.677108012364872593e+03 -2.983472311404005268e+03 1.173171344508027505e+04 4.877189751505947243e+03 6.506217435767552161e+03 8.576773918826111185e+03 7.160161013515557897e+03 5.005955071899532413e+03 1.180890985861258514e+03 4.470138723987243793e+03 7.343297477254429396e+03 8.172914263423602961e+02 1.560999177080837399e+03
6.362253334621808608e+04 1.547741006663979788e+05 1.795971082486951782e+05 1.135401630805844470e+05 5.644555355425934977e+04 2.842696873504354153e+04 4.191113461547960469e+04 1.674392993788543390e+04 3.466176431444967602e+04 1.394712107507103246e+04 -9.042360128856541905e+02 -6.000071734499926606e+03 2.960085612610960015e+04 1.403059144902415283e+05 2.525387303667403830e+04 6.521682976436444733e+03 6.443363692262087170e+03 7.260829581125479308e+03 6.619140117427258701e+03 5.602843982060458075e+03 5.645655529416110767e+03 4.377530419016034102e+03 -8.847724557808720647e+02 3.158623111423339196e+03 4.380017422246626666e+03 2.219371073883607551e+03 2.187236320909678852e+03 -1.076870641342778526e+03 1.540000511166924753e+03 6.163674900775054084e+02 6.041255374039128656e+05 3.060764958889719564e+05 3.000611735894641606e+05 1.698912160740541003e+05 1.044729616263341450e+05 -3.085404492514928643e+04 1.197884930302525900e+05 1.119253629122490202e+04 4.934441321736072859e+04 1.656482304504357671e+04 -3.101978743649767057e+04 -1.183314397589394503e+03 3.380777556053708395e+04 2.010694416470497090e+05 3.426230299136134272e+04 6.433490368347094773e+03 6.297409122362851122e+03 3.030204930421500649e+03 7.063169345129711473e+03 2.482249981519141329e+03 7.484031032767659781e+03 7.837699420284129701e+02 -5.437737736558289726e+03 7.110494694782264560e+03 6.972936219616003655e+03 5.839309471701258190e+03 4.044445464245477069e+03 -2.643763245004570308e+03 -5.598896610458785972e+02 -6.258651357011694927e+02
-1.190102614606872085e+05 1.598193089193021588e+05 1.785174018324922654e+05 7.254953348752424063e+04 4.310957344893250411e+04 3.111259182586518364e+04 5.585911713570744905e+04 2.652203361503902852e+04 3.342573349381690059e+04 2.039869976992923694e+04 8.267180433939372961e+03 4.692780440443698353e+03 1.263466301567187656e+04 2.525387303667403830e+04 1.159017177499228128e+05 1.432449291730796904e+04 5.362376761287346199e+03 4.570854989842533541e+03 2.122117598505526075e+03 7.267254670171989346e+03 3.057386376353319065e+03 1.392990286060083463e+03 4.125698749549042077e+03 4.223092997967998599e+03 8.913216135192611773e+02 2.568597675539807824e+03 2.613443608823472914e+03 -1.272534530902463757e+03 2.862890857189449434e+03 2.822831186474505216e+02 -6.819818330190853449e+05 4.055502312822019449e+05 3.232871649661473930e+05 1.070209550244332640e+05 9.505722126984714123e+04 2.440638019630406052e+04 6.805321921815004316e+04 -2.435602000074228636e+04 2.813387533672500285e+04 1.721324607394951818e+04 7.838013618517883515e+03 2.537531260737263801e+04 1.563410854601563369e+04 2.891733687640093558e+04 1.687222948448244424e+05 1.569239216765589845e+04 5.282069439837261598e+03 -2.755694254344896763e+03 3.163109320664606912e+03 1.336168339088695211e+04 6.212852502292799727e+03 2.557976902871089806e+03 9.693182180656445780e+03 1.043668993231114655e+04 1.002308457869984341e+04 7.042409004638721854e+03 2.254607249036424037e+03 1.231879881538232269e+02 3.439294807942751049e+03 7.005952291698347381e+02
1.220534484073156927e+05 1.604972523236526758e+05 1.696558708618401433e+05 9.046915304282908619e+04 -8.078804036566452851e+03 4.362306329922865552e+04 4.502238707886857446e+04 1.310594898855925931e+04 8.696727328216304159e+03 1.236536776328091764e+04 4.054974782200292339e+03 8.447452277064418013e+03 5.323702073084589756e+03 6.521682976436444733e+03 1.432449291730796904e+04 8.631931331177170796e+04 1.593399148248854908e+04 9.620308584433763599e+02 2.664865848003137216e+03 5.072670134701018469e+03 4.465691506019062217e+03 3.593678060764914790e+03 4.790462954770856413e+03 2.516006660743937118e+03 1.213768820462379608e+03 3.159514006485123900e+03 1.726385542630523332e+03 6.908282707166202954e+02 1.462572709271783197e+03 6.653848435572631388e+02 2.399467405270448362e+05 5.005460034724368015e+05 -1.198676083690532141e+04 8.083236744632740738e+04 3.990703858512106763e+03 1.541841214606156427e+04 1.159451339428829669e+05 5.633831348371876811e+04 1.945217136157858840e+04 1.803934827442957612e+04 -1.561649215204602115e+03 1.411922752677739936e+03 -7.066725561988868321e+03 4.225683556600395605e+03 2.885913259218115854e+04 1.204106593928982038e+05 2.048313744024357220e+04 -8.337520010150008602e+03 1.157507858659761496e+03 7.558214166263372135e+03 6.158299097518736744e+03 1.764228391434527111e+03 8.347355809662127285e+03 7.561827028600275298e+03 6.233410556733070734e+03 5.284660813973002405e+03 4.509714158744352972e+03 -1.203166500962492591e+03 -3.761749956610960453e+03 -2.611804573857829837e+03
9.409025584695639554e+04 -3.952500068454798020e+04 1.539056775094987825e+05 9.312432184608466923e+04 5.869636022959114052e+04 4.179437634801650711e+04 9.728382482036115562e+02 3.450689262629294262e+03 2.062249431980216468e+04 4.965017785951571568e+03 1.676031476995132107e+04 1.179901304870897911e+04 4.440039910683026392e+03 6.443363692262087170e+03 5.362376761287346199e+03 1.593399148248854908e+04 7.428071113546210108e+04 1.243025346788690695e+04 3.821759940851613464e+03 3.845067351142061398e+03 3.216061677931860231e+03 3.723821599376869472e+03 3.147086237530661947e+03 3.768888132953650711e+03 3.117975059069933650e+03 3.385005903878038225e+03 2.957043728601728617e+03 2.537571563569576369e+02 2.321010704973554766e+03 7.455121246319735064e+02 2.447336657720989315e+05 -1.872288079577347380e+05 1.459171286109403300e+05 1.193460870239309006e+05 1.386679869270191994e+05 4.086464279576719855e+04 -4.859368279271391657e+03 1.503130095421398073e+04 4.256308331919630291e+04 9.417621496071120418e+03 2.346264365971743609e+04 2.170611993111152697e+04 1.542031998626728273e+04 5.732868871980832409e+03 8.397099333627797023e+03 2.539206513109572188e+04 9.824660280652405345e+04 1.144528880792288692e+04 8.306799054595901453e+02 2.865120564523994744e+03 3.416771601200550322e+03 6.482081432265214062e+03 4.755055886612200993e+03 7.189216798594382453e+03 5.301673665755904040e+03 6.557748190062722642e+03 5.531611973535065772e+03 -3.611764364283901614e+03 3.270248796190993744e+03 1.942262967763194411e+03
-3.480354423752847651e+04 -5.817427814960357500e+04 1.004779465788698872e+05 5.313970044126227549e+03 3.764416386517759292e+03 2.064895157355902120e+04 3.007676191096517141e+04 1.749857863345138321e+04 2.528649738172551224e+04 1.136640330125654509e+04 1.209454896749280670e+04 7.920347670023337514e+02 5.215331175265167985e+03 7.260829581125479308e+03 4.570854989842533541e+03 9.620308584433763599e+02 1.243025346788690695e+04 5.706795249444206274e+04 1.073911571415051731e+04 2.252590720697538927e+03 4.912641864807939669e+02 1.685633951203462402e+03 1.809828537812884406e+03 2.669824767182976302e+03 1.885226266427101109e+03 1.969901988487709787e+03 1.024642609414562685e+03 1.149446678025981100e+03 1.677225097600655772e+03 1.800275643677390178e+02 1.120224984857691015e+05 6.422805847378091130e+04 1.002284217685429467e+05 -8.485805519637670659e+04 2.620030979297959857e+04 3.388141240443587594e+04 3.900532152248378407e+04 3.519159604934503295e+04 5.516234586506905907e+04 1.684293389889730315e+04 3.967786024614416419e+03 -1.780541095083338951e+04 9.955487095759948716e+03 8.902876219536939971e+03 1.099047682650225397e+03 -2.144989479501963160e+03 6.527533076303335292e+03 8.067089930586883565e+04 1.530743757005496991e+04 -8.080362746558894287e+02 -2.709799109939638583e+03 2.643744347470151752e+03 6.126271947545533294e+03 3.483038274305964933e+03 1.022696913598465585e+03 2.577947572188007143e+03 8.971858450819960353e+02 -9.142071272321895776e+02 3.678559369065570081e+03 2.315079866561538893e+03
-1.262795967350741121e+05 -3.649988853797905176e+04 5.027340208197147149e+04 8.661981210940999517e+03 2.165501627526383163e+04 2.372092175524814229e+04 4.644410350515934624e+03 2.181286701738404736e+04 2.328627671304484466e+04 8.021553427717991553e+02 2.260244102889319493e+03 5.544908362071787451e+03 9.158943959480139938e+02 6.619140117427258701e+03 2.122117598505526075e+03 2.664865848003137216e+03 3.821759940851613464e+03 1.073911571415051731e+04 4.564355799449930055e+04 8.065577764275675690e+03 2.076214042413180778e+03 2.848338566356693491e+02 1.666431102358671751e+03 1.757347320949289156e+02 -1.557940077267198546e+02 8.274422490042012441e+02 7.719347137879716456e+02 1.456029417926750966e+03 8.351159903228218582e+02 1.044202286971430340e+03 -2.984044360088770627e+05 1.237974575995516498e+05 1.428962225330990987e+04 5.165409559098527097e+04 -2.316426564038184097e+03 6.017754016189544200e+04 -2.305544443307553138e+03 5.613462377629132970e+04 4.133981124232076399e+04 -3.222785840354108586e+03 -3.156350817032288887e+03 7.714120521568557706e+03 2.111675562569939757e+03 8.533918693967321815e+03 -3.233025428404402646e+03 -4.430577410277996933e+03 1.460440319672573651e+03 1.231374154477221600e+04 6.222232158350089594e+04 1.233230826876570973e+04 1.734990796861756735e+03 -8.101134421777351236e+02 -1.092593100707764961e+03 4.668981117149887154e+02 -3.202736008127080368e+03 1.410236281599153699e+03 1.292051620860764388e+03 1.277454003930522958e+03 2.439984323031064832e+03 1.711711230192692938e+03
1.728796004009251192e+05 6.471275280140657560e+04 6.454713730274137197e+04 4.718062489449507848e+04 3.174701395373680134e+04 2.236879826966043765e+04 2.503637457584402364e+04 9.562877341131135836e+03 1.739511181360400587e+04 6.926330051076049131e+03 5.825286531065135932e+03 6.326799344132260558e+03 7.186547575234727447e+03 5.602843982060458075e+03 7.267254670171989346e+03 5.072670134701018469e+03 3.845067351142061398e+03 2.252590720697538927e+03 8.065577764275675690e+03 3.908755747173284908e+04 7.192288207922455513e+03 1.794479057600359511e+03 3.193596792866462238e+03 2.426503889975284892e+03 2.278641407784582498e+03 1.740196797712899524e+03 1.723950580059481581e+03 4.996046811463749577e+02 2.787146083535470098e+03 6.420549449763594794e+02 1.574999155976136972e+05 4.404937476060029439e+03 -1.207766595788766244e+04 -3.295965544120976847e+04 2.902302971673599677e+04 5.149334336581927346e+04 5.459608050972522324e+04 2.671342972983356594e+04 6.628591109398578737e+03 1.317779295660158277e+04 5.964168872366349206e+03 1.024851096765216425e+04 5.066141734116607040e+03 3.575536622733693548e+03 7.809035654429500028e+03 3.993771756427720447e+03 -1.279266483961495624e+03 -1.733714925512251739e+03 9.521951351306199285e+03 4.930818405120015086e+04 9.198106867426298777e+03 1.370118277220227810e+03 5.377181397652265332e+03 5.398444178294979793e+03 3.881822740161925594e+03 4.317288995373651233e+03 3.119005240918967502e+03 8.448813530471845752e+02 5.027980043276435936e+03 -1.436489557952817449e+03
9.046967803367679153e+03 4.614063766891204432e+04 7.459358225927899184e+04 4.481230069773564173e+04 1.859593423111030279e+04 2.363159770794542419e+04 2.166257074239765188e+03 3.529618950827851222e+03 1.527960143629219056e+04 1.603326065243511403e+04 5.118275587810576326e+03 9.084652743799741074e+03 2.369465727024884927e+03 5.645655529416110767e+03 3.057386376353319065e+03 4.465691506019062217e+03 3.216061677931860231e+03 4.912641864807939669e+02 2.076214042413180778e+03 7.192288207922455513e+03 3.526123336204294174e+04 5.556535292211394335e+03 2.354446309749112515e+03 2.013785860433403059e+03 2.511991478683205969e+03 -2.748034881972600729e+01 1.218087389186139262e+03 6.624785304870711116e+02 1.372927268095003456e+03 3.410938535264373286e+02 1.813599464856465638e+05 3.154398336689627467e+04 5.226897797132572305e+04 7.752068640957005846e+04 3.405994019639223552e+04 1.706060590480109749e+04 3.473809845080532796e+03 6.358499464911654286e+03 1.072850010822342847e+04 1.713814843821284376e+04 -5.370355684772338464e+03 2.787708655746048407e+03 -2.998362041457141459e+03 1.053354112649858507e+03 6.302317333194090679e+03 1.443185682195246272e+03 3.614065649273014515e+03 -3.330405889136740825e+03 -5.426851334365493358e+02 5.806823099195948089e+03 4.750088135903581860e+04 2.736369655576275818e+03 3.384845312449479025e+03 3.672764152821230709e+03 3.667213955276455636e+03 -1.251077645117096750e+02 2.796635072026908347e+03 -1.348424997534371641e+03 2.048348791278100634e+03 -8.742615378528020074e+02
1.105125752349425165e+05 1.076340196710232849e+05 6.100373490531161224e+03 3.822293411047146219e+04 1.264573984363688942e+04 2.592989395165596579e+04 1.183590001501729239e+04 3.506395251887659015e+02 1.233800754934985662e+03 2.192639873699532927e+03 -3.245567967971609278e+02 2.582751591044693669e+03 4.753655025527007638e+03 4.377530419016034102e+03 1.392990286060083463e+03 3.593678060764914790e+03 3.723821599376869472e+03 1.685633951203462402e+03 2.848338566356693491e+02 1.794479057600359511e+03 5.556535292211394335e+03 2.639447117999335387e+04 4.391658606393832997e+03 2.242106610356450346e+03 2.198354045826401943e+03 7.674890899382396583e+02 1.046515861541869072e+03 8.770512651848648602e+02 8.100102867541299929e+02 2.017609896162973371e+02 4.140505525715504191e+05 4.521176260351590486e+02 -4.666912823281120654e+04 4.671087528013560950e+04 2.888101397458075735e+04 5.725747000775505148e+04 3.471747417310130550e+04 7.546313964581769142e+03 1.703971148729821289e+04 3.092720013516046947e+03 -7.693011542846088560e+02 4.485271225187944424e+02 6.362263446165662572e+03 -2.599971055093523319e+03 -2.110720040371107231e+01 7.062510435797909849e+03 6.454274637154134325e+03 1.390941757045384293e+03 1.220713364060407912e+03 2.432651166090746301e+03 5.907631009261945110e+03 3.344327328792508342e+04 5.710527281517947813e+03 1.604365834573906795e+03 4.965530838773340292e+03 2.462886634682225576e+03 -6.606318679425003211e+02 6.092952532885651635e+02 3.593341688244934176e+02 -2.275320822703678914e+03
1.834057061722840299e+05 5.107966125670048496e+04 6.237416689702804433e+04 -1.589982221971844774e+04 2.801930860126027983e+04 -2.348157378343475443e+02 5.642579658588603706e+03 6.731140134513992052e+03 3.613596805048960050e+03 2.774280870558499828e+03 7.107524099714308250e+03 5.843537978080316861e+03 2.054415995534327521e+03 -8.847724557808720647e+02 4.125698749549042077e+03 4.790462954770856413e+03 3.147086237530661947e+03 1.809828537812884406e+03 1.666431102358671751e+03 3.193596792866462238e+03 2.354446309749112515e+03 4.391658606393832997e+03 2.672368705066560142e+04 6.780931964557506944e+03 2.364430760480724530e+03 1.189310829260866456e+02 5.094326980685827948e+02 1.561215001170992764e+03 3.871925820601564396e+02 1.977373345097184654e+02 3.896228715222167084e+05 -1.972598901162177208e+04 7.085703320307217655e+04 -5.248764316352366586e+04 4.871598460932340095e+04 4.037944698030310246e+04 2.212878860853363949e+04 1.044815004273228988e+04 -1.350416114686105402e+03 3.453346403861460658e+03 1.762102889914355183e+04 8.328625381879097404e+03 -4.741440678314032084e+03 -4.269998225314849151e+03 9.588788837473190142e+03 5.179738659642353014e+03 3.981425960956020845e+03 -9.598197673357094573e+02 3.919213290128046538e+03 3.437469538351208030e+03 4.400843586929718185e+03 3.048297377323553519e+03 3.281315675030437706e+04 7.172919698905371661e+03 9.635543959387047153e+02 1.055462196630798871e+03 1.213832731510762869e+03 2.554978353865208192e+03 1.520469497031247784e+03 -1.684567851874464395e+03
9.437956739664801717e+03 5.342706267755525005e+03 4.377053238959830924e+04 -3.832672484430768691e+03 1.777640261100436328e+04 2.686903924649677356e+04 1.215712856786491830e+04 7.874996129707671571e+03 -1.012330901255128168e+02 6.047019717523636245e+03 2.737462378662837182e+03 4.802597429673133774e+03 5.883288747366776988e+03 3.158623111423339196e+03 4.223092997967998599e+03 2.516006660743937118e+03 3.768888132953650711e+03 2.669824767182976302e+03 1.757347320949289156e+02 2.426503889975284892e+03 2.013785860433403059e+03 2.242106610356450346e+03 6.780931964557506944e+03 2.231408963792718350e+04 4.658577239422500497e+03 8.267141675113327892e+02 1.593487340109934166e+03 -3.370462743403932677e+02 6.821433704207146320e+02 3.422476430466788315e+02 1.447507148248086651e+03 -2.112018106260501954e+05 4.457479213924091891e+04 9.936142967633903027e+03 5.926909318292159151e+04 5.089310345622085879e+04 3.301232730426421040e+04 1.209048073771333111e+04 9.136602578623847876e+03 3.669005952124155556e+03 -4.765001382056108014e+03 7.462384178047591377e+03 6.004019961292686276e+03 3.489903404255693658e+03 1.076383598825996523e+04 1.617460752474661376e+02 7.522750156583055059e+02 4.524410299875911733e+03 -1.661764814932369745e+03 4.643379856792936152e+03 5.197219678025905523e+03 2.478583996665228824e+03 6.900245802929003730e+03 2.849660353410563766e+04 6.042247441511360194e+03 1.676746153591316784e+02 1.584443155542717022e+03 -5.553308499347571114e+02 1.179970170822730779e+03 6.031980164870459475e+02
5.482819244330811489e+04 6.944423378744062211e+04 4.846636835868022899e+04 -9.102654745696292593e+03 1.440536330523378092e+04 1.456236525161455029e+04 9.786571138438841444e+03 1.151531887009767524e+04 9.341321400642644221e+03 1.396601802689357828e+04 7.483272883662680215e+02 4.275843007450052937e+03 2.488293502652926691e+03 4.380017422246626666e+03 8.913216135192611773e+02 1.213768820462379608e+03 3.117975059069933650e+03 1.885226266427101109e+03 -1.557940077267198546e+02 2.278641407784582498e+03 2.511991478683205969e+03 2.198354045826401943e+03 2.364430760480724530e+03 4.658577239422500497e+03 1.876479664989243247e+04 2.519897491955215173e+03 5.669617616293195397e+02 1.014341896051027675e+03 9.355947829911034432e+02 2.633178481812043970e+02 2.587792487559811852e+05 -9.478173792858005618e+04 4.076985386884143372e+04 -3.983435275897765678e+04 2.728337742623216764e+04 4.894377978868612990e+04 1.115697940049977478e+04 2.731100373511462385e+04 5.863123922489640790e+03 1.717212263099863412e+04 6.815096013930910885e+03 6.117469620042781571e+03 1.693498650197946745e+03 4.700717747518409851e+03 6.935690872548221705e+03 -2.378843441457348717e+02 4.140461333134300730e+03 4.297802466821916823e+03 1.654005708654341561e+03 7.280670851698122533e+03 6.349775139431068965e+03 2.755988961654627019e+03 6.507686473361153503e+02 5.960438051520536646e+03 2.227514930959500634e+04 2.982542379952993997e+03 1.672413342456597434e+02 1.158645646815047940e+03 1.737486715576999643e+02 2.617702135867433526e+02
2.849869156462660976e+04 9.286463669378728082e+04 1.066788604253053199e+04 2.593884042172691989e+04 -3.341090590128927488e+03 1.550183620752412207e+04 5.475229947892523342e+03 7.044865473351967921e+03 4.521305137648512755e+03 -2.915788478751788375e+02 -1.042161966623110402e+03 -1.324102596703789004e+03 1.673164231150180740e+03 2.219371073883607551e+03 2.568597675539807824e+03 3.159514006485123900e+03 3.385005903878038225e+03 1.969901988487709787e+03 8.274422490042012441e+02 1.740196797712899524e+03 -2.748034881972600729e+01 7.674890899382396583e+02 1.189310829260866456e+02 8.267141675113327892e+02 2.519897491955215173e+03 1.557302101887158278e+04 2.558294805813656694e+03 4.660267896904189797e+02 7.747591266152378466e+02 3.332870030477848218e+02 3.645166144068792346e+05 1.868236434901328175e+05 3.852303216705545492e+04 1.719620930659832447e+04 -1.855377083935340852e+04 2.333909779726993656e+04 1.161985536719898482e+04 1.726863930667507157e+04 -3.271520778644975280e+02 -1.153896311855002295e+03 2.902389316646453153e+03 -6.626322552481593448e+03 -7.472068057003822105e+03 -1.948467329979651367e+03 3.595456941311570063e+03 8.922250656021646137e+03 5.180380228681935478e+03 9.876353539630708838e+02 -7.866792834017845735e+02 3.873099530358098946e+03 -3.126825094089842878e+02 5.962440831402830099e+02 -2.332834247354539002e+03 -1.962988289494993523e+03 4.156098453818760845e+02 2.037235272591889589e+04 5.007587439925477156e+03 1.315425500703932812e+03 -9.361612800471363016e+01 -1.892344867375733486e+01
