1.276680000000000000e+07 3.377550000000000000e+06 8.507769999999999709e+04 -3.637150000000000000e+04 -2.408979999999999927e+04 -7.304229999999999563e+03 -9.002059999999999491e+03 -3.470820000000000164e+03 2.263340000000000146e+04 -1.552220000000000073e+04 -6.361609999999999673e+03 -3.677530000000000291e+04 1.323229999999999927e+04 1.628079999999999927e+04 -2.053100000000000000e+04 2.511359999999999854e+04 -3.919559999999999945e+03 6.261609999999999673e+03 -5.268319999999999709e+03 3.141159999999999854e+03 1.595660000000000036e+04 4.553420000000000073e+03 -1.021479999999999927e+04 6.324679999999999609e+02 -4.102510000000000218e+03 2.681960000000000264e+02 -7.304899999999999636e+03 -9.670080000000000382e+02 1.779309999999999945e+03 4.100859999999999673e+03 -8.128810000000000000e+05 -1.529150000000000000e+05 -6.678240000000000000e+05 -7.070939999999999418e+04 1.671770000000000000e+05 1.383570000000000000e+05 -1.745540000000000146e+04 -8.237250000000000000e+04 -3.035959999999999854e+04 -4.031480000000000291e+04 -1.907459999999999854e+04 -3.997590000000000146e+04 -2.109440000000000146e+04 -1.801790000000000146e+04 -4.818430000000000177e+02 4.169369999999999709e+04 3.250950000000000000e+04 -1.456520000000000073e+04 1.230430000000000064e+02 -3.739859999999999854e+04 8.357549999999999272e+03 5.716930000000000291e+03 -1.909800000000000000e+04 -1.977930000000000064e+03 -1.582729999999999927e+04 -1.077539999999999964e+04 -9.022709999999999127e+03 -2.174670000000000073e+04 4.164649999999999636e+03 -2.926440000000000146e+04 -6.687790000000000000e+06 -1.380760000000000000e+05 7.246380000000000000e+05 2.414740000000000146e+04 -5.833560000000000400e+03 1.955370000000000000e+05 -8.422819999999999709e+04 9.136530000000000291e+04 3.169070000000000073e+04 -3.934640000000000146e+04 -7.026610000000000582e+04 -3.349290000000000146e+04 -1.823390000000000100e+03 -6.808580000000000291e+04 1.035210000000000036e+04 8.461610000000000582e+04 9.314539999999999418e+04 1.223610000000000036e+04 1.097270000000000073e+04 -1.044700000000000000e+04 2.627079999999999927e+04 -1.458139999999999964e+04 4.213369999999999709e+04 5.201039999999999964e+03 -4.257430000000000291e+04 -1.460020000000000073e+04 -1.524770000000000073e+04 2.655840000000000146e+04 3.489469999999999709e+04 -2.806890000000000214e+02
3.377550000000000000e+06 1.081550000000000000e+07 1.450350000000000000e+06 -5.070259999999999854e+04 3.479469999999999709e+04 1.882470000000000073e+04 -1.101309999999999945e+03 6.497330000000000291e+04 2.688670000000000073e+04 -1.612629999999999927e+04 5.246010000000000218e+03 -1.938650000000000000e+04 2.681809999999999945e+03 1.559190000000000055e+03 -1.007960000000000036e+04 2.915400000000000000e+04 1.029700000000000000e+04 1.570550000000000000e+04 1.689609999999999854e+04 -3.786400000000000091e+03 -3.295500000000000114e+02 3.116130000000000109e+03 5.666920000000000073e+03 5.792699999999999818e+03 6.287130000000000109e+03 8.999350000000000364e+03 -3.886039999999999964e+03 3.094980000000000018e+03 9.179309999999999491e+03 -4.665069999999999709e+03 2.317070000000000000e+05 5.905960000000000000e+05 1.792390000000000000e+05 1.278630000000000000e+05 9.682710000000000582e+04 4.948309999999999854e+04 1.671080000000000000e+05 1.697830000000000000e+05 7.461139999999999418e+04 -1.957500000000000000e+04 -2.985900000000000000e+04 -3.092360000000000127e+03 -2.740550000000000000e+04 4.641050000000000000e+04 1.501289999999999964e+04 -1.139320000000000073e+04 3.499480000000000291e+04 -1.152389999999999964e+04 -1.705429999999999927e+04 5.612949999999999591e+02 4.890970000000000255e+03 1.490929999999999927e+04 -1.457050000000000000e+04 -6.064069999999999709e+03 -2.217780000000000200e+03 -2.075260000000000105e+02 -1.161620000000000073e+04 -8.407599999999999909e+02 1.275110000000000036e+04 -7.865149999999999636e+03 -8.774150000000000000e+05 3.388240000000000000e+05 -6.765910000000000582e+04 1.255030000000000000e+05 1.364370000000000000e+05 1.324350000000000000e+05 1.481589999999999964e+04 5.748729999999999563e+03 6.193600000000000000e+04 7.692660000000000582e+04 1.060270000000000000e+05 2.688059999999999854e+04 2.858900000000000000e+04 -7.255960000000000582e+04 -5.727829999999999927e+03 -7.486850000000000364e+03 2.421450000000000000e+04 1.272759999999999962e+02 -6.066319999999999709e+03 2.713789999999999964e+03 3.617440000000000055e+03 -2.749540000000000077e+02 3.092409999999999854e+04 -2.312159999999999854e+04 -1.610410000000000036e+04 -2.804280000000000200e+03 -1.498720000000000073e+04 -6.903630000000000564e+02 -7.209500000000000000e+03 2.648500000000000000e+03
8.507769999999999709e+04 1.450350000000000000e+06 3.556890000000000000e+06 4.986950000000000000e+05 9.901919999999999709e+04 8.247769999999999709e+04 4.329899999999999949e+01 9.717780000000000655e+03 1.808770000000000073e+04 9.951180000000000518e+02 -4.168690000000000140e+01 1.817929999999999927e+04 9.050450000000000728e+03 -3.170480000000000018e+03 -1.662400000000000091e+03 3.749489999999999782e+03 1.569100000000000000e+04 1.665309999999999854e+04 4.960689999999999600e+03 5.343329999999999927e+03 3.315650000000000091e+03 -1.381559999999999945e+03 2.973280000000000200e+03 1.337970000000000027e+03 7.109279999999999745e+03 6.211859999999999673e+03 2.018769999999999982e+03 -1.517779999999999973e+03 2.795400000000000091e+03 2.233219999999999800e+03 1.790450000000000000e+05 1.318760000000000000e+06 1.751930000000000000e+06 2.934000000000000000e+05 -1.370390000000000000e+05 1.131640000000000000e+05 3.321539999999999964e+03 7.092010000000000582e+04 7.546210000000000036e+03 4.198640000000000146e+04 -1.806070000000000073e+04 7.279390000000000327e+03 1.605229999999999927e+04 -1.568470000000000073e+04 -7.760079999999999927e+03 3.674980000000000018e+03 2.078950000000000000e+04 1.636309999999999945e+03 6.079890000000000327e+03 9.443909999999999627e+02 -3.430939999999999941e+02 4.817819999999999709e+03 6.737459999999999809e+02 4.209769999999999754e+02 -4.589329999999999927e+03 9.006870000000000800e+03 5.704789999999999964e+03 1.173689999999999964e+04 8.724329999999999927e+03 5.593520000000000437e+03 2.241300000000000000e+05 1.143550000000000000e+06 -1.294329999999999927e+04 -4.435340000000000000e+05 1.758260000000000000e+05 5.235970000000000255e+03 -2.050850000000000000e+04 -3.640969999999999709e+04 -1.533800000000000000e+04 -2.485020000000000073e+04 6.416890000000000146e+04 2.186529999999999927e+04 6.020509999999999854e+04 1.850359999999999854e+04 2.394579999999999927e+04 -1.186150000000000000e+04 -2.839290000000000146e+04 3.411360000000000127e+03 -1.720950000000000000e+04 -1.722150000000000000e+04 -1.141329999999999927e+04 -3.513159999999999854e+03 3.740539999999999964e+03 -1.639470000000000073e+04 2.354610000000000127e+03 -4.881000000000000000e+03 -8.690299999999999272e+03 1.433920000000000073e+03 7.812560000000000400e+03 6.307100000000000364e+03
-3.637150000000000000e+04 -5.070259999999999854e+04 4.986950000000000000e+05 1.520710000000000000e+06 3.058520000000000000e+05 6.614640000000000327e+03 3.026179999999999836e+03 1.597420000000000073e+04 2.769809999999999854e+04 1.396260000000000036e+04 -6.971810000000000400e+03 1.552929999999999927e+04 1.863840000000000146e+04 -4.264100000000000250e+02 -1.395310000000000059e+02 2.697570000000000164e+03 1.112860000000000036e+04 5.819720000000000255e+03 -1.268790000000000049e+02 -1.418630000000000109e+03 4.155260000000000218e+03 2.154719999999999800e+03 -4.902490000000000236e+02 -2.243540000000000134e+02 3.181599999999999909e+03 4.555069999999999709e+03 1.592460000000000036e+03 -1.491080000000000041e+02 1.493109999999999900e+03 4.105369999999999891e+03 -3.425940000000000000e+05 -6.369350000000000000e+04 1.254970000000000000e+05 9.367840000000000000e+05 1.524100000000000000e+05 -2.065590000000000146e+04 -8.852069999999999709e+04 -1.366570000000000073e+04 2.749800000000000000e+04 2.188840000000000146e+04 3.078970000000000073e+04 1.648729999999999927e+04 -1.841900000000000091e+03 -2.697229999999999927e+04 7.580689999999999600e+03 -2.758010000000000218e+03 9.050459999999999127e+03 3.512389999999999873e+03 -2.776170000000000073e+03 -4.781770000000000437e+03 1.281820000000000073e+04 2.878969999999999800e+03 1.015970000000000027e+03 4.855500000000000000e+03 2.628269999999999982e+03 -1.193849999999999909e+03 -4.953140000000000327e+03 -1.523979999999999961e+02 -4.747090000000000146e+03 -2.989460000000000036e+03 4.090260000000000000e+05 3.398650000000000000e+05 6.474030000000000291e+04 -1.590350000000000000e+05 -8.750569999999999709e+04 -1.754920000000000073e+04 -1.038740000000000000e+05 -1.091720000000000000e+05 -9.695139999999999418e+03 -1.064760000000000036e+04 -1.436160000000000036e+04 -1.392189999999999964e+04 -8.608209999999999127e+03 2.830710000000000036e+03 3.130050000000000182e+03 -2.952020000000000073e+04 -1.052789999999999964e+04 8.599010000000000218e+03 -8.395100000000000364e+03 -5.463289999999999964e+03 7.511499999999999773e+02 7.422859999999999445e+02 -1.176670000000000073e+04 -3.048250000000000000e+03 3.459599999999999909e+03 -1.412269999999999982e+03 1.425339999999999918e+03 8.952319999999999709e+03 5.598260000000000218e+03 7.769989999999999782e+03
-2.408979999999999927e+04 3.479469999999999709e+04 9.901919999999999709e+04 3.058520000000000000e+05 6.383760000000000000e+05 9.130839999999999418e+04 5.826279999999999745e+03 1.032179999999999927e+04 1.881929999999999927e+04 4.321909999999999854e+03 3.867730000000000018e+03 7.188579999999999927e+03 9.078250000000000000e+03 2.996360000000000127e+03 1.219519999999999982e+03 1.381750000000000000e+03 5.461939999999999600e+03 2.358949999999999818e+03 1.972339999999999918e+03 3.145190000000000055e+03 1.166180000000000064e+03 1.292900000000000091e+03 6.249729999999999563e+02 -2.053639999999999873e+03 8.279619999999999891e+02 2.711639999999999873e+03 2.533739999999999782e+03 -1.246209999999999951e+02 6.761079999999999472e+02 1.715109999999999900e+03 -2.274660000000000000e+05 -7.070760000000000582e+04 -3.467980000000000291e+04 3.298710000000000000e+05 4.954730000000000000e+05 6.248430000000000291e+04 -3.915690000000000146e+04 4.627789999999999964e+03 5.697880000000000109e+03 6.568880000000000109e+03 2.262120000000000073e+04 1.661670000000000073e+04 5.479270000000000437e+03 -1.893190000000000146e+04 -5.605260000000000218e+03 -1.194370000000000073e+04 2.005740000000000009e+03 -3.170280000000000200e+02 1.048210000000000036e+03 -6.704869999999999663e+02 2.199050000000000182e+03 -1.581309999999999945e+03 6.569460000000000036e+03 -2.280389999999999873e+02 -4.553460000000000036e+03 -4.506989999999999782e+03 6.470349999999999682e+02 5.372859999999999445e+02 3.792060000000000173e+02 2.140749999999999886e+02 2.355060000000000000e+05 8.862339999999999418e+04 -1.039200000000000000e+05 -4.886769999999999709e+04 9.135419999999999709e+04 1.379470000000000073e+04 1.042910000000000036e+04 -5.737200000000000000e+04 -2.477009999999999854e+04 6.188649999999999636e+03 2.224720000000000073e+04 -8.526379999999999200e+03 5.980810000000000400e+03 2.204859999999999854e+04 1.823500000000000000e+04 -8.554790000000000873e+03 -2.163349999999999909e+03 9.677180000000000291e+03 -3.643260000000000218e+03 -1.301500000000000000e+04 -7.250909999999999854e+03 -1.061279999999999973e+03 7.476449999999999818e+03 -5.102199999999999818e+03 2.817869999999999891e+03 -4.695199999999999818e+03 9.090109999999999673e+02 8.990969999999999800e+02 -7.160439999999999600e+03 1.013529999999999973e+03
-7.304229999999999563e+03 1.882470000000000073e+04 8.247769999999999709e+04 6.614640000000000327e+03 9.130839999999999418e+04 3.348190000000000000e+05 3.858400000000000000e+04 2.643920000000000073e+04 5.030000000000000000e+03 -3.749829999999999927e+03 1.934950000000000045e+03 1.587710000000000036e+03 2.486550000000000011e+02 1.228690000000000055e+03 1.912559999999999945e+03 -4.424399999999999977e+02 1.466920000000000073e+03 3.421880000000000109e+03 6.148619999999999663e+02 -1.097289999999999964e+03 1.886940000000000055e+03 -2.821109999999999900e+02 5.574450000000000500e+02 2.116250000000000000e+03 1.035750000000000000e+03 1.268930000000000064e+03 9.824859999999999900e+02 9.432190000000000509e+02 2.274750000000000000e+03 -2.897869999999999777e+02 8.484580000000000291e+04 -4.607439999999999600e+03 -1.788379999999999927e+04 2.572170000000000073e+03 1.224550000000000000e+05 2.329510000000000000e+05 6.853140000000000327e+03 2.948270000000000073e+04 1.478800000000000000e+04 -5.263109999999999673e+03 -5.324930000000000291e+03 -6.220199999999999818e+03 7.901929999999999836e+02 -4.115569999999999709e+03 3.931010000000000218e+03 -5.095560000000000400e+03 -9.597619999999999436e+02 2.140050000000000182e+03 2.204019999999999982e+03 1.056839999999999918e+03 5.662750000000000000e+03 -2.294269999999999982e+03 4.014289999999999736e+02 -2.144510000000000218e+03 1.799089999999999918e+03 -8.092770000000000437e+02 3.119219999999999800e+03 -5.754180000000000064e+02 9.872699999999999818e+02 1.756750000000000000e+03 -5.774580000000000291e+04 7.034460000000000036e+03 -9.682050000000000000e+04 -8.078069999999999709e+04 5.928640000000000146e+04 2.524650000000000000e+04 -4.076659999999999854e+04 -6.606189999999999600e+03 -4.457520000000000437e+03 3.049369999999999891e+03 2.213100000000000000e+04 7.480170000000000073e+03 2.368369999999999891e+03 1.642620000000000073e+04 9.458899999999999636e+03 2.966789999999999964e+03 -4.578470000000000255e+03 -2.510820000000000164e+03 -8.143990000000000009e+02 -8.338809999999999491e+03 1.233390000000000100e+03 7.786299999999999955e+01 1.891039999999999964e+03 -1.672519999999999982e+03 -2.330750000000000000e+03 2.851119999999999891e+03 7.392849999999999966e+01 8.248590000000000373e+02 1.932400000000000091e+03 -3.569340000000000146e+03
-9.002059999999999491e+03 -1.101309999999999945e+03 4.329899999999999949e+01 3.026179999999999836e+03 5.826279999999999745e+03 3.858400000000000000e+04 1.965990000000000000e+05 3.737569999999999709e+04 7.191550000000000182e+03 4.653300000000000182e+03 3.491869999999999891e+03 1.932950000000000045e+03 3.382030000000000200e+03 4.943529999999999745e+03 1.907920000000000073e+03 1.422789999999999964e+03 2.871010000000000218e+03 2.818210000000000036e+03 2.378300000000000182e+03 5.893329999999999700e+02 3.190300000000000182e+03 4.184060000000000059e+02 1.477890000000000100e+03 1.794980000000000018e+03 2.488870000000000005e+02 7.309919999999999618e+02 3.443609999999999900e+02 1.844859999999999900e+03 1.112839999999999918e+03 1.403210000000000036e+03 -3.827440000000000146e+04 7.009319999999999709e+04 -1.016850000000000023e+03 -7.303000000000000000e+03 2.169090000000000146e+04 3.363450000000000000e+04 1.559280000000000000e+05 1.835140000000000146e+04 -8.442950000000000728e+03 -9.319569999999999709e+03 -1.733569999999999936e+03 7.787449999999999818e+03 5.860779999999999745e+03 1.086029999999999973e+03 -1.875679999999999836e+01 4.461859999999999673e+03 2.886760000000000218e+03 5.477010000000000218e+03 3.206019999999999982e+03 2.144019999999999982e+03 2.541429999999999836e+03 2.363289999999999964e+03 1.958309999999999945e+03 7.177670000000000528e+02 8.460480000000000018e+02 1.704210000000000036e+03 -1.336700000000000045e+03 -2.509240000000000066e+02 3.597060000000000173e+02 6.444130000000000109e+02 3.418069999999999709e+04 -1.746029999999999973e+03 -4.584859999999999854e+04 -7.342000000000000000e+03 1.587060000000000036e+04 6.277680000000000291e+03 1.112729999999999927e+04 -8.019479999999999563e+03 -1.566910000000000082e+03 1.471060000000000036e+04 -1.045970000000000027e+03 4.186850000000000364e+03 -4.042539999999999964e+03 -5.759149999999999636e+03 1.643559999999999945e+03 -8.106069999999999709e+02 -5.541029999999999518e+02 3.355829999999999927e+03 -6.704710000000000036e+03 -3.124630000000000109e+03 -3.390690000000000055e+03 9.933429999999999609e+02 5.308579999999999472e+02 -4.551970000000000255e+03 -2.120289999999999964e+03 3.579900000000000091e+03 -1.017690000000000055e+03 -3.360470000000000255e+02 1.266460000000000036e+03 4.757599999999999909e+02
-3.470820000000000164e+03 6.497330000000000291e+04 9.717780000000000655e+03 1.597420000000000073e+04 1.032179999999999927e+04 2.643920000000000073e+04 3.737569999999999709e+04 1.235940000000000000e+05 1.991590000000000146e+04 7.177129999999999654e+02 2.145639999999999873e+03 3.977699999999999818e+03 2.462480000000000018e+03 1.866430000000000064e+03 1.080469999999999970e+02 3.956460000000000036e+03 1.643519999999999982e+03 1.686400000000000091e+03 2.517900000000000091e+03 1.887069999999999936e+03 1.733819999999999936e+03 -9.125610000000000355e+01 8.556529999999999347e+01 5.958310000000000173e+02 8.845539999999999736e+02 1.083940000000000055e+03 5.051229999999999905e+02 3.578519999999999754e+02 2.853240000000000123e+02 7.191870000000000118e+02 1.015389999999999986e+03 -6.833919999999999709e+04 3.549619999999999709e+04 3.565940000000000146e+04 5.508279999999999745e+03 2.102779999999999927e+04 2.776690000000000146e+04 8.351419999999999709e+04 1.348279999999999927e+04 1.988079999999999927e+03 -5.462689999999999600e+03 -2.185980000000000018e+03 -1.930609999999999900e+03 9.894360000000000355e+02 -2.067960000000000036e+03 2.736150000000000091e+03 1.822440000000000055e+03 2.087050000000000182e+03 1.565599999999999909e+03 -1.677239999999999895e+02 8.674049999999999727e+02 -5.475130000000000337e+02 -2.171369999999999891e+03 -8.177880000000000109e+02 1.016799999999999955e+03 1.472640000000000100e+03 7.855170000000000528e+02 -1.250829999999999984e+02 -1.494420000000000073e+03 -1.097509999999999991e+03 -3.718659999999999854e+03 -1.511650000000000000e+05 -8.771010000000000582e+04 -1.934690000000000146e+04 6.022369999999999709e+04 5.510109999999999854e+04 -7.521680000000000291e+03 2.020950000000000045e+03 1.699659999999999854e+04 3.077360000000000127e+03 -9.052690000000000055e+02 6.316109999999999673e+03 3.296659999999999968e+01 2.560920000000000073e+03 9.057119999999999891e+02 2.765050000000000182e+03 7.566710000000000491e+02 6.319890000000000327e+03 -1.642250000000000000e+03 -1.569720000000000027e+03 5.887210000000000036e+02 3.734829999999999927e+03 3.542750000000000000e+03 -3.646889999999999873e+03 1.666359999999999900e+03 -8.187680000000000291e+02 -6.650990000000000464e+02 1.210190000000000055e+03 2.121139999999999873e+03 -5.258949999999999569e+00
2.263340000000000146e+04 2.688670000000000073e+04 1.808770000000000073e+04 2.769809999999999854e+04 1.881929999999999927e+04 5.030000000000000000e+03 7.191550000000000182e+03 1.991590000000000146e+04 7.162589999999999418e+04 1.499020000000000073e+04 3.324840000000000146e+03 1.896190000000000055e+03 1.078910000000000082e+03 1.633890000000000100e+03 9.145330000000000155e+02 2.490210000000000036e+03 9.999759999999999991e+02 5.676240000000000236e+02 1.372319999999999936e+03 1.207799999999999955e+03 1.891589999999999918e+03 5.593289999999999509e+02 -1.868739999999999952e+02 1.144099999999999909e+03 1.675369999999999891e+03 1.824099999999999909e+03 8.617530000000000427e+02 2.907040000000000077e+02 1.992659999999999911e+02 8.666079999999999472e+02 -9.311800000000000000e+04 -1.539600000000000000e+05 -1.137120000000000073e+04 6.291830000000000291e+04 -1.233320000000000073e+04 -1.062860000000000036e+04 9.064969999999999345e+03 1.684520000000000073e+04 4.809869999999999709e+04 3.419550000000000182e+03 -1.134009999999999991e+03 -3.035539999999999964e+03 -2.307460000000000036e+03 1.374299999999999955e+03 8.136490000000000009e+02 3.199039999999999964e+03 4.161850000000000364e+03 1.150180000000000064e+03 1.316789999999999964e+03 2.212500000000000000e+03 1.115170000000000073e+03 1.638669999999999902e+02 5.412870000000000346e+02 -3.416179999999999950e+02 8.703540000000000418e+02 1.123359999999999900e+03 6.218740000000000236e+02 3.759689999999999941e+02 2.888659999999999854e+02 -3.571789999999999736e+02 3.998530000000000291e+04 2.857320000000000073e+04 -4.113940000000000146e+04 -1.513029999999999927e+04 -5.430220000000000482e+02 -1.197450000000000045e+03 2.066009999999999854e+04 1.073529999999999927e+04 5.965119999999999891e+03 -3.840019999999999982e+03 -9.567399999999999636e+03 1.534689999999999941e+02 -3.230519999999999925e+01 -9.504510000000000218e+02 -2.063159999999999854e+03 -2.152210000000000036e+03 -1.217250000000000000e+03 -1.719130000000000109e+03 -1.602029999999999973e+03 8.698690000000000282e+02 3.582300000000000182e+03 2.539639999999999986e+02 1.808259999999999934e+01 9.711559999999999491e+02 1.414009999999999991e+03 -8.622789999999999964e+02 -1.685700000000000045e+03 2.431260000000000218e+03 1.173799999999999955e+03 3.531320000000000050e+02
-1.552220000000000073e+04 -1.612629999999999927e+04 9.951180000000000518e+02 1.396260000000000036e+04 4.321909999999999854e+03 -3.749829999999999927e+03 4.653300000000000182e+03 7.177129999999999654e+02 1.499020000000000073e+04 5.502209999999999854e+04 9.604559999999999491e+03 1.206670000000000073e+03 2.069219999999999800e+03 1.241599999999999909e+03 1.703690000000000055e+03 1.339069999999999936e+03 1.457710000000000036e+03 1.678240000000000009e+03 4.356240000000000236e+02 1.276289999999999964e+03 1.615720000000000027e+03 1.024349999999999909e+03 1.320849999999999909e+03 5.226340000000000146e+02 6.833759999999999764e+02 7.703659999999999854e+02 8.058279999999999745e+02 4.679309999999999832e+02 4.012149999999999750e+02 6.899310000000000400e+02 3.765709999999999854e+04 -5.573380000000000291e+04 -3.446950000000000000e+04 5.883619999999999891e+03 -6.399939999999999600e+03 -1.206600000000000000e+04 1.348460000000000036e+04 -3.060659999999999854e+03 7.973970000000000255e+03 3.025700000000000000e+04 7.289020000000000437e+03 -1.073069999999999936e+03 -2.545110000000000127e+03 -5.833640000000000327e+02 1.507309999999999945e+03 5.105880000000000109e+03 1.861630000000000109e+03 -8.056499999999999773e+02 3.511340000000000146e+02 1.597430000000000064e+03 1.019529999999999973e+03 -9.692029999999999745e+02 2.160360000000000014e+02 -7.652290000000000418e+02 4.510749999999999886e+02 1.873109999999999900e+03 5.168329999999999700e+02 8.930720000000000027e+02 -2.804789999999999850e+02 -1.656009999999999991e+02 -3.426119999999999891e+03 -1.647009999999999991e+03 -5.457680000000000291e+04 -1.603270000000000073e+04 -1.841350000000000000e+04 1.110870000000000073e+04 4.262250000000000000e+03 -1.585879999999999939e+02 -2.192940000000000055e+03 9.048559999999999491e+03 -8.345209999999999127e+03 3.298409999999999854e+03 8.115430000000000064e+02 5.035980000000000132e+02 -2.823309999999999945e+03 -1.415230000000000018e+03 5.471280000000000427e+02 1.481049999999999955e+03 4.661259999999999764e+02 1.891109999999999900e+03 2.600380000000000109e+03 -4.440299999999999727e+02 3.527629999999999768e+02 -3.286419999999999959e+02 -2.962789999999999964e+02 9.728909999999999627e+02 -8.077019999999999982e+02 -2.486930000000000121e+02 3.200280000000000200e+02 -1.312700000000000102e+02
-6.361609999999999673e+03 5.246010000000000218e+03 -4.168690000000000140e+01 -6.971810000000000400e+03 3.867730000000000018e+03 1.934950000000000045e+03 3.491869999999999891e+03 2.145639999999999873e+03 3.324840000000000146e+03 9.604559999999999491e+03 3.333609999999999854e+04 7.861189999999999600e+03 2.730369999999999891e+03 7.391810000000000400e+02 2.995030000000000200e+03 1.604339999999999918e+03 1.451359999999999900e+03 1.130990000000000009e+03 8.538339999999999463e+02 3.943589999999999804e+02 1.153910000000000082e+03 1.232490000000000009e+03 3.626070000000000277e+02 -1.287920000000000016e+02 1.362769999999999868e+02 4.915679999999999836e+02 -1.093179999999999978e+02 2.537059999999999889e+02 2.314989999999999952e+02 5.562240000000000464e+02 1.404939999999999998e+02 -2.689379999999999927e+04 -3.422719999999999709e+04 1.571849999999999909e+03 -1.810490000000000146e+04 -5.580039999999999964e+03 4.834439999999999600e+03 5.838369999999999891e+02 -2.243969999999999800e+03 1.271019999999999982e+03 1.583979999999999927e+04 4.425170000000000073e+03 4.174569999999999709e+03 2.921349999999999909e+03 -3.924329999999999927e+02 2.182750000000000057e+02 4.656050000000000182e+02 5.964320000000000022e+01 4.920389999999999873e+02 8.910410000000000537e+02 2.661399999999999864e+02 4.665899999999999750e+02 -1.153170000000000073e+03 -7.612390000000000327e+02 1.119789999999999964e+03 1.425509999999999991e+03 1.082240000000000009e+03 -4.041389999999999816e+01 -1.482579999999999927e+03 1.351990000000000123e+02 -1.431079999999999927e+04 3.938230000000000291e+04 1.057070000000000073e+04 5.630800000000000000e+04 5.266579999999999927e+03 1.365079999999999927e+04 6.594789999999999964e+03 8.356750000000000000e+03 1.413799999999999955e+03 -2.499539999999999964e+03 -1.727359999999999900e+03 -7.063159999999999854e+03 4.179680000000000177e+02 -1.646200000000000045e+03 7.421119999999999663e+02 -1.302779999999999973e+03 -1.154129999999999967e+02 2.544269999999999925e+02 -7.248659999999999854e+02 9.418509999999999991e+02 1.374190000000000055e+03 2.400869999999999891e+03 -2.660740000000000123e+02 1.940740000000000009e+03 1.971210000000000036e+03 1.094109999999999900e+03 -8.964890000000000327e+02 -7.594149999999999636e+02 -2.418730000000000047e+01 9.500190000000000055e+02
-3.677530000000000291e+04 -1.938650000000000000e+04 1.817929999999999927e+04 1.552929999999999927e+04 7.188579999999999927e+03 1.587710000000000036e+03 1.932950000000000045e+03 3.977699999999999818e+03 1.896190000000000055e+03 1.206670000000000073e+03 7.861189999999999600e+03 2.743500000000000000e+04 5.286409999999999854e+03 1.184170000000000073e+03 1.606200000000000045e+03 1.427650000000000091e+03 7.110209999999999582e+02 1.099240000000000009e+03 1.800780000000000030e+02 4.668450000000000273e+02 8.322839999999999350e+01 6.286630000000000109e+02 1.192530000000000001e+02 -1.871030000000000086e+02 2.337740000000000009e+02 2.518810000000000002e+02 4.034639999999999986e+02 -5.322319999999999851e+01 4.236840000000000259e+02 5.916720000000000255e+02 -2.313140000000000146e+04 1.308220000000000073e+04 -2.207879999999999927e+04 1.468050000000000000e+04 1.122360000000000036e+04 -5.281050000000000182e+03 1.200019999999999982e+03 -2.720409999999999854e+03 -5.083630000000000109e+03 -3.679840000000000146e+03 6.550810000000000173e+02 1.553010000000000036e+04 1.947269999999999982e+03 1.777180000000000064e+03 -1.833289999999999964e+03 -3.237869999999999891e+03 -2.106730000000000018e+03 1.845509999999999991e+03 3.678559999999999945e+02 -4.754940000000000282e+02 -3.725779999999999745e+02 1.479350000000000023e+02 -4.971589999999999918e+02 5.147019999999999982e+02 -4.101549999999999727e+02 5.790230000000000246e+02 1.168619999999999891e+03 8.270430000000000064e+02 -1.554780000000000086e+02 -3.018419999999999845e+02 4.276009999999999854e+04 5.170540000000000146e+04 6.602789999999999964e+03 2.776779999999999927e+04 1.454650000000000000e+04 7.717609999999999673e+03 4.511309999999999718e+02 6.347279999999999745e+03 -8.603930000000000291e+02 -3.377880000000000109e+02 -7.179689999999999600e+03 -1.516980000000000075e+02 -1.624509999999999991e+03 -9.079759999999999991e+02 1.240309999999999945e+03 -7.642619999999999436e+02 -1.079700000000000045e+03 -1.777969999999999970e+02 -2.063429999999999893e+02 2.025540000000000020e+02 -8.526799999999999500e+02 1.437730000000000018e+03 -9.576699999999999591e+02 1.441550000000000011e+02 9.825750000000000455e+02 7.560599999999999454e+02 -6.070470000000000255e+02 1.545579999999999927e+03 8.526559999999999491e+02 1.253970000000000027e+03
1.323229999999999927e+04 2.681809999999999945e+03 9.050450000000000728e+03 1.863840000000000146e+04 9.078250000000000000e+03 2.486550000000000011e+02 3.382030000000000200e+03 2.462480000000000018e+03 1.078910000000000082e+03 2.069219999999999800e+03 2.730369999999999891e+03 5.286409999999999854e+03 2.180259999999999854e+04 5.959890000000000327e+03 1.350490000000000009e+03 1.445660000000000082e+03 9.381829999999999927e+02 9.472580000000000382e+02 1.804559999999999889e+02 1.094339999999999975e+02 1.216069999999999936e+03 5.521399999999999864e+02 2.746870000000000118e+02 7.375570000000000164e+02 5.396269999999999527e+02 7.842350000000000136e+02 4.327520000000000095e+02 2.017659999999999911e+02 2.006260000000000048e+02 5.572720000000000482e+02 -1.093139999999999964e+04 -3.104120000000000073e+04 4.155439999999999827e+02 -3.341590000000000146e+03 -5.147289999999999964e+03 3.738070000000000164e+03 5.976930000000000291e+03 4.782439999999999600e+03 2.465879999999999939e+02 -5.494500000000000028e+01 9.501359999999999673e+02 6.994819999999999709e+02 6.680229999999999563e+03 3.430199999999999818e+02 -1.327690000000000055e+02 -2.362779999999999916e+02 -8.081269999999999527e+02 3.057389999999999759e+02 -2.502599999999999909e+02 -1.845329999999999927e+03 1.082509999999999991e+03 -2.951519999999999868e+02 3.489800000000000182e+02 7.046639999999999873e+02 7.145040000000000191e+01 4.303999999999999773e+02 5.693260000000000218e+02 3.921370000000000005e+02 2.257500000000000000e+02 1.992299999999999898e+02 -1.121150000000000000e+04 4.114069999999999709e+04 -5.163260000000000218e+03 -1.941409999999999854e+04 -1.813890000000000100e+03 8.636569999999999709e+03 9.441159999999999854e+03 2.902920000000000073e+03 2.129460000000000036e+03 -3.139840000000000146e+03 1.438690000000000055e+03 2.755600000000000023e+02 1.542619999999999891e+03 -1.347160000000000082e+03 1.121670000000000073e+03 -3.063760000000000218e+03 -5.992989999999999782e+02 1.076700000000000045e+03 -3.005640000000000214e+02 -2.556670000000000073e+03 -6.125199999999999818e+02 -4.766850000000000023e+02 7.125860000000000127e+02 -5.668079999999999927e+02 -8.396490000000000009e+02 -3.131340000000000146e+02 -5.884909999999999997e+01 -1.536769999999999925e+02 -5.210320000000000391e+02 -2.564359999999999786e+02
1.628079999999999927e+04 1.559190000000000055e+03 -3.170480000000000018e+03 -4.264100000000000250e+02 2.996360000000000127e+03 1.228690000000000055e+03 4.943529999999999745e+03 1.866430000000000064e+03 1.633890000000000100e+03 1.241599999999999909e+03 7.391810000000000400e+02 1.184170000000000073e+03 5.959890000000000327e+03 1.697709999999999854e+04 3.519949999999999818e+03 1.508990000000000009e+03 1.245450000000000045e+03 4.300360000000000014e+02 2.716920000000000073e+02 3.720899999999999750e+02 6.518160000000000309e+02 4.228809999999999718e+02 4.607830000000000155e+02 4.319359999999999786e+02 7.470320000000000391e+02 5.845589999999999691e+02 1.265669999999999931e+02 -1.108980000000000032e+01 3.143929999999999723e+02 4.457980000000000018e+02 6.909930000000000291e+03 -1.859440000000000055e+03 1.008429999999999927e+04 2.186230000000000018e+03 6.899569999999999709e+03 2.256650000000000091e+03 3.456090000000000146e+03 3.661809999999999945e+03 -8.461069999999999709e+02 -2.335469999999999800e+03 -1.754930000000000064e+03 -7.360049999999999955e+02 1.323729999999999905e+02 4.878520000000000437e+03 1.912000000000000000e+03 8.259729999999999563e+02 1.388230000000000018e+03 1.671430000000000064e+03 -1.053920000000000073e+03 -1.029000000000000000e+03 4.679990000000000236e+02 -4.878539999999999850e+02 4.243759999999999764e+02 -3.868210000000000264e+02 2.546800000000000068e+02 6.125589999999999691e+01 5.965499999999999545e+02 -2.050289999999999964e+02 -3.804370000000000118e+02 3.120319999999999823e+02 -6.470789999999999964e+03 -6.931090000000000146e+03 2.199400000000000000e+04 -1.174510000000000036e+04 7.097930000000000291e+03 6.771760000000000218e+03 4.234829999999999927e+03 -2.319869999999999891e+03 -3.013019999999999982e+03 -2.492199999999999818e+03 3.736389999999999873e+03 -3.469429999999999836e+03 -2.678159999999999854e+03 -2.313389999999999986e+02 4.040419999999999732e+02 -9.790299999999999727e+02 1.073059999999999945e+03 4.118000000000000114e+02 3.966469999999999914e+02 -1.907569999999999936e+03 -6.951269999999999527e+02 -3.396170000000000186e+02 1.639050000000000011e+02 -1.505779999999999973e+03 -7.194870000000000232e+01 -1.084589999999999918e+03 -4.942780000000000200e+02 -7.664569999999999936e+02 -7.563339999999999463e+01 -1.364930000000000064e+03
-2.053100000000000000e+04 -1.007960000000000036e+04 -1.662400000000000091e+03 -1.395310000000000059e+02 1.219519999999999982e+03 1.912559999999999945e+03 1.907920000000000073e+03 1.080469999999999970e+02 9.145330000000000155e+02 1.703690000000000055e+03 2.995030000000000200e+03 1.606200000000000045e+03 1.350490000000000009e+03 3.519949999999999818e+03 1.373389999999999964e+04 3.419519999999999982e+03 1.065809999999999945e+03 1.107240000000000009e+03 2.547980000000000018e+02 1.460600000000000023e+02 5.102620000000000005e+02 2.686510000000000105e+02 4.796480000000000246e+02 4.408840000000000146e+02 1.771440000000000055e+02 2.273919999999999959e+02 3.094060000000000059e+02 -1.567559999999999931e+01 1.478710000000000093e+02 1.206740000000000066e+02 -2.268900000000000000e+04 2.576820000000000073e+04 -6.706029999999999518e+02 9.417280000000000655e+03 -3.169460000000000036e+03 -4.510939999999999600e+03 3.370679999999999836e+03 2.900800000000000182e+03 -2.346619999999999891e+03 5.686000000000000227e+02 2.314010000000000218e+03 1.552089999999999918e+03 1.122169999999999987e+02 1.759630000000000109e+03 5.991899999999999636e+03 1.930370000000000061e+02 7.640180000000000291e+02 1.779869999999999891e+03 3.710240000000000009e+02 -1.186230000000000018e+03 2.551260000000000048e+02 5.223509999999999991e+02 -2.737799999999999727e+02 5.288920000000000243e+01 -3.907409999999999854e+02 4.053729999999999905e+02 -3.722749999999999773e+02 1.158780000000000001e+02 5.614990000000000236e+02 -1.284759999999999991e+02 2.485690000000000146e+04 -9.496440000000000509e+03 1.154100000000000000e+04 1.867770000000000073e+04 -2.010920000000000073e+03 -5.441359999999999673e+02 1.362200000000000000e+04 6.700560000000000400e+03 -5.106340000000000146e+03 4.511840000000000259e+02 -1.056579999999999927e+03 -3.572380000000000109e+03 -6.472709999999999582e+02 1.140740000000000009e+03 -9.995170000000000243e+01 -1.276400000000000091e+03 3.823810000000000286e+01 -1.365759999999999991e+03 4.976870000000000118e+02 -9.749740000000000464e+02 2.055850000000000080e+02 8.915499999999999545e+02 -8.707129999999999370e+01 -7.666000000000000227e+02 -5.864909999999999854e+02 -7.404740000000000464e+02 -2.149770000000000039e+02 -9.455989999999999895e+01 -1.776040000000000134e+02 -2.218300000000000125e+02
2.511359999999999854e+04 2.915400000000000000e+04 3.749489999999999782e+03 2.697570000000000164e+03 1.381750000000000000e+03 -4.424399999999999977e+02 1.422789999999999964e+03 3.956460000000000036e+03 2.490210000000000036e+03 1.339069999999999936e+03 1.604339999999999918e+03 1.427650000000000091e+03 1.445660000000000082e+03 1.508990000000000009e+03 3.419519999999999982e+03 1.090770000000000073e+04 2.208849999999999909e+03 9.869519999999999982e+02 3.302429999999999950e+02 4.280559999999999832e+02 6.485520000000000209e+02 2.863249999999999886e+02 1.575150000000000006e+01 5.057959999999999923e+02 3.098910000000000196e+02 5.727089999999999463e+02 3.879399999999999977e+02 1.482419999999999902e+02 -1.159560000000000031e+02 3.077330000000000041e+02 1.917270000000000073e+04 -1.876200000000000000e+04 -7.376470000000000255e+03 -3.083039999999999964e+03 -6.590910000000000082e+02 2.605820000000000164e+03 8.271259999999999764e+02 2.829440000000000055e+03 -1.964529999999999973e+03 -2.290170000000000073e+03 8.016660000000000537e+02 1.279730000000000018e+03 -8.993000000000000682e+01 3.593430000000000177e+02 5.465579999999999927e+02 4.549279999999999745e+03 3.011949999999999932e+02 -3.147340000000000160e+01 -5.429629999999999654e+02 -1.159309999999999945e+03 -1.180849999999999909e+03 -3.294920000000000186e+02 6.715200000000000102e+01 -4.580360000000000014e+02 -1.465859999999999985e+01 3.562740000000000009e+02 2.375540000000000020e+02 3.210099999999999909e+02 2.015120000000000005e+02 -6.784610000000000127e+02 -1.513489999999999964e+04 -2.701029999999999927e+04 -1.128720000000000073e+04 5.041909999999999854e+03 5.520229999999999563e+03 1.372420000000000073e+04 1.144729999999999927e+04 1.346440000000000055e+03 7.356200000000000045e+02 -3.827079999999999927e+03 -7.183769999999999811e+01 1.714170000000000016e+02 -6.317050000000000409e+02 -5.967780000000000200e+02 -1.516769999999999982e+03 -6.122989999999999782e+02 -2.555140000000000100e+01 -6.824270000000000209e+02 3.441820000000000164e+02 -3.728860000000000241e+02 -5.872409999999999854e+02 1.611269999999999982e+03 2.587950000000000159e+02 -8.684289999999999736e+02 3.740489999999999782e+02 2.985529999999999973e+02 -1.055460000000000065e+02 -3.375439999999999827e+02 -3.782480000000000331e+01 -2.831639999999999873e+02
-3.919559999999999945e+03 1.029700000000000000e+04 1.569100000000000000e+04 1.112860000000000036e+04 5.461939999999999600e+03 1.466920000000000073e+03 2.871010000000000218e+03 1.643519999999999982e+03 9.999759999999999991e+02 1.457710000000000036e+03 1.451359999999999900e+03 7.110209999999999582e+02 9.381829999999999927e+02 1.245450000000000045e+03 1.065809999999999945e+03 2.208849999999999909e+03 8.115220000000000255e+03 2.470139999999999873e+03 6.197140000000000271e+01 4.538430000000000177e+02 4.524159999999999968e+02 9.686820000000000164e+01 5.029259999999999842e+00 3.159870000000000232e+02 5.241290000000000191e+02 2.717060000000000173e+02 2.950360000000000014e+02 6.417510000000000048e+01 1.035979999999999990e+02 2.840509999999999877e+02 1.599339999999999964e+04 4.396300000000000000e+04 1.933259999999999854e+04 4.975550000000000182e+03 2.353480000000000018e+03 -1.208039999999999964e+03 9.269460000000000477e+00 5.395529999999999745e+03 1.759740000000000009e+03 2.494809999999999945e+03 1.491190000000000055e+03 1.857279999999999973e+03 -1.299070000000000107e+02 -9.450560000000000116e+01 -3.559390000000000214e+02 -9.156430000000000291e+01 2.610000000000000000e+03 1.453680000000000064e+03 -7.499410000000000309e+01 -8.390479999999999450e+01 8.389520000000000266e+01 -3.710750000000000171e+01 5.457359999999999900e+01 -2.264410000000000025e+02 1.255160000000000053e+02 5.859729999999999563e+02 2.642629999999999768e+02 4.817860000000000014e+02 2.888009999999999877e+02 1.620219999999999914e+02 3.915880000000000109e+03 -1.232500000000000000e+04 -2.481280000000000200e+03 4.427060000000000400e+03 2.715199999999999818e+03 -3.320900000000000091e+03 7.694900000000000091e+02 -2.537349999999999909e+03 -2.287929999999999836e+03 1.556920000000000073e+03 5.887279999999999518e+02 -8.617939999999999827e+02 6.527340000000000373e+02 -2.035049999999999955e+02 4.239939999999999998e+01 -1.888609999999999900e+03 -1.058610000000000042e+02 3.170790000000000077e+02 -8.279339999999999691e+02 -2.925289999999999964e+02 -4.130779999999999745e+02 7.725639999999999645e+02 -1.188289999999999964e+03 -9.446470000000000482e+02 -2.219209999999999994e+01 -7.583949999999999818e+02 -3.161650000000000205e+02 2.289799999999999898e+02 -4.954959999999999809e+01 -8.477530000000000427e+02
