4.897990000000000000e+07 6.059510000000000000e+06 3.977340000000000000e+05 2.916040000000000000e+05 2.184260000000000000e+05 1.024310000000000000e+05 -5.331030000000000291e+04 -3.308440000000000146e+04 -9.125450000000000728e+03 -1.246779999999999927e+04 2.328509999999999854e+04 -5.770149999999999636e+03 -1.134679999999999927e+04 -1.571620000000000073e+04 -2.047549999999999955e+02 -3.263250000000000000e+04 -2.636470000000000073e+04 -3.229920000000000073e+04 1.401429999999999927e+04 4.224180000000000291e+03 -2.290329999999999927e+04 -1.231710000000000036e+04 -9.452850000000000364e+03 -5.992430000000000291e+03 1.279400000000000000e+04 1.607279999999999927e+04 -1.782200000000000045e+03 -1.174779999999999927e+04 -4.239170000000000073e+03 -1.218239999999999964e+04 -3.506930000000000000e+07 -9.135000000000000000e+06 -4.475300000000000000e+05 -5.187250000000000000e+05 4.851690000000000000e+05 5.343750000000000000e+04 2.985940000000000000e+05 1.073640000000000000e+05 9.645930000000000291e+04 -2.561759999999999854e+04 -2.554759999999999854e+04 2.830509999999999854e+04 8.419800000000000000e+04 1.307089999999999964e+04 4.787659999999999854e+04 2.189079999999999927e+04 -1.103570000000000073e+04 -2.225420000000000073e+04 -1.062960000000000036e+04 -1.347979999999999927e+04 -4.008550000000000000e+04 -3.398909999999999854e+04 -1.343720000000000027e+03 2.052790000000000146e+04 4.983659999999999854e+03 4.550210000000000036e+03 -4.930669999999999709e+04 -1.993490000000000146e+04 -1.326200000000000000e+04 -3.817900000000000000e+04 7.283370000000000000e+06 5.127570000000000000e+06 1.332920000000000000e+06 2.914430000000000000e+05 3.732950000000000000e+05 3.430600000000000000e+05 2.937670000000000000e+05 -8.367010000000000582e+04 1.205050000000000000e+05 -5.014580000000000291e+04 -5.670169999999999709e+04 -3.679909999999999854e+04 1.548460000000000036e+04 -1.294410000000000000e+05 2.351059999999999854e+04 1.106189999999999964e+04 3.121459999999999854e+04 4.098950000000000000e+04 4.471880000000000109e+03 -3.489150000000000000e+04 2.527570000000000073e+04 -3.822650000000000000e+04 -3.784530000000000291e+04 -3.651019999999999709e+04 -4.972960000000000036e+03 4.289719999999999709e+04 -1.070929999999999927e+04 -1.185389999999999964e+04 3.157400000000000091e+02 2.057420000000000073e+04
6.059510000000000000e+06 7.695280000000000000e+06 1.635540000000000000e+06 3.908250000000000000e+05 1.895110000000000000e+05 8.821400000000000000e+04 9.726710000000000582e+04 7.527210000000000582e+04 4.930809999999999854e+04 2.649679999999999927e+04 2.736879999999999927e+04 1.859670000000000073e+04 1.052620000000000073e+04 1.621139999999999964e+04 2.274140000000000146e+04 -2.447300000000000182e+03 -4.768640000000000327e+03 -5.467079999999999927e+03 4.025440000000000055e+03 2.215400000000000091e+03 3.858260000000000218e+03 -1.285989999999999895e+02 -6.784800000000000182e+02 -3.059070000000000164e+03 1.186100000000000000e+04 4.016440000000000055e+03 1.608329999999999927e+03 1.354990000000000009e+03 2.908139999999999873e+03 2.552800000000000182e+03 -2.743350000000000000e+06 -9.717030000000000000e+05 -5.985550000000000000e+05 -4.284210000000000000e+05 -2.214270000000000000e+05 -1.134580000000000000e+05 1.749360000000000000e+05 1.070000000000000000e+05 -3.796609999999999854e+04 -2.170359999999999854e+04 5.807659999999999854e+03 9.474370000000000800e+03 1.148789999999999964e+04 1.187479999999999927e+04 -4.624699999999999818e+03 7.294170000000000073e+03 -1.664370000000000073e+04 -3.033809999999999854e+04 -1.682670000000000073e+04 2.129650000000000176e+01 -6.836159999999999854e+02 -7.686930000000000291e+03 -1.676990000000000009e+03 1.976740000000000146e+04 7.716229999999999563e+03 -6.657179999999999609e+01 -1.509289999999999964e+04 -7.403239999999999782e+03 5.776590000000000202e+01 -1.598119999999999891e+03 1.509810000000000000e+06 1.663310000000000000e+06 3.292620000000000000e+05 8.902539999999999418e+04 3.208110000000000000e+05 1.058790000000000000e+05 1.623790000000000000e+05 1.602440000000000000e+05 6.673769999999999709e+04 3.679290000000000146e+04 -3.346330000000000291e+04 3.128199999999999818e+03 -3.832650000000000000e+04 2.548959999999999854e+04 1.999200000000000000e+04 1.941259999999999854e+04 2.823000000000000000e+04 6.594049999999999727e+02 2.363500000000000000e+04 -6.160930000000000291e+03 -5.093770000000000437e+03 4.807630000000000109e+03 -1.108270000000000073e+04 -4.588460000000000036e+03 -1.458550000000000000e+04 6.924439999999999600e+03 8.860129999999999200e+03 -4.903750000000000000e+03 -1.629279999999999973e+03 5.917819999999999709e+03
3.977340000000000000e+05 1.635540000000000000e+06 2.594410000000000000e+06 6.867760000000000000e+05 1.295120000000000000e+05 4.939380000000000291e+04 4.149640000000000146e+04 4.253850000000000000e+04 2.898929999999999927e+04 2.829800000000000000e+04 2.488040000000000146e+04 1.052810000000000036e+04 -3.075420000000000073e+03 1.483270000000000073e+04 1.100010000000000036e+04 2.246179999999999836e+03 5.477020000000000437e+03 3.495829999999999927e+03 6.443789999999999964e+03 5.299520000000000437e+03 6.180630000000000109e+03 3.746900000000000091e+03 3.060050000000000182e+03 2.004619999999999891e+03 4.763840000000000146e+03 3.674000000000000000e+03 1.911880000000000109e+03 2.513030000000000200e+03 2.003539999999999964e+03 2.902489999999999782e+03 2.128309999999999854e+04 2.194170000000000000e+05 9.867390000000000000e+05 -4.578199999999999818e+03 -1.768640000000000000e+05 -1.102620000000000000e+05 1.500670000000000073e+04 6.614250000000000000e+04 2.150070000000000073e+04 3.716850000000000000e+04 6.591839999999999418e+04 2.976559999999999945e+03 -4.141029999999999745e+03 1.518720000000000073e+04 2.099629999999999927e+04 1.166600000000000000e+04 1.484389999999999964e+04 4.815579999999999927e+03 1.414029999999999927e+04 1.345100000000000000e+04 8.469469999999999345e+03 -8.431509999999999536e+02 5.964720000000000255e+03 7.984260000000000218e+03 2.849500000000000000e+03 -2.577030000000000200e+03 -5.127289999999999964e+03 3.299599999999999909e+03 8.074390000000000327e+03 3.085480000000000018e+03 -1.568890000000000000e+05 -2.979050000000000000e+05 -1.165150000000000000e+05 -2.320890000000000000e+05 -3.253900000000000091e+03 3.236629999999999927e+04 5.345180000000000291e+03 1.393810000000000000e+05 1.425389999999999964e+04 -1.821740000000000146e+04 -3.946240000000000146e+04 3.779789999999999964e+03 -1.702690000000000146e+04 1.497489999999999964e+04 2.033670000000000073e+04 3.482110000000000127e+03 -1.180309999999999945e+03 8.360069999999999709e+03 -6.248720000000000255e+03 -1.181670000000000073e+04 4.740239999999999782e+03 9.575680000000000291e+03 4.874000000000000000e+03 3.873570000000000277e+02 -1.224589999999999964e+04 -2.059769999999999982e+03 5.875770000000000437e+03 3.401270000000000095e+02 2.518550000000000182e+03 4.973739999999999782e+03
2.916040000000000000e+05 3.908250000000000000e+05 6.867760000000000000e+05 1.047670000000000000e+06 2.246310000000000000e+05 3.755709999999999854e+04 1.377210000000000036e+04 1.184800000000000000e+04 3.134239999999999782e+03 8.736329999999999927e+03 4.992350000000000364e+03 4.330470000000000255e+03 3.686300000000000182e+03 5.120329999999999927e+03 3.781579999999999927e+03 3.096050000000000182e+03 2.693320000000000164e+03 -1.645880000000000109e+03 2.087960000000000036e+03 3.084619999999999891e+03 3.772039999999999964e+03 3.545519999999999982e+03 2.682849999999999909e+03 1.229220000000000027e+03 2.150070000000000164e+03 1.940619999999999891e+03 3.159420000000000073e+03 3.524639999999999873e+03 2.014869999999999891e+03 1.322039999999999964e+03 1.032670000000000000e+05 -2.002170000000000000e+05 2.778150000000000000e+05 6.889490000000000000e+05 5.213369999999999891e+03 -8.019569999999999709e+04 -6.036000000000000000e+03 6.360760000000000218e+03 1.483950000000000000e+04 2.120570000000000073e+04 2.110850000000000000e+04 1.462070000000000073e+04 7.577710000000000036e+03 -2.481510000000000218e+03 1.148950000000000000e+04 9.659959999999999127e+03 8.515579999999999927e+03 1.420650000000000000e+04 7.751510000000000218e+03 5.140810000000000400e+03 2.264289999999999964e+03 8.477379999999999200e+03 8.402239999999999782e+03 -8.035359999999999445e+02 7.025960000000000036e+03 -8.957319999999999709e+02 1.059140000000000100e+03 4.907960000000000036e+03 9.050010000000000218e+03 -3.244350000000000023e+02 -1.903300000000000000e+05 4.947990000000000146e+04 1.160880000000000000e+05 9.670180000000000291e+04 -1.516830000000000000e+05 -9.389280000000000291e+04 -6.452640000000000327e+03 1.588260000000000036e+04 -1.583750000000000000e+03 -1.003860000000000036e+04 -3.737040000000000077e+02 -6.881340000000000146e+03 7.761500000000000000e+03 -6.063759999999999764e+02 1.175739999999999964e+04 1.238700000000000000e+04 7.101189999999999600e+03 2.451429999999999836e+03 3.740900000000000091e+03 3.895960000000000036e+03 3.970090000000000146e+03 1.547240000000000009e+03 -2.473519999999999982e+03 -4.519329999999999927e+03 -4.803590000000000146e+03 -4.408519999999999754e+02 4.741549999999999727e+02 -1.473829999999999927e+03 3.703019999999999982e+03 2.335869999999999891e+02
2.184260000000000000e+05 1.895110000000000000e+05 1.295120000000000000e+05 2.246310000000000000e+05 4.084480000000000000e+05 9.374669999999999709e+04 2.787450000000000000e+04 1.821600000000000000e+04 3.809889999999999873e+03 6.576390000000000327e+03 3.005659999999999854e+03 5.689310000000000400e+03 6.221569999999999709e+03 8.132039999999999964e+03 7.031199999999999818e+03 5.434250000000000000e+03 5.815039999999999964e+03 1.552420000000000073e+03 2.616199999999999818e+03 8.086539999999999964e+02 8.076250000000000000e+02 1.324849999999999909e+03 1.970279999999999973e+03 2.703489999999999782e+03 1.627380000000000109e+03 1.236869999999999891e+03 1.579160000000000082e+03 8.612799999999999727e+02 2.393189999999999884e+02 -1.265679999999999978e+02 -5.536019999999999709e+04 7.160610000000000582e+04 1.060360000000000000e+05 1.526240000000000000e+05 3.117680000000000000e+05 9.053540000000000873e+03 -2.390100000000000000e+04 -8.348989999999999782e+03 -4.878260000000000218e+03 -9.306889999999999645e+02 -7.555010000000000218e+03 4.779719999999999800e+02 -4.458149999999999636e+03 2.064860000000000127e+03 4.155539999999999964e+03 -5.805810000000000137e+00 1.699319999999999936e+03 -1.517579999999999927e+03 -1.646700000000000045e+03 1.404559999999999945e+03 -2.511070000000000164e+03 1.533089999999999918e+03 -8.440810000000000173e+02 1.075789999999999935e+01 3.808170000000000073e+02 -2.900849999999999795e+02 3.562130000000000109e+03 3.980960000000000036e+03 1.294369999999999891e+03 1.072009999999999991e+03 -4.903680000000000291e+03 3.404700000000000000e+04 4.415880000000000109e+03 9.565880000000000291e+04 7.638039999999999418e+04 -8.230580000000000291e+04 -2.241879999999999927e+04 1.123739999999999964e+04 -9.455690000000000509e+03 -3.668090000000000146e+03 -6.303670000000000073e+03 -4.101590000000000146e+03 9.249850000000000364e+03 -1.498519999999999982e+03 1.946539999999999964e+03 1.131470000000000027e+03 2.692820000000000164e+03 1.167730000000000018e+03 2.387280000000000200e+03 -3.551980000000000018e+03 -5.218760000000000218e+03 -6.127060000000000173e+02 -1.774460000000000036e+03 -3.576210000000000036e+03 -6.730880000000000109e+03 3.323279999999999745e+02 -4.041079999999999927e+03 -2.242349999999999909e+03 -6.782450000000000045e+02 2.371199999999999818e+03
1.024310000000000000e+05 8.821400000000000000e+04 4.939380000000000291e+04 3.755709999999999854e+04 9.374669999999999709e+04 2.368400000000000000e+05 5.963909999999999854e+04 2.413359999999999854e+04 1.283689999999999964e+04 1.166710000000000036e+04 4.248329999999999927e+03 1.058170000000000073e+03 1.753119999999999891e+03 7.997890000000000327e+03 5.784880000000000109e+03 5.087880000000000109e+03 3.755059999999999945e+03 3.431869999999999891e+03 3.492550000000000182e+03 1.867859999999999900e+03 1.757160000000000082e+03 1.933309999999999945e+03 5.301520000000000437e+02 3.885629999999999882e+02 1.548960000000000036e+03 8.972119999999999891e+02 1.042839999999999918e+03 9.207999999999999545e+02 7.689299999999999500e+02 7.791789999999999736e+02 8.442480000000000291e+04 6.989500000000000000e+03 -1.288740000000000009e+03 1.701409999999999854e+04 5.625509999999999854e+04 2.383780000000000000e+05 5.655990000000000146e+04 7.635619999999999891e+03 -6.484470000000000255e+03 -6.113970000000000255e+03 -5.160670000000000073e+03 6.800829999999999927e+03 5.230779999999999745e+03 2.936969999999999800e+03 4.638710000000000036e+03 1.379170000000000073e+03 -6.831330000000000382e+02 3.336710000000000036e+03 2.154059999999999945e+03 7.081989999999999782e+03 6.016799999999999500e+02 1.128460000000000036e+03 1.286450000000000045e+03 1.333650000000000091e+03 2.198389999999999986e+02 -2.357570000000000050e+02 2.420380000000000109e+03 2.019259999999999991e+03 1.655910000000000082e+03 -6.872670000000000528e+02 -4.483890000000000146e+04 -4.228750000000000000e+04 6.720380000000000291e+04 -9.204899999999999636e+03 -5.432109999999999854e+04 2.650320000000000073e+04 -2.236509999999999854e+04 3.158780000000000200e+03 2.072120000000000073e+04 3.497760000000000218e+03 7.527619999999999891e+03 7.730210000000000036e+03 1.367770000000000073e+04 1.194270000000000073e+04 1.132089999999999918e+03 6.800409999999999854e+03 1.186019999999999982e+03 1.820529999999999973e+03 -2.082610000000000127e+03 -6.935319999999999709e+03 -2.801119999999999891e+03 1.282440000000000055e+03 1.063190000000000055e+03 5.887430000000000518e+02 2.459369999999999891e+03 1.850720000000000027e+03 2.046950000000000045e+03 2.151500000000000000e+03 4.979069999999999823e+02 1.362559999999999945e+03
-5.331030000000000291e+04 9.726710000000000582e+04 4.149640000000000146e+04 1.377210000000000036e+04 2.787450000000000000e+04 5.963909999999999854e+04 1.465690000000000000e+05 4.743450000000000000e+04 1.624639999999999964e+04 7.138470000000000255e+03 3.901320000000000164e+03 3.538590000000000146e+03 3.459090000000000146e+03 3.303289999999999964e+03 4.149229999999999563e+03 3.244190000000000055e+03 2.825599999999999909e+03 1.395849999999999909e+03 1.533039999999999964e+03 1.198400000000000091e+03 1.924640000000000100e+03 9.409279999999999973e+02 9.399679999999999609e+02 1.488930000000000064e+03 1.359200000000000045e+03 1.675700000000000045e+03 4.768620000000000232e+02 1.004350000000000023e+03 5.702849999999999682e+02 9.568289999999999509e+02 1.351050000000000000e+05 1.212660000000000000e+05 -4.435159999999999854e+04 -9.085290000000000873e+03 2.111140000000000146e+04 6.610339999999999418e+04 1.233650000000000000e+05 2.793400000000000000e+04 2.174829999999999927e+03 -4.846159999999999854e+03 -1.724369999999999891e+03 5.976289999999999964e+03 -4.529220000000000255e+03 -3.358809999999999945e+03 -1.086670000000000073e+03 -2.878639999999999873e+03 1.340730000000000018e+03 3.057360000000000127e+03 2.031920000000000073e+03 5.574329999999999927e+03 1.360420000000000073e+03 -7.591739999999999782e+02 7.407089999999999463e+02 1.266720000000000027e+03 1.165640000000000100e+03 9.018089999999999691e+02 -8.626219999999999573e+02 -5.854410000000000309e+02 1.755509999999999877e+02 -1.389629999999999939e+02 3.024000000000000000e+03 -7.469250000000000000e+04 -7.026419999999999709e+04 -1.800079999999999927e+04 -4.699390000000000146e+04 1.169979999999999927e+04 1.055379999999999927e+04 5.041409999999999854e+03 -1.461679999999999927e+04 -1.671230000000000018e+03 9.782959999999999127e+03 3.063489999999999782e+03 -8.145520000000000437e+03 7.201970000000000255e+03 8.106779999999999745e+03 2.378469999999999800e+03 1.745339999999999847e+01 -1.526599999999999909e+03 5.622709999999999582e+02 4.829119999999999777e+02 -2.798650000000000091e+03 -3.013929999999999836e+03 -2.607320000000000277e+02 -5.055409999999999968e+02 -8.729869999999999663e+02 2.051409999999999854e+03 -4.879150000000000205e+02 -1.071059999999999945e+03 5.627790000000000248e+01 7.494260000000000446e+02
-3.308440000000000146e+04 7.527210000000000582e+04 4.253850000000000000e+04 1.184800000000000000e+04 1.821600000000000000e+04 2.413359999999999854e+04 4.743450000000000000e+04 8.674289999999999418e+04 2.603700000000000000e+04 9.755280000000000655e+03 2.268349999999999909e+03 2.598250000000000000e+03 1.064829999999999927e+03 3.028780000000000200e+03 3.024289999999999964e+03 2.043220000000000027e+03 1.132829999999999927e+03 1.403599999999999909e+03 1.430450000000000045e+03 1.808700000000000045e+03 1.780259999999999991e+03 9.686059999999999945e+02 1.038099999999999909e+03 1.904259999999999991e+03 1.559720000000000027e+03 1.114880000000000109e+03 6.250579999999999927e+02 5.666920000000000073e+02 4.482620000000000005e+02 9.517450000000000045e+02 -3.908950000000000000e+04 -1.260750000000000000e+04 -3.325650000000000091e+03 -2.947079999999999927e+04 8.252059999999999491e+03 3.769459999999999854e+04 4.790909999999999854e+04 7.508719999999999709e+04 1.664240000000000146e+04 6.539100000000000364e+03 -2.176610000000000127e+03 3.843389999999999873e+03 1.051539999999999964e+03 1.856710000000000036e+03 -5.778260000000000218e+02 -7.760460000000000491e+02 2.211480000000000018e+03 1.486200000000000045e+03 1.548430000000000064e+03 1.900890000000000100e+03 -4.634759999999999991e+02 6.819310000000000400e+02 -2.341579999999999870e+02 -1.315120000000000005e+02 1.311460000000000036e+03 6.129020000000000437e+02 3.314460000000000264e+02 3.338960000000000150e+02 -2.536299999999999955e+02 3.326250000000000000e+02 -9.156750000000000000e+03 4.769309999999999854e+04 2.295239999999999782e+03 -1.024020000000000073e+04 -1.831370000000000073e+04 1.582879999999999927e+04 1.251070000000000073e+04 2.690340000000000146e+04 7.996109999999999673e+03 6.677300000000000182e+03 3.697250000000000000e+03 2.163250000000000000e+03 -7.371979999999999791e+02 3.744619999999999891e+03 3.260840000000000146e+03 2.911349999999999909e+03 7.820929999999999609e+02 -1.164339999999999918e+03 1.361940000000000055e+03 -1.394730000000000018e+03 -8.064779999999999518e+02 -8.414969999999999573e+02 9.230299999999999727e+02 8.091470000000000482e+02 1.129349999999999909e+03 5.397989999999999782e+02 -1.916179999999999950e+02 -1.588309999999999945e+03 -5.373579999999999472e+02 -4.615819999999999936e+02
-9.125450000000000728e+03 4.930809999999999854e+04 2.898929999999999927e+04 3.134239999999999782e+03 3.809889999999999873e+03 1.283689999999999964e+04 1.624639999999999964e+04 2.603700000000000000e+04 5.897119999999999709e+04 1.771259999999999854e+04 3.430170000000000073e+03 1.677910000000000082e+03 8.672830000000000155e+02 2.156360000000000127e+03 1.963500000000000000e+03 1.572950000000000045e+03 1.756289999999999964e+03 6.321130000000000564e+02 4.272749999999999773e+02 1.360599999999999909e+03 1.699390000000000100e+03 1.556609999999999900e+03 9.331720000000000255e+02 1.683039999999999964e+03 7.132119999999999891e+02 7.775810000000000173e+02 6.826789999999999736e+02 1.232360000000000042e+02 4.928120000000000118e+02 1.187289999999999964e+03 -3.039659999999999854e+04 4.769719999999999709e+04 1.640040000000000146e+04 -9.147010000000000218e+03 -1.441560000000000036e+04 1.990720000000000073e+04 1.072239999999999964e+04 2.029309999999999854e+04 4.921609999999999854e+04 8.658010000000000218e+03 -1.502189999999999941e+02 -1.334460000000000036e+03 1.348379999999999939e+02 2.637559999999999945e+03 3.183350000000000080e+01 -6.209769999999999754e+02 1.009960000000000036e+03 -1.208319999999999936e+03 7.864310000000000400e+02 6.934640000000000555e+02 -4.688229999999999791e+02 8.019470000000000027e+02 1.042089999999999918e+03 4.009460000000000264e+02 -1.203329999999999984e+02 -1.383580000000000041e+02 -6.551359999999999673e+02 -7.971250000000000000e+02 3.410480000000000018e+02 1.102910000000000082e+03 7.652689999999999418e+04 5.963990000000000146e+04 2.768329999999999927e+04 -1.423920000000000073e+03 -6.398939999999999600e+03 3.807319999999999993e+01 2.595599999999999909e+03 1.017179999999999927e+04 1.460839999999999964e+04 -4.210029999999999745e+03 6.853740000000000236e+02 2.077139999999999873e+03 -6.326349999999999909e+02 8.198579999999999472e+02 3.090030000000000200e+03 1.308450000000000045e+03 3.245469999999999800e+03 7.848170000000000073e+02 2.032440000000000055e+03 1.194410000000000082e+03 -3.521240000000000236e+02 -5.002490000000000236e+02 8.514780000000000371e+01 -1.195130000000000109e+03 -8.728089999999999691e+02 5.833010000000000446e+02 7.432410000000000405e-03 8.007699999999999818e+01 -1.369470000000000027e+02 -5.430109999999999815e+01
-1.246779999999999927e+04 2.649679999999999927e+04 2.829800000000000000e+04 8.736329999999999927e+03 6.576390000000000327e+03 1.166710000000000036e+04 7.138470000000000255e+03 9.755280000000000655e+03 1.771259999999999854e+04 3.828459999999999854e+04 1.101989999999999964e+04 3.776349999999999909e+03 2.653329999999999927e+03 2.925150000000000091e+03 2.291900000000000091e+03 1.853950000000000045e+03 1.273519999999999982e+03 3.512339999999999804e+02 7.691689999999999827e+02 1.217170000000000073e+03 1.183880000000000109e+03 1.056720000000000027e+03 1.169450000000000045e+03 7.968519999999999754e+02 6.319080000000000155e+02 4.290620000000000118e+02 1.959310000000000116e+02 1.680829999999999984e+02 4.750640000000000214e+02 6.237899999999999636e+02 7.219859999999999673e+03 1.057190000000000000e+05 3.770909999999999854e+04 3.906279999999999859e+02 1.463260000000000036e+04 9.376790000000000873e+03 1.067489999999999964e+04 5.370760000000000218e+03 1.343579999999999927e+04 2.801470000000000073e+04 -4.872400000000000091e+02 -7.136760000000000446e+02 3.476080000000000041e+02 1.839869999999999891e+03 1.494140000000000100e+03 9.531330000000000382e+02 5.005889999999999986e+02 -2.294869999999999891e+03 7.843129999999999882e+02 2.068000000000000000e+03 9.185890000000000555e+02 1.361990000000000009e+03 1.892680000000000064e+03 6.131440000000000055e+02 1.172369999999999891e+03 6.677930000000000064e+02 5.247469999999999573e+02 -3.143949999999999818e+02 9.941930000000000689e+01 5.468160000000000309e+02 3.167429999999999927e+04 1.424660000000000082e+03 -2.482950000000000000e+04 -6.177899999999999636e+03 -1.639259999999999854e+04 -7.035699999999999818e+03 -2.252230000000000018e+03 -2.639289999999999964e+03 3.583279999999999745e+02 6.394779999999999518e+02 -3.240139999999999873e+03 -2.027529999999999973e+03 1.325140000000000100e+02 -1.764540000000000077e+02 2.185079999999999927e+03 2.426150000000000091e+03 2.471709999999999923e+02 -1.495049999999999955e+03 5.744539999999999509e+02 1.496420000000000073e+03 7.319759999999999991e+02 1.561250000000000000e+03 9.396509999999999536e+02 -2.814189999999999827e+02 -1.413919999999999959e+02 1.064829999999999927e+03 2.895919999999999845e+02 4.972500000000000000e+02 1.100409999999999968e+02 5.041200000000000045e+02
2.328509999999999854e+04 2.736879999999999927e+04 2.488040000000000146e+04 4.992350000000000364e+03 3.005659999999999854e+03 4.248329999999999927e+03 3.901320000000000164e+03 2.268349999999999909e+03 3.430170000000000073e+03 1.101989999999999964e+04 2.546900000000000000e+04 8.099199999999999818e+03 2.710389999999999873e+03 2.517250000000000000e+03 1.148380000000000109e+03 1.442420000000000073e+03 8.687889999999999873e+02 9.562959999999999638e+01 4.928260000000000218e+02 1.060430000000000064e+03 1.094930000000000064e+03 1.227019999999999982e+03 6.260679999999999836e+02 3.460099999999999909e+02 4.826949999999999932e+02 3.420679999999999836e+02 3.005790000000000077e+02 2.401759999999999877e+02 2.793399999999999750e+02 1.891179999999999950e+02 -3.916240000000000146e+04 2.963179999999999927e+04 2.657850000000000000e+04 1.750850000000000000e+04 1.277350000000000000e+04 2.064809999999999945e+03 6.383050000000000182e+03 3.268070000000000164e+03 4.137439999999999600e+03 7.710119999999999891e+03 1.545989999999999964e+04 5.540520000000000437e+03 9.075019999999999527e+02 6.599919999999999618e+02 1.145860000000000056e+01 2.447559999999999945e+03 1.512720000000000027e+03 3.565489999999999782e+01 8.393680000000000518e+02 4.092900000000000205e+02 -8.435139999999999816e+01 -8.647610000000000241e+01 1.412250000000000000e+03 -1.043900000000000006e+02 5.245470000000000255e+02 -1.433340000000000032e+02 3.717649999999999864e+02 9.121999999999999886e+01 -4.271680000000000064e+02 2.073249999999999886e+02 2.954520000000000073e+04 2.326740000000000146e+04 3.334930000000000291e+04 7.809619999999999891e+03 -1.785180000000000064e+03 -4.529350000000000364e+03 -6.794930000000000518e+02 2.513610000000000127e+03 2.802699999999999818e+03 4.011780000000000200e+03 2.027319999999999936e+03 -9.555839999999999463e+02 3.136500000000000000e+03 2.122570000000000164e+03 1.030869999999999891e+03 1.743420000000000073e+03 1.338410000000000082e+03 -1.100769999999999982e+03 1.125450000000000045e+03 1.638379999999999939e+02 -1.474289999999999964e+03 6.678730000000000473e+02 1.237049999999999955e+03 -9.848229999999999791e+02 -4.248729999999999905e+02 -9.904270000000000209e+02 -2.302059999999999889e+02 -2.287150000000000034e+02 -4.658929999999999723e+02 -1.651419999999999959e+02
-5.770149999999999636e+03 1.859670000000000073e+04 1.052810000000000036e+04 4.330470000000000255e+03 5.689310000000000400e+03 1.058170000000000073e+03 3.538590000000000146e+03 2.598250000000000000e+03 1.677910000000000082e+03 3.776349999999999909e+03 8.099199999999999818e+03 1.903409999999999854e+04 5.922729999999999563e+03 2.449380000000000109e+03 7.993440000000000509e+02 1.205500000000000000e+03 1.425720000000000027e+03 5.463070000000000164e+02 7.466530000000000200e+02 2.860090000000000146e+02 5.657649999999999864e+02 4.373770000000000095e+02 5.860489999999999782e+02 8.045170000000000528e+02 7.384930000000000518e+02 6.431269999999999527e+02 4.596410000000000196e+02 5.156359999999999673e+02 3.251890000000000214e+02 2.338389999999999986e+02 6.891220000000000255e+03 1.321350000000000000e+04 6.974300000000000182e+03 1.877520000000000073e+04 6.556689999999999600e+03 -5.014090000000000146e+03 -2.873050000000000182e+03 5.845170000000000073e+03 1.873290000000000077e+02 2.933739999999999782e+03 3.046889999999999873e+03 1.401389999999999964e+04 4.156340000000000146e+02 -8.289540000000000575e+00 -8.263070000000000164e+02 1.689180000000000064e+03 2.450639999999999873e+03 1.521330000000000098e+02 1.262349999999999994e+02 2.739689999999999941e+02 9.108609999999999900e+02 -7.339629999999999654e+01 5.657880000000000109e+02 -1.419159999999999968e+02 3.260489999999999782e+02 1.010449999999999982e+01 9.847930000000000064e+02 5.788980000000000246e+02 4.644839999999999947e+01 8.333310000000000173e+02 -7.456600000000000250e+01 -2.185040000000000146e+04 3.597909999999999854e+04 1.143170000000000073e+04 -3.672150000000000091e+03 -1.547279999999999973e+03 1.813460000000000036e+03 1.098810000000000036e+04 1.674829999999999927e+03 6.840159999999999854e+03 -4.745130000000000337e+01 1.317089999999999918e+03 -2.071390000000000100e+02 9.330309999999999491e+02 1.174059999999999945e+03 1.374509999999999991e+03 2.396920000000000073e+03 6.417430000000000518e+02 -9.333380000000000010e+00 1.150759999999999991e+03 1.548040000000000020e+02 4.355729999999999791e+02 1.417500000000000000e+03 -5.768500000000000227e+02 2.583550000000000182e+02 -1.325269999999999982e+03 -2.640969999999999800e+02 7.607089999999999463e+02 -2.968890000000000100e+02 -4.569599999999999795e+02
-1.134679999999999927e+04 1.052620000000000073e+04 -3.075420000000000073e+03 3.686300000000000182e+03 6.221569999999999709e+03 1.753119999999999891e+03 3.459090000000000146e+03 1.064829999999999927e+03 8.672830000000000155e+02 2.653329999999999927e+03 2.710389999999999873e+03 5.922729999999999563e+03 1.494189999999999964e+04 4.605909999999999854e+03 1.830059999999999945e+03 1.241559999999999945e+03 1.596279999999999973e+03 9.613529999999999518e+02 9.734909999999999854e+02 7.992240000000000464e+02 7.656810000000000400e+02 7.361309999999999718e+02 6.124489999999999554e+02 5.073990000000000009e+02 6.455589999999999691e+02 6.810679999999999836e+02 2.528930000000000007e+02 2.776449999999999818e+02 2.677239999999999895e+02 2.622730000000000246e+02 3.955580000000000291e+04 1.820390000000000146e+04 -1.785079999999999927e+04 3.574639999999999873e+03 2.675969999999999800e+03 -8.133640000000000327e+03 -6.003289999999999793e+01 6.292869999999999891e+03 -9.715750000000000455e+02 1.686769999999999982e+03 -6.861639999999999873e+01 2.491070000000000164e+03 6.837159999999999854e+03 -6.441349999999999909e+02 -1.377890000000000100e+03 -1.569699999999999989e+02 6.634790000000000418e+02 -3.690190000000000055e+02 -7.054729999999999563e+02 -1.529240000000000066e+02 3.413759999999999764e+02 1.536739999999999995e+00 2.163950000000000102e+02 -1.522179999999999893e+02 8.484820000000000562e+01 -2.227700000000000102e+02 5.728710000000000235e+01 1.129579999999999984e+02 1.575360000000000014e+02 2.183329999999999984e+02 2.625130000000000109e+03 5.916489999999999782e+03 1.775890000000000100e+03 7.640930000000000291e+03 1.002220000000000073e+04 -7.133050000000000182e+03 2.814469999999999800e+03 2.640039999999999964e+03 -2.514329999999999927e+02 1.815829999999999927e+03 -1.353109999999999900e+03 6.288070000000000164e+02 1.979160000000000082e+03 -2.148179999999999836e+03 -9.873830000000000382e+02 -1.044809999999999945e+02 4.428279999999999745e+02 -4.560369999999999777e+02 -5.263150000000000546e+02 8.681910000000000309e+02 -5.072840000000000060e+01 9.499339999999999691e+02 -2.385490000000000066e+02 -3.580120000000000005e+02 -2.932950000000000159e+02 -4.546440000000000055e+02 -2.801750000000000114e+02 -1.454250000000000114e+02 -8.449120000000000346e+02 3.095459999999999923e+02
-1.571620000000000073e+04 1.621139999999999964e+04 1.483270000000000073e+04 5.120329999999999927e+03 8.132039999999999964e+03 7.997890000000000327e+03 3.303289999999999964e+03 3.028780000000000200e+03 2.156360000000000127e+03 2.925150000000000091e+03 2.517250000000000000e+03 2.449380000000000109e+03 4.605909999999999854e+03 1.174560000000000036e+04 3.278550000000000182e+03 1.272500000000000000e+03 1.287059999999999945e+03 9.979109999999999445e+02 1.030079999999999927e+03 9.274009999999999536e+02 7.028010000000000446e+02 1.058150000000000091e+03 9.069950000000000045e+02 4.815579999999999927e+02 4.597980000000000018e+02 2.892900000000000205e+02 3.281329999999999814e+02 2.468650000000000091e+02 2.223760000000000048e+02 2.164350000000000023e+02 2.067340000000000146e+04 3.098880000000000109e+03 -4.864640000000000327e+03 -1.052050000000000000e+04 -3.792869999999999891e+03 2.244880000000000109e+03 4.411159999999999854e+03 1.045490000000000066e+02 5.518490000000000464e+02 5.757079999999999700e+02 1.319029999999999916e+02 9.954829999999999472e+02 6.326409999999999627e+02 6.011500000000000000e+03 7.667430000000000518e+02 -5.052649999999999864e+02 8.196660000000000537e+02 -3.760790000000000077e+02 7.227229999999999563e+02 2.594220000000000255e+02 1.051319999999999936e+03 2.939630000000000223e+02 1.796459999999999866e+02 7.283159999999999457e+01 4.692180000000000177e+02 1.055379999999999967e+02 -1.301299999999999955e+02 -2.381670000000000016e+02 -7.655940000000000509e+02 -3.376720000000000255e+02 -1.236800000000000000e+04 -2.659450000000000000e+04 2.947290000000000146e+04 2.578570000000000164e+03 2.109300000000000182e+03 -4.896279999999999745e+03 5.861189999999999600e+03 1.440629999999999882e+02 -1.310480000000000018e+03 1.248040000000000020e+02 -7.082749999999999773e+02 -8.646040000000000418e+02 5.758429999999999893e+01 3.743969999999999914e+02 -8.259840000000000373e+02 -2.918940000000000055e+02 -6.417430000000000518e+02 6.411009999999999991e+02 4.187509999999999764e+02 -8.379660000000000082e+02 4.240820000000000078e+01 2.516959999999999980e+02 -5.512650000000000006e+01 -9.333379999999999654e+02 1.032860000000000014e+02 1.947899999999999920e+02 -3.666859999999999786e+02 -7.335899999999999466e+01 -3.712149999999999750e+02 7.119559999999999889e+01
-2.047549999999999955e+02 2.274140000000000146e+04 1.100010000000000036e+04 3.781579999999999927e+03 7.031199999999999818e+03 5.784880000000000109e+03 4.149229999999999563e+03 3.024289999999999964e+03 1.963500000000000000e+03 2.291900000000000091e+03 1.148380000000000109e+03 7.993440000000000509e+02 1.830059999999999945e+03 3.278550000000000182e+03 9.500129999999999200e+03 3.291820000000000164e+03 1.394440000000000055e+03 5.786989999999999554e+02 9.116929999999999836e+02 9.203899999999999864e+02 7.694750000000000227e+02 5.232980000000000018e+02 8.016820000000000164e+02 6.206559999999999491e+02 4.540840000000000032e+02 3.705299999999999727e+02 3.631879999999999882e+02 2.304780000000000086e+02 3.448050000000000068e+02 2.413100000000000023e+02 1.394510000000000036e+04 2.933640000000000146e+04 9.057549999999999272e+03 -1.090979999999999927e+04 6.101199999999999818e+03 4.290430000000000291e+03 1.392170000000000073e+03 -4.188729999999999905e+02 3.411500000000000000e+03 7.113200000000000500e+02 1.798720000000000141e+02 2.309450000000000003e+01 9.818740000000000236e+02 1.578289999999999964e+03 6.048220000000000255e+03 6.069220000000000255e+02 8.435299999999999727e+02 -1.007330000000000041e+02 3.968600000000000136e+02 5.683809999999999718e+02 5.541159999999999854e+02 4.568639999999999901e+01 2.320169999999999959e+02 1.089599999999999937e+02 1.818160000000000025e+02 1.021809999999999974e+02 8.679779999999999518e+01 -1.797789999999999964e+02 -8.269489999999999554e+02 -4.904479999999999791e+02 -9.543559999999999491e+03 -1.934540000000000146e+04 1.241529999999999973e+03 6.257189999999999600e+03 3.916199999999999818e+03 -3.999820000000000164e+03 -5.913180000000000291e+03 -2.094909999999999854e+03 -1.201950000000000045e+03 -3.051489999999999782e+03 -3.004449999999999932e+02 4.974189999999999827e+02 -2.170500000000000114e+02 1.327299999999999955e+03 2.353050000000000182e+03 -1.690289999999999964e+03 -7.622580000000000382e+02 1.314759999999999991e+02 9.701309999999999718e+02 -5.189690000000000509e+02 -5.535309999999999775e+01 1.539659999999999940e+01 -9.346380000000000337e+02 -3.657789999999999964e+02 3.727579999999999814e+02 3.799940000000000282e+02 -2.721829999999999927e+02 1.576990000000000123e+02 2.882470000000000141e+02 4.441120000000000232e+02
-3.263250000000000000e+04 -2.447300000000000182e+03 2.246179999999999836e+03 3.096050000000000182e+03 5.434250000000000000e+03 5.087880000000000109e+03 3.244190000000000055e+03 2.043220000000000027e+03 1.572950000000000045e+03 1.853950000000000045e+03 1.442420000000000073e+03 1.205500000000000000e+03 1.241559999999999945e+03 1.272500000000000000e+03 3.291820000000000164e+03 7.470100000000000364e+03 2.437530000000000200e+03 9.170199999999999818e+02 9.256770000000000209e+02 8.446219999999999573e+02 7.942799999999999727e+02 6.092770000000000437e+02 5.879379999999999882e+02 5.901520000000000437e+02 4.851019999999999754e+02 5.712839999999999918e+02 4.063120000000000118e+02 4.107939999999999827e+02 2.508540000000000134e+02 2.705230000000000246e+02 -5.241630000000000109e+03 1.495410000000000036e+04 1.965120000000000073e+04 1.020700000000000000e+04 9.158370000000000800e+03 6.135270000000000437e+03 3.429820000000000164e+03 1.291160000000000082e+03 1.886660000000000082e+03 -2.950409999999999968e+02 1.042490000000000009e+03 1.170410000000000082e+03 1.411579999999999870e+02 -4.609889999999999759e+02 1.837390000000000100e+03 4.394710000000000036e+03 7.987380000000000564e+02 2.890219999999999914e+02 4.269449999999999932e+02 -6.509749999999999659e+01 9.114799999999999613e+01 -4.139069999999999823e+02 1.655409999999999968e+02 1.312379999999999995e+02 4.467040000000000077e+02 -2.136390000000000100e+02 3.125489999999999782e+02 1.258130000000000059e+01 -3.881979999999999791e+02 7.540869999999999962e+00 4.852909999999999854e+03 2.821170000000000073e+03 1.598339999999999918e+03 1.096650000000000063e+02 5.653669999999999618e+02 -4.955649999999999977e+02 5.387849999999999682e+02 -2.070519999999999982e+03 -7.296889999999999645e+02 8.213360000000000127e+02 2.450399999999999920e+02 -9.781639999999999873e+02 -1.695400000000000091e+03 -6.920879999999999654e+02 3.997029999999999745e+02 4.947130000000000223e+02 -1.019330000000000041e+03 -7.254980000000000473e+02 3.363070000000000164e+02 -4.926879999999999882e+02 -2.252170000000000130e+02 -3.125550000000000068e+02 -5.139289999999999736e+02 -7.314640000000000555e+02 8.021580000000000155e+02 5.966870000000000118e+01 -8.221009999999999707e+00 3.577389999999999759e+02 -1.592249999999999943e+01 6.864560000000000173e+02
-2.636470000000000073e+04 -4.768640000000000327e+03 5.477020000000000437e+03 2.693320000000000164e+03 5.815039999999999964e+03 3.755059999999999945e+03 2.825599999999999909e+03 1.132829999999999927e+03 1.756289999999999964e+03 1.273519999999999982e+03 8.687889999999999873e+02 1.425720000000000027e+03 1.596279999999999973e+03 1.287059999999999945e+03 1.394440000000000055e+03 2.437530000000000200e+03 6.125170000000000073e+03 2.179449999999999818e+03 9.638690000000000282e+02 7.451069999999999709e+02 5.545650000000000546e+02 4.763450000000000273e+02 4.458940000000000055e+02 4.506000000000000227e+02 5.127609999999999673e+02 4.713940000000000055e+02 2.199199999999999875e+02 2.302680000000000007e+02 2.412810000000000059e+02 1.714139999999999873e+02 4.528909999999999854e+03 4.136619999999999891e+03 3.021519999999999982e+03 6.843970000000000255e+03 1.081689999999999964e+04 3.689150000000000091e+03 8.418360000000000127e+02 2.361880000000000109e+03 3.826550000000000182e+03 1.481839999999999918e+03 2.188719999999999800e+03 1.501460000000000036e+03 8.582949999999999591e+02 3.158729999999999905e+02 1.834259999999999991e+03 1.077839999999999918e+03 2.842699999999999818e+03 5.685339999999999918e+02 6.092309999999999803e+01 3.170880000000000010e+01 1.972410000000000139e+02 2.411189999999999998e+02 4.794909999999999854e+02 4.150679999999999836e+02 1.584209999999999923e+02 -2.095469999999999899e+01 3.403980000000000246e+02 -4.280689999999999884e+01 8.869670000000000698e+01 -1.285560000000000116e+02 1.235820000000000073e+04 5.927010000000000218e+03 -8.267360000000000582e+03 -1.094760000000000036e+04 4.795960000000000036e+03 -2.863369999999999891e+03 -1.593240000000000009e+03 -1.926860000000000070e+02 3.667780000000000200e+02 7.730159999999999627e+02 3.827450000000000330e+01 3.510179999999999723e+02 1.579920000000000073e+03 -3.049320000000000164e+02 -3.588890000000000100e+02 -2.859230000000000018e+02 5.150470000000000255e+02 -7.140190000000000055e+02 -5.564389999999999645e+02 2.601530000000000200e+02 -5.532820000000000391e+02 -1.637019999999999982e+02 -3.117029999999999745e+02 -7.449990000000000236e+02 -1.558990000000000009e+02 3.591809999999999832e+02 -4.419630000000000081e+01 1.918890000000000029e+01 -3.798479999999999990e+01 3.112699999999999818e+02
