1.594440000000000000e+08 3.461990000000000000e+07 4.297790000000000000e+06 6.577589999999999418e+04 -2.942170000000000000e+05 -3.124290000000000000e+05 -1.286850000000000000e+05 4.685290000000000000e+05 -9.592830000000000291e+04 2.714800000000000000e+05 4.496980000000000291e+04 2.166850000000000000e+05 1.982410000000000000e+05 -4.304180000000000291e+04 -6.797600000000000364e+03 3.032140000000000146e+04 -7.343279999999999745e+02 -3.372159999999999854e+04 5.416390000000000146e+04 1.703540000000000146e+04 2.765550000000000000e+04 2.713170000000000073e+04 5.144490000000000146e+04 4.530269999999999709e+04 1.301389999999999964e+04 1.867690000000000146e+04 2.426509999999999854e+04 -8.412860000000000582e+03 1.862100000000000000e+04 3.457440000000000146e+04 1.083650000000000000e+08 6.553150000000000000e+07 1.236310000000000000e+07 1.203350000000000000e+06 -1.849630000000000000e+06 3.233700000000000000e+05 3.899990000000000000e+05 1.222470000000000000e+06 2.718430000000000000e+05 2.373160000000000000e+05 1.007030000000000000e+05 4.338940000000000146e+04 1.980530000000000000e+05 1.851450000000000000e+04 -9.748050000000000000e+04 1.819030000000000000e+05 7.047669999999999709e+04 -2.699059999999999854e+04 8.525189999999999418e+04 1.940780000000000000e+05 3.248779999999999927e+04 6.982119999999999709e+04 6.731669999999999709e+04 7.292640000000000327e+03 4.098540000000000146e+04 4.654919999999999709e+04 1.613600000000000000e+04 -4.344930000000000291e+04 5.614840000000000146e+04 3.915259999999999854e+04 0.000000000000000000e+00 0.000000000000000000e+00 0.000000000000000000e+00 0.000000000000000000e+00 0.000000000000000000e+00 0.000000000000000000e+00 0.000000000000000000e+00 0.000000000000000000e+00 0.000000000000000000e+00 0.000000000000000000e+00 0.000000000000000000e+00 0.000000000000000000e+00 0.000000000000000000e+00 0.000000000000000000e+00 0.000000000000000000e+00 0.000000000000000000e+00 0.000000000000000000e+00 0.000000000000000000e+00 0.000000000000000000e+00 0.000000000000000000e+00 0.000000000000000000e+00 0.000000000000000000e+00 0.000000000000000000e+00 0.000000000000000000e+00 0.000000000000000000e+00 0.000000000000000000e+00 0.000000000000000000e+00 0.000000000000000000e+00 0.000000000000000000e+00 0.000000000000000000e+00
3.461990000000000000e+07 4.335710000000000000e+07 9.332010000000000000e+06 1.107430000000000000e+06 5.542040000000000000e+05 3.907690000000000000e+05 1.047320000000000000e+05 2.643450000000000000e+05 9.965810000000000582e+04 8.063119999999999709e+04 7.236589999999999418e+04 7.226869999999999709e+04 9.074550000000000000e+04 7.143539999999999418e+04 1.397260000000000036e+04 5.409459999999999854e+04 2.680840000000000146e+04 2.374700000000000000e+04 1.942200000000000000e+04 1.927959999999999854e+04 1.687529999999999973e+03 2.029059999999999854e+04 2.418859999999999854e+04 1.342650000000000000e+04 1.069160000000000036e+04 1.413770000000000073e+04 1.873370000000000073e+04 3.512469999999999800e+03 1.636679999999999927e+04 -6.323909999999999627e+02 1.500370000000000000e+07 5.151490000000000000e+07 1.776870000000000000e+07 3.292190000000000000e+06 1.130630000000000000e+06 8.562150000000000000e+05 3.382690000000000000e+05 3.131580000000000000e+05 9.966510000000000582e+04 1.711060000000000000e+05 1.149670000000000000e+05 2.250350000000000000e+04 7.017030000000000291e+04 1.344280000000000000e+05 4.615369999999999709e+04 1.501560000000000000e+05 1.302110000000000000e+05 1.011360000000000000e+05 -2.799670000000000073e+03 3.605280000000000291e+04 6.137469999999999709e+04 3.702850000000000000e+04 -4.456569999999999709e+04 -1.181410000000000036e+04 -7.034880000000000109e+03 4.620309999999999854e+04 3.647550000000000000e+04 2.251809999999999854e+04 7.478089999999999418e+04 1.703579999999999927e+04 0.000000000000000000e+00 0.000000000000000000e+00 0.000000000000000000e+00 0.000000000000000000e+00 0.000000000000000000e+00 0.000000000000000000e+00 0.000000000000000000e+00 0.000000000000000000e+00 0.000000000000000000e+00 0.000000000000000000e+00 0.000000000000000000e+00 0.000000000000000000e+00 0.000000000000000000e+00 0.000000000000000000e+00 0.000000000000000000e+00 0.000000000000000000e+00 0.000000000000000000e+00 0.000000000000000000e+00 0.000000000000000000e+00 0.000000000000000000e+00 0.000000000000000000e+00 0.000000000000000000e+00 0.000000000000000000e+00 0.000000000000000000e+00 0.000000000000000000e+00 0.000000000000000000e+00 0.000000000000000000e+00 0.000000000000000000e+00 0.000000000000000000e+00 0.000000000000000000e+00
4.297790000000000000e+06 9.332010000000000000e+06 1.417660000000000000e+07 3.135740000000000000e+06 5.024400000000000000e+05 5.611580000000000291e+04 5.763900000000000000e+04 1.842760000000000000e+05 6.133619999999999709e+04 4.349280000000000291e+04 5.106969999999999709e+04 1.030380000000000109e+03 3.373409999999999854e+04 2.433279999999999927e+04 1.247250000000000000e+04 1.982159999999999854e+04 2.820729999999999927e+04 2.628429999999999927e+04 9.026719999999999345e+03 2.061470000000000073e+04 1.443610000000000036e+04 1.710770000000000073e+04 3.336230000000000291e+04 1.242620000000000073e+04 -1.872170000000000073e+03 1.096270000000000073e+04 9.823290000000000873e+03 1.316579999999999927e+04 1.716500000000000000e+04 5.594979999999999563e+03 -7.276980000000000000e+05 8.002930000000000000e+06 1.818600000000000000e+07 5.408890000000000000e+06 9.093010000000000000e+05 1.031160000000000000e+05 1.862260000000000000e+05 4.138950000000000000e+05 -4.268250000000000000e+04 1.247410000000000000e+05 1.313050000000000000e+05 5.578509999999999854e+04 3.757600000000000000e+04 8.589939999999999418e+04 6.225590000000000146e+04 9.578380000000000291e+04 8.505110000000000582e+04 6.661119999999999709e+04 3.998719999999999709e+04 3.667090000000000146e+04 5.058690000000000282e+02 4.274090000000000146e+03 8.508430000000000291e+03 1.754720000000000084e+02 -2.081200000000000000e+04 3.185259999999999854e+04 -5.148550000000000182e+03 -1.067740000000000009e+03 2.332440000000000146e+04 -7.742829999999999927e+03 0.000000000000000000e+00 0.000000000000000000e+00 0.000000000000000000e+00 0.000000000000000000e+00 0.000000000000000000e+00 0.000000000000000000e+00 0.000000000000000000e+00 0.000000000000000000e+00 0.000000000000000000e+00 0.000000000000000000e+00 0.000000000000000000e+00 0.000000000000000000e+00 0.000000000000000000e+00 0.000000000000000000e+00 0.000000000000000000e+00 0.000000000000000000e+00 0.000000000000000000e+00 0.000000000000000000e+00 0.000000000000000000e+00 0.000000000000000000e+00 0.000000000000000000e+00 0.000000000000000000e+00 0.000000000000000000e+00 0.000000000000000000e+00 0.000000000000000000e+00 0.000000000000000000e+00 0.000000000000000000e+00 0.000000000000000000e+00 0.000000000000000000e+00 0.000000000000000000e+00
6.577589999999999418e+04 1.107430000000000000e+06 3.135740000000000000e+06 5.074530000000000000e+06 1.087360000000000000e+06 7.574960000000000582e+04 -1.566170000000000073e+04 4.614209999999999854e+04 5.726209999999999854e+04 4.854009999999999854e+04 3.716730000000000291e+04 2.199250000000000000e+04 4.452050000000000000e+04 3.832030000000000291e+04 2.724679999999999927e+04 1.381920000000000073e+04 1.852170000000000073e+04 1.912809999999999854e+04 1.598100000000000000e+04 2.755630000000000109e+03 4.148180000000000291e+03 1.073410000000000036e+04 1.002610000000000036e+04 1.452100000000000000e+04 1.069650000000000000e+04 1.380200000000000000e+04 8.278260000000000218e+03 3.501590000000000146e+03 9.622069999999999709e+03 1.061000000000000000e+04 -5.019820000000000000e+05 -5.508730000000000291e+04 3.742040000000000000e+06 6.925630000000000000e+06 2.013520000000000000e+06 8.250369999999999709e+04 9.146669999999999709e+04 8.553950000000000000e+04 4.044819999999999709e+04 4.424280000000000291e+04 1.247320000000000000e+05 1.022250000000000000e+05 1.039730000000000000e+05 5.355709999999999854e+04 2.854459999999999854e+04 4.093759999999999854e+04 6.419850000000000000e+04 4.156850000000000000e+04 1.154579999999999927e+04 7.208270000000000437e+03 1.181839999999999964e+04 1.193450000000000000e+04 -1.995869999999999891e+02 2.370490000000000146e+04 1.885729999999999927e+04 2.149729999999999927e+04 2.188250000000000000e+04 2.353770000000000073e+04 6.877699999999999818e+03 1.300029999999999973e+03 0.000000000000000000e+00 0.000000000000000000e+00 0.000000000000000000e+00 0.000000000000000000e+00 0.000000000000000000e+00 0.000000000000000000e+00 0.000000000000000000e+00 0.000000000000000000e+00 0.000000000000000000e+00 0.000000000000000000e+00 0.000000000000000000e+00 0.000000000000000000e+00 0.000000000000000000e+00 0.000000000000000000e+00 0.000000000000000000e+00 0.000000000000000000e+00 0.000000000000000000e+00 0.000000000000000000e+00 0.000000000000000000e+00 0.000000000000000000e+00 0.000000000000000000e+00 0.000000000000000000e+00 0.000000000000000000e+00 0.000000000000000000e+00 0.000000000000000000e+00 0.000000000000000000e+00 0.000000000000000000e+00 0.000000000000000000e+00 0.000000000000000000e+00 0.000000000000000000e+00
-2.942170000000000000e+05 5.542040000000000000e+05 5.024400000000000000e+05 1.087360000000000000e+06 2.042320000000000000e+06 4.495350000000000000e+05 8.351519999999999709e+04 7.384339999999999418e+04 5.587650000000000000e+04 5.073109999999999854e+04 4.789369999999999709e+04 4.695069999999999709e+04 3.515209999999999854e+04 2.110120000000000073e+04 2.822990000000000146e+04 2.489409999999999854e+04 2.190640000000000146e+04 2.911359999999999854e+04 1.486570000000000073e+04 1.158950000000000000e+04 1.725440000000000146e+04 1.083629999999999927e+04 1.336120000000000073e+04 1.141889999999999964e+04 1.138360000000000036e+04 7.257130000000000109e+03 7.674189999999999600e+03 5.578460000000000036e+03 9.113000000000000000e+03 9.048979999999999563e+03 -6.770079999999999927e+03 2.106740000000000000e+05 7.062280000000000000e+05 1.486160000000000000e+06 2.613320000000000000e+06 7.026410000000000000e+05 2.194780000000000000e+05 1.501380000000000000e+05 1.845800000000000000e+05 1.099390000000000000e+05 1.100080000000000000e+05 1.163790000000000000e+05 7.576369999999999709e+04 3.275259999999999854e+04 -1.051819999999999936e+03 2.501259999999999854e+04 4.942769999999999709e+04 5.608250000000000000e+04 1.136900000000000000e+04 1.938140000000000146e+04 3.917180000000000291e+04 1.730559999999999854e+04 1.221470000000000073e+04 2.652709999999999854e+04 1.662700000000000000e+04 1.640929999999999927e+04 6.074100000000000364e+03 4.776020000000000437e+03 1.049120000000000073e+04 1.432869999999999891e+03 0.000000000000000000e+00 0.000000000000000000e+00 0.000000000000000000e+00 0.000000000000000000e+00 0.000000000000000000e+00 0.000000000000000000e+00 0.000000000000000000e+00 0.000000000000000000e+00 0.000000000000000000e+00 0.000000000000000000e+00 0.000000000000000000e+00 0.000000000000000000e+00 0.000000000000000000e+00 0.000000000000000000e+00 0.000000000000000000e+00 0.000000000000000000e+00 0.000000000000000000e+00 0.000000000000000000e+00 0.000000000000000000e+00 0.000000000000000000e+00 0.000000000000000000e+00 0.000000000000000000e+00 0.000000000000000000e+00 0.000000000000000000e+00 0.000000000000000000e+00 0.000000000000000000e+00 0.000000000000000000e+00 0.000000000000000000e+00 0.000000000000000000e+00 0.000000000000000000e+00
-3.124290000000000000e+05 3.907690000000000000e+05 5.611580000000000291e+04 7.574960000000000582e+04 4.495350000000000000e+05 1.009510000000000000e+06 3.160780000000000000e+05 1.023420000000000000e+05 5.828359999999999854e+04 2.483979999999999927e+04 2.153400000000000000e+04 2.715959999999999854e+04 3.041890000000000146e+04 3.046600000000000000e+04 2.575890000000000146e+04 2.278729999999999927e+04 1.853050000000000000e+04 2.126240000000000146e+04 1.407050000000000000e+04 8.853299999999999272e+03 9.885420000000000073e+03 6.870140000000000327e+03 5.535090000000000146e+03 7.629689999999999600e+03 4.604159999999999854e+03 8.637329999999999927e+03 5.857569999999999709e+03 6.676130000000000109e+03 6.203329999999999927e+03 3.783599999999999909e+03 -3.058090000000000000e+05 3.408150000000000000e+05 1.186440000000000000e+05 1.707820000000000000e+05 6.041420000000000000e+05 1.409910000000000000e+06 4.953830000000000000e+05 2.121370000000000000e+05 1.025660000000000000e+05 4.472459999999999854e+04 3.631030000000000291e+04 7.433289999999999418e+04 4.381909999999999854e+04 3.505350000000000000e+04 1.489970000000000073e+04 2.044550000000000000e+04 3.952450000000000000e+04 3.809340000000000146e+04 2.565459999999999854e+04 1.273510000000000036e+04 3.617559999999999854e+04 1.983790000000000146e+04 1.909529999999999927e+04 1.535400000000000000e+04 6.736449999999999818e+03 7.082659999999999854e+03 7.822239999999999782e+03 3.884440000000000055e+03 1.936579999999999927e+03 2.505309999999999945e+03 0.000000000000000000e+00 0.000000000000000000e+00 0.000000000000000000e+00 0.000000000000000000e+00 0.000000000000000000e+00 0.000000000000000000e+00 0.000000000000000000e+00 0.000000000000000000e+00 0.000000000000000000e+00 0.000000000000000000e+00 0.000000000000000000e+00 0.000000000000000000e+00 0.000000000000000000e+00 0.000000000000000000e+00 0.000000000000000000e+00 0.000000000000000000e+00 0.000000000000000000e+00 0.000000000000000000e+00 0.000000000000000000e+00 0.000000000000000000e+00 0.000000000000000000e+00 0.000000000000000000e+00 0.000000000000000000e+00 0.000000000000000000e+00 0.000000000000000000e+00 0.000000000000000000e+00 0.000000000000000000e+00 0.000000000000000000e+00 0.000000000000000000e+00 0.000000000000000000e+00
-1.286850000000000000e+05 1.047320000000000000e+05 5.763900000000000000e+04 -1.566170000000000073e+04 8.351519999999999709e+04 3.160780000000000000e+05 6.444040000000000000e+05 1.872160000000000000e+05 5.283919999999999709e+04 2.235859999999999854e+04 3.719430000000000291e+04 2.588309999999999854e+04 2.985150000000000000e+04 2.215000000000000000e+04 2.065059999999999854e+04 1.713829999999999927e+04 1.666290000000000146e+04 1.695079999999999927e+04 1.310839999999999964e+04 1.186629999999999927e+04 9.641079999999999927e+03 7.414649999999999636e+03 5.706840000000000146e+03 6.798920000000000073e+03 3.520070000000000164e+03 4.358409999999999854e+03 5.039649999999999636e+03 5.418729999999999563e+03 8.167970000000000255e+03 7.102449999999999818e+03 8.795569999999999709e+04 -1.608050000000000000e+05 -4.972300000000000000e+04 -6.217769999999999709e+04 6.262459999999999854e+04 4.409260000000000000e+05 7.979090000000000000e+05 3.619730000000000000e+05 7.121989999999999418e+04 3.791880000000000291e+04 5.225090000000000146e+04 6.520609999999999854e+04 5.379030000000000291e+04 3.765069999999999709e+04 1.612870000000000073e+04 2.312670000000000073e+04 3.859140000000000146e+04 2.716579999999999927e+04 2.023090000000000146e+04 1.548489999999999964e+04 2.098270000000000073e+04 1.352010000000000036e+04 9.188459999999999127e+03 1.123920000000000073e+04 4.883609999999999673e+03 4.879039999999999964e+03 1.061710000000000036e+04 8.281299999999999272e+03 7.149890000000000327e+03 1.238410000000000036e+04 0.000000000000000000e+00 0.000000000000000000e+00 0.000000000000000000e+00 0.000000000000000000e+00 0.000000000000000000e+00 0.000000000000000000e+00 0.000000000000000000e+00 0.000000000000000000e+00 0.000000000000000000e+00 0.000000000000000000e+00 0.000000000000000000e+00 0.000000000000000000e+00 0.000000000000000000e+00 0.000000000000000000e+00 0.000000000000000000e+00 0.000000000000000000e+00 0.000000000000000000e+00 0.000000000000000000e+00 0.000000000000000000e+00 0.000000000000000000e+00 0.000000000000000000e+00 0.000000000000000000e+00 0.000000000000000000e+00 0.000000000000000000e+00 0.000000000000000000e+00 0.000000000000000000e+00 0.000000000000000000e+00 0.000000000000000000e+00 0.000000000000000000e+00 0.000000000000000000e+00
4.685290000000000000e+05 2.643450000000000000e+05 1.842760000000000000e+05 4.614209999999999854e+04 7.384339999999999418e+04 1.023420000000000000e+05 1.872160000000000000e+05 3.999950000000000000e+05 1.156900000000000000e+05 3.238329999999999927e+04 2.118090000000000146e+04 3.382090000000000146e+04 2.730829999999999927e+04 2.335250000000000000e+04 1.321120000000000073e+04 1.097470000000000073e+04 1.291660000000000036e+04 1.377989999999999964e+04 1.050120000000000073e+04 9.113319999999999709e+03 8.322319999999999709e+03 7.471000000000000000e+03 7.552829999999999927e+03 6.636210000000000036e+03 3.724920000000000073e+03 3.842329999999999927e+03 4.494289999999999964e+03 4.129640000000000327e+03 6.333500000000000000e+03 3.756170000000000073e+03 5.094510000000000000e+05 1.537360000000000000e+05 -7.893200000000000000e+04 7.443710000000000582e+04 4.918309999999999854e+04 8.002119999999999709e+04 2.384070000000000000e+05 5.309120000000000000e+05 1.696230000000000000e+05 3.431100000000000000e+04 1.921409999999999854e+04 4.075650000000000000e+04 3.730609999999999854e+04 3.265270000000000073e+04 8.785670000000000073e+03 1.139639999999999964e+04 2.077859999999999854e+04 2.203300000000000000e+04 7.943050000000000182e+03 2.917710000000000036e+03 1.115750000000000000e+04 1.169279999999999927e+04 8.567340000000000146e+03 8.072850000000000364e+03 3.419100000000000250e+02 5.812840000000000146e+03 7.616979999999999563e+03 3.047540000000000049e+01 6.319340000000000146e+03 4.460380000000000109e+03 0.000000000000000000e+00 0.000000000000000000e+00 0.000000000000000000e+00 0.000000000000000000e+00 0.000000000000000000e+00 0.000000000000000000e+00 0.000000000000000000e+00 0.000000000000000000e+00 0.000000000000000000e+00 0.000000000000000000e+00 0.000000000000000000e+00 0.000000000000000000e+00 0.000000000000000000e+00 0.000000000000000000e+00 0.000000000000000000e+00 0.000000000000000000e+00 0.000000000000000000e+00 0.000000000000000000e+00 0.000000000000000000e+00 0.000000000000000000e+00 0.000000000000000000e+00 0.000000000000000000e+00 0.000000000000000000e+00 0.000000000000000000e+00 0.000000000000000000e+00 0.000000000000000000e+00 0.000000000000000000e+00 0.000000000000000000e+00 0.000000000000000000e+00 0.000000000000000000e+00
-9.592830000000000291e+04 9.965810000000000582e+04 6.133619999999999709e+04 5.726209999999999854e+04 5.587650000000000000e+04 5.828359999999999854e+04 5.283919999999999709e+04 1.156900000000000000e+05 2.454710000000000000e+05 6.584489999999999418e+04 2.157490000000000146e+04 2.250529999999999927e+04 2.672550000000000000e+04 1.826129999999999927e+04 1.302429999999999927e+04 1.026410000000000036e+04 9.786969999999999345e+03 1.485489999999999964e+04 8.417680000000000291e+03 7.100750000000000000e+03 8.813200000000000728e+03 7.940430000000000291e+03 6.950770000000000437e+03 4.016090000000000146e+03 6.116699999999999818e+03 6.121369999999999891e+03 2.866539999999999964e+03 4.036309999999999945e+03 5.202930000000000291e+03 3.835949999999999818e+03 -6.433320000000000000e+05 4.468359999999999854e+04 7.824500000000000000e+04 1.149220000000000000e+05 3.066309999999999854e+04 5.635830000000000291e+04 7.300510000000000582e+04 1.785450000000000000e+05 3.253970000000000000e+05 9.669710000000000582e+04 2.894829999999999927e+04 2.386200000000000000e+04 2.575990000000000146e+04 2.188079999999999927e+04 1.009589999999999964e+04 1.101329999999999927e+04 1.802950000000000000e+04 2.024940000000000146e+04 1.228820000000000073e+04 9.285250000000000000e+03 1.245260000000000036e+04 8.776690000000000509e+03 4.250159999999999854e+03 1.514299999999999955e+03 5.842500000000000000e+03 6.564550000000000182e+03 4.394680000000000291e+03 1.109400000000000091e+03 4.454270000000000437e+03 2.108360000000000127e+03 0.000000000000000000e+00 0.000000000000000000e+00 0.000000000000000000e+00 0.000000000000000000e+00 0.000000000000000000e+00 0.000000000000000000e+00 0.000000000000000000e+00 0.000000000000000000e+00 0.000000000000000000e+00 0.000000000000000000e+00 0.000000000000000000e+00 0.000000000000000000e+00 0.000000000000000000e+00 0.000000000000000000e+00 0.000000000000000000e+00 0.000000000000000000e+00 0.000000000000000000e+00 0.000000000000000000e+00 0.000000000000000000e+00 0.000000000000000000e+00 0.000000000000000000e+00 0.000000000000000000e+00 0.000000000000000000e+00 0.000000000000000000e+00 0.000000000000000000e+00 0.000000000000000000e+00 0.000000000000000000e+00 0.000000000000000000e+00 0.000000000000000000e+00 0.000000000000000000e+00
2.714800000000000000e+05 8.063119999999999709e+04 4.349280000000000291e+04 4.854009999999999854e+04 5.073109999999999854e+04 2.483979999999999927e+04 2.235859999999999854e+04 3.238329999999999927e+04 6.584489999999999418e+04 1.463830000000000000e+05 4.609359999999999854e+04 1.569710000000000036e+04 1.412579999999999927e+04 1.066060000000000036e+04 9.243190000000000509e+03 8.297129999999999200e+03 7.701079999999999927e+03 7.146649999999999636e+03 6.307739999999999782e+03 8.038069999999999709e+03 5.509029999999999745e+03 4.576600000000000364e+03 4.526329999999999927e+03 3.193409999999999854e+03 2.669329999999999927e+03 3.972849999999999909e+03 2.947030000000000200e+03 2.173599999999999909e+03 3.173380000000000109e+03 1.536390000000000100e+03 -1.146640000000000000e+05 2.223060000000000000e+05 8.345489999999999418e+04 1.354020000000000000e+05 3.649840000000000146e+04 1.883550000000000000e+04 5.569969999999999709e+04 6.547930000000000291e+04 8.223580000000000291e+04 1.863250000000000000e+05 6.095059999999999854e+04 2.014509999999999854e+04 1.230320000000000073e+04 1.850690000000000146e+04 1.194820000000000073e+04 1.408600000000000000e+04 9.314829999999999927e+03 1.023400000000000000e+04 6.831850000000000364e+03 1.363900000000000000e+04 8.544959999999999127e+03 7.372890000000000327e+03 4.113930000000000291e+03 3.887349999999999909e+03 4.953069999999999709e+03 4.789640000000000327e+03 7.184569999999999709e+03 1.858940000000000055e+03 2.729030000000000200e+03 4.129399999999999636e+03 0.000000000000000000e+00 0.000000000000000000e+00 0.000000000000000000e+00 0.000000000000000000e+00 0.000000000000000000e+00 0.000000000000000000e+00 0.000000000000000000e+00 0.000000000000000000e+00 0.000000000000000000e+00 0.000000000000000000e+00 0.000000000000000000e+00 0.000000000000000000e+00 0.000000000000000000e+00 0.000000000000000000e+00 0.000000000000000000e+00 0.000000000000000000e+00 0.000000000000000000e+00 0.000000000000000000e+00 0.000000000000000000e+00 0.000000000000000000e+00 0.000000000000000000e+00 0.000000000000000000e+00 0.000000000000000000e+00 0.000000000000000000e+00 0.000000000000000000e+00 0.000000000000000000e+00 0.000000000000000000e+00 0.000000000000000000e+00 0.000000000000000000e+00 0.000000000000000000e+00
4.496980000000000291e+04 7.236589999999999418e+04 5.106969999999999709e+04 3.716730000000000291e+04 4.789369999999999709e+04 2.153400000000000000e+04 3.719430000000000291e+04 2.118090000000000146e+04 2.157490000000000146e+04 4.609359999999999854e+04 1.049850000000000000e+05 3.187820000000000073e+04 1.077920000000000073e+04 1.110389999999999964e+04 1.024729999999999927e+04 1.152920000000000073e+04 1.134810000000000036e+04 7.738390000000000327e+03 4.113460000000000036e+03 5.938239999999999782e+03 3.752980000000000018e+03 4.615140000000000327e+03 4.908310000000000400e+03 3.444159999999999854e+03 3.277539999999999964e+03 2.767119999999999891e+03 2.913349999999999909e+03 3.659090000000000146e+03 3.104530000000000200e+03 2.855489999999999782e+03 6.376509999999999854e+04 2.235130000000000000e+05 4.328080000000000291e+04 1.377029999999999927e+04 5.440550000000000000e+04 3.590940000000000146e+04 7.479480000000000291e+04 3.159590000000000146e+04 3.090740000000000146e+04 6.331230000000000291e+04 1.276300000000000000e+05 4.494580000000000291e+04 2.026750000000000000e+04 1.830590000000000146e+04 7.997390000000000327e+03 1.457089999999999964e+04 1.306420000000000073e+04 1.210170000000000073e+04 5.749579999999999927e+03 8.478120000000000800e+03 7.198609999999999673e+03 6.662770000000000437e+03 5.237649999999999864e+02 1.533119999999999891e+03 5.173529999999999745e+03 2.097489999999999782e+03 3.819730000000000018e+03 2.826329999999999927e+03 2.768679999999999836e+03 1.609430000000000064e+03 0.000000000000000000e+00 0.000000000000000000e+00 0.000000000000000000e+00 0.000000000000000000e+00 0.000000000000000000e+00 0.000000000000000000e+00 0.000000000000000000e+00 0.000000000000000000e+00 0.000000000000000000e+00 0.000000000000000000e+00 0.000000000000000000e+00 0.000000000000000000e+00 0.000000000000000000e+00 0.000000000000000000e+00 0.000000000000000000e+00 0.000000000000000000e+00 0.000000000000000000e+00 0.000000000000000000e+00 0.000000000000000000e+00 0.000000000000000000e+00 0.000000000000000000e+00 0.000000000000000000e+00 0.000000000000000000e+00 0.000000000000000000e+00 0.000000000000000000e+00 0.000000000000000000e+00 0.000000000000000000e+00 0.000000000000000000e+00 0.000000000000000000e+00 0.000000000000000000e+00
2.166850000000000000e+05 7.226869999999999709e+04 1.030380000000000109e+03 2.199250000000000000e+04 4.695069999999999709e+04 2.715959999999999854e+04 2.588309999999999854e+04 3.382090000000000146e+04 2.250529999999999927e+04 1.569710000000000036e+04 3.187820000000000073e+04 6.833819999999999709e+04 2.162740000000000146e+04 1.027820000000000073e+04 7.082380000000000109e+03 7.600420000000000073e+03 7.876050000000000182e+03 6.137680000000000291e+03 4.954369999999999891e+03 4.292479999999999563e+03 3.137880000000000109e+03 4.253479999999999563e+03 4.461010000000000218e+03 3.496960000000000036e+03 2.119329999999999927e+03 2.486800000000000182e+03 2.139179999999999836e+03 2.816059999999999945e+03 2.434559999999999945e+03 2.423400000000000091e+03 2.193600000000000000e+05 2.330920000000000000e+05 3.798269999999999982e+03 -1.267929999999999927e+04 2.580800000000000000e+04 5.039919999999999709e+04 7.242860000000000582e+04 5.811880000000000291e+04 2.918079999999999927e+04 1.668020000000000073e+04 3.931650000000000000e+04 8.398000000000000000e+04 3.107959999999999854e+04 1.179079999999999927e+04 8.211790000000000873e+03 7.332729999999999563e+03 9.552049999999999272e+03 9.844879999999999200e+03 9.512370000000000800e+03 8.264659999999999854e+03 5.351600000000000364e+03 7.788189999999999600e+03 3.752739999999999782e+03 3.474510000000000218e+03 3.362929999999999836e+03 2.776389999999999873e+03 3.399670000000000073e+03 4.282930000000000291e+03 4.356880000000000109e+03 1.538390000000000100e+03 0.000000000000000000e+00 0.000000000000000000e+00 0.000000000000000000e+00 0.000000000000000000e+00 0.000000000000000000e+00 0.000000000000000000e+00 0.000000000000000000e+00 0.000000000000000000e+00 0.000000000000000000e+00 0.000000000000000000e+00 0.000000000000000000e+00 0.000000000000000000e+00 0.000000000000000000e+00 0.000000000000000000e+00 0.000000000000000000e+00 0.000000000000000000e+00 0.000000000000000000e+00 0.000000000000000000e+00 0.000000000000000000e+00 0.000000000000000000e+00 0.000000000000000000e+00 0.000000000000000000e+00 0.000000000000000000e+00 0.000000000000000000e+00 0.000000000000000000e+00 0.000000000000000000e+00 0.000000000000000000e+00 0.000000000000000000e+00 0.000000000000000000e+00 0.000000000000000000e+00
1.982410000000000000e+05 9.074550000000000000e+04 3.373409999999999854e+04 4.452050000000000000e+04 3.515209999999999854e+04 3.041890000000000146e+04 2.985150000000000000e+04 2.730829999999999927e+04 2.672550000000000000e+04 1.412579999999999927e+04 1.077920000000000073e+04 2.162740000000000146e+04 5.386790000000000146e+04 1.880090000000000146e+04 7.282350000000000364e+03 6.220970000000000255e+03 5.409609999999999673e+03 6.145239999999999782e+03 5.203630000000000109e+03 4.264180000000000291e+03 3.658380000000000109e+03 2.574610000000000127e+03 3.267809999999999945e+03 3.062550000000000182e+03 1.832119999999999891e+03 3.235809999999999945e+03 2.692710000000000036e+03 2.946010000000000218e+03 2.719230000000000018e+03 2.580090000000000146e+03 1.279390000000000000e+05 1.783750000000000000e+05 9.645110000000000582e+03 5.254450000000000000e+04 2.516390000000000146e+04 3.976680000000000291e+04 4.660840000000000146e+04 3.616519999999999709e+04 2.011850000000000000e+04 1.796429999999999927e+04 1.054720000000000073e+04 3.394590000000000146e+04 6.642930000000000291e+04 2.341379999999999927e+04 1.224379999999999927e+04 6.765109999999999673e+03 9.411819999999999709e+03 8.816590000000000146e+03 4.637949999999999818e+03 5.007369999999999891e+03 6.042039999999999964e+03 3.828909999999999854e+03 2.254530000000000200e+03 5.419819999999999709e+03 3.530869999999999891e+03 4.386060000000000400e+03 3.655949999999999818e+03 4.216880000000000109e+03 3.514489999999999782e+03 2.224610000000000127e+03 0.000000000000000000e+00 0.000000000000000000e+00 0.000000000000000000e+00 0.000000000000000000e+00 0.000000000000000000e+00 0.000000000000000000e+00 0.000000000000000000e+00 0.000000000000000000e+00 0.000000000000000000e+00 0.000000000000000000e+00 0.000000000000000000e+00 0.000000000000000000e+00 0.000000000000000000e+00 0.000000000000000000e+00 0.000000000000000000e+00 0.000000000000000000e+00 0.000000000000000000e+00 0.000000000000000000e+00 0.000000000000000000e+00 0.000000000000000000e+00 0.000000000000000000e+00 0.000000000000000000e+00 0.000000000000000000e+00 0.000000000000000000e+00 0.000000000000000000e+00 0.000000000000000000e+00 0.000000000000000000e+00 0.000000000000000000e+00 0.000000000000000000e+00 0.000000000000000000e+00
-4.304180000000000291e+04 7.143539999999999418e+04 2.433279999999999927e+04 3.832030000000000291e+04 2.110120000000000073e+04 3.046600000000000000e+04 2.215000000000000000e+04 2.335250000000000000e+04 1.826129999999999927e+04 1.066060000000000036e+04 1.110389999999999964e+04 1.027820000000000073e+04 1.880090000000000146e+04 4.437869999999999709e+04 1.442310000000000036e+04 7.157779999999999745e+03 6.343550000000000182e+03 6.498100000000000364e+03 5.560590000000000146e+03 4.630189999999999600e+03 3.362800000000000182e+03 3.090969999999999800e+03 2.846800000000000182e+03 3.227050000000000182e+03 2.571110000000000127e+03 3.028769999999999982e+03 2.385619999999999891e+03 3.446010000000000218e+03 2.636820000000000164e+03 2.252769999999999982e+03 -1.747670000000000000e+05 1.011580000000000000e+05 5.412419999999999709e+04 8.195210000000000582e+04 -5.005979999999999563e+03 1.181920000000000073e+04 3.074540000000000146e+04 2.403690000000000146e+04 1.741450000000000000e+04 1.997779999999999927e+04 1.340700000000000000e+04 1.971129999999999927e+04 2.385309999999999854e+04 5.910150000000000000e+04 2.548140000000000146e+04 9.247889999999999418e+03 1.060860000000000036e+04 9.951879999999999200e+03 5.570590000000000146e+03 4.052440000000000055e+03 4.831550000000000182e+03 2.630329999999999927e+03 2.249769999999999982e+03 2.911760000000000218e+03 2.301070000000000164e+03 3.118139999999999873e+03 2.633210000000000036e+03 4.497380000000000109e+03 2.820150000000000091e+03 2.386150000000000091e+03 0.000000000000000000e+00 0.000000000000000000e+00 0.000000000000000000e+00 0.000000000000000000e+00 0.000000000000000000e+00 0.000000000000000000e+00 0.000000000000000000e+00 0.000000000000000000e+00 0.000000000000000000e+00 0.000000000000000000e+00 0.000000000000000000e+00 0.000000000000000000e+00 0.000000000000000000e+00 0.000000000000000000e+00 0.000000000000000000e+00 0.000000000000000000e+00 0.000000000000000000e+00 0.000000000000000000e+00 0.000000000000000000e+00 0.000000000000000000e+00 0.000000000000000000e+00 0.000000000000000000e+00 0.000000000000000000e+00 0.000000000000000000e+00 0.000000000000000000e+00 0.000000000000000000e+00 0.000000000000000000e+00 0.000000000000000000e+00 0.000000000000000000e+00 0.000000000000000000e+00
-6.797600000000000364e+03 1.397260000000000036e+04 1.247250000000000000e+04 2.724679999999999927e+04 2.822990000000000146e+04 2.575890000000000146e+04 2.065059999999999854e+04 1.321120000000000073e+04 1.302429999999999927e+04 9.243190000000000509e+03 1.024729999999999927e+04 7.082380000000000109e+03 7.282350000000000364e+03 1.442310000000000036e+04 3.373859999999999854e+04 1.262700000000000000e+04 6.824170000000000073e+03 5.323529999999999745e+03 3.618099999999999909e+03 4.609699999999999818e+03 2.681719999999999800e+03 1.578930000000000064e+03 2.117909999999999854e+03 2.514719999999999800e+03 2.442019999999999982e+03 2.469429999999999836e+03 1.588559999999999945e+03 2.162719999999999800e+03 1.740000000000000000e+03 1.970720000000000027e+03 -1.458000000000000000e+05 8.210580000000000291e+04 -1.589989999999999964e+04 5.533009999999999854e+04 1.020179999999999927e+04 1.515789999999999964e+04 1.853929999999999927e+04 1.349410000000000036e+04 6.438829999999999927e+03 1.117200000000000000e+04 1.109779999999999927e+04 1.101500000000000000e+04 7.052590000000000146e+03 2.103290000000000146e+04 4.223830000000000291e+04 1.616260000000000036e+04 9.251540000000000873e+03 9.019959999999999127e+03 2.437690000000000055e+03 5.704340000000000146e+03 4.761020000000000437e+03 1.824630000000000109e+03 2.277179999999999893e+02 1.753539999999999964e+03 2.569309999999999945e+03 1.063559999999999945e+03 1.106160000000000082e+03 2.954119999999999891e+03 1.726880000000000109e+03 1.454849999999999909e+03 0.000000000000000000e+00 0.000000000000000000e+00 0.000000000000000000e+00 0.000000000000000000e+00 0.000000000000000000e+00 0.000000000000000000e+00 0.000000000000000000e+00 0.000000000000000000e+00 0.000000000000000000e+00 0.000000000000000000e+00 0.000000000000000000e+00 0.000000000000000000e+00 0.000000000000000000e+00 0.000000000000000000e+00 0.000000000000000000e+00 0.000000000000000000e+00 0.000000000000000000e+00 0.000000000000000000e+00 0.000000000000000000e+00 0.000000000000000000e+00 0.000000000000000000e+00 0.000000000000000000e+00 0.000000000000000000e+00 0.000000000000000000e+00 0.000000000000000000e+00 0.000000000000000000e+00 0.000000000000000000e+00 0.000000000000000000e+00 0.000000000000000000e+00 0.000000000000000000e+00
3.032140000000000146e+04 5.409459999999999854e+04 1.982159999999999854e+04 1.381920000000000073e+04 2.489409999999999854e+04 2.278729999999999927e+04 1.713829999999999927e+04 1.097470000000000073e+04 1.026410000000000036e+04 8.297129999999999200e+03 1.152920000000000073e+04 7.600420000000000073e+03 6.220970000000000255e+03 7.157779999999999745e+03 1.262700000000000000e+04 2.704229999999999927e+04 1.029620000000000073e+04 4.562590000000000146e+03 4.263310000000000400e+03 3.956929999999999836e+03 3.332400000000000091e+03 2.452750000000000000e+03 2.101329999999999927e+03 2.975949999999999818e+03 1.710130000000000109e+03 1.767319999999999936e+03 1.736630000000000109e+03 1.839000000000000000e+03 1.585589999999999918e+03 1.704730000000000018e+03 -1.122840000000000000e+05 1.762410000000000082e+03 -1.968779999999999927e+04 4.132069999999999709e+04 1.569750000000000000e+04 1.160920000000000073e+04 2.109829999999999927e+04 4.998159999999999854e+03 1.120560000000000036e+04 1.193500000000000000e+04 1.498900000000000000e+04 1.608010000000000036e+04 8.252450000000000728e+03 9.121469999999999345e+03 1.668109999999999854e+04 3.171109999999999854e+04 1.580570000000000073e+04 6.425489999999999782e+03 4.630579999999999927e+03 5.100149999999999636e+03 5.800819999999999709e+03 3.662719999999999800e+03 1.197369999999999891e+03 2.246360000000000127e+03 2.431269999999999982e+03 1.000899999999999977e+03 2.511699999999999818e+03 2.752469999999999800e+03 2.697090000000000146e+03 2.247389999999999873e+03 0.000000000000000000e+00 0.000000000000000000e+00 0.000000000000000000e+00 0.000000000000000000e+00 0.000000000000000000e+00 0.000000000000000000e+00 0.000000000000000000e+00 0.000000000000000000e+00 0.000000000000000000e+00 0.000000000000000000e+00 0.000000000000000000e+00 0.000000000000000000e+00 0.000000000000000000e+00 0.000000000000000000e+00 0.000000000000000000e+00 0.000000000000000000e+00 0.000000000000000000e+00 0.000000000000000000e+00 0.000000000000000000e+00 0.000000000000000000e+00 0.000000000000000000e+00 0.000000000000000000e+00 0.000000000000000000e+00 0.000000000000000000e+00 0.000000000000000000e+00 0.000000000000000000e+00 0.000000000000000000e+00 0.000000000000000000e+00 0.000000000000000000e+00 0.000000000000000000e+00
-7.343279999999999745e+02 2.680840000000000146e+04 2.820729999999999927e+04 1.852170000000000073e+04 2.190640000000000146e+04 1.853050000000000000e+04 1.666290000000000146e+04 1.291660000000000036e+04 9.786969999999999345e+03 7.701079999999999927e+03 1.134810000000000036e+04 7.876050000000000182e+03 5.409609999999999673e+03 6.343550000000000182e+03 6.824170000000000073e+03 1.029620000000000073e+04 2.274029999999999927e+04 9.165450000000000728e+03 4.408569999999999709e+03 4.206710000000000036e+03 3.560250000000000000e+03 2.265320000000000164e+03 2.675880000000000109e+03 2.315510000000000218e+03 1.381339999999999918e+03 2.345119999999999891e+03 2.044039999999999964e+03 2.342820000000000164e+03 1.461200000000000045e+03 1.397819999999999936e+03 -7.510310000000000582e+04 -4.031090000000000146e+04 4.786479999999999563e+03 3.827340000000000146e+04 7.390020000000000437e+03 2.757570000000000073e+04 2.914029999999999927e+04 1.551520000000000073e+04 1.194810000000000036e+04 5.132670000000000073e+03 1.699809999999999854e+04 1.372439999999999964e+04 5.825819999999999709e+03 7.899770000000000437e+03 8.676760000000000218e+03 9.815770000000000437e+03 2.856109999999999854e+04 1.355700000000000000e+04 4.302789999999999964e+03 4.734479999999999563e+03 6.326369999999999891e+03 3.621289999999999964e+03 2.237739999999999782e+03 1.421279999999999973e+03 1.457420000000000073e+03 1.468809999999999945e+03 2.258059999999999945e+03 3.341559999999999945e+03 2.326719999999999800e+03 1.438930000000000064e+03 0.000000000000000000e+00 0.000000000000000000e+00 0.000000000000000000e+00 0.000000000000000000e+00 0.000000000000000000e+00 0.000000000000000000e+00 0.000000000000000000e+00 0.000000000000000000e+00 0.000000000000000000e+00 0.000000000000000000e+00 0.000000000000000000e+00 0.000000000000000000e+00 0.000000000000000000e+00 0.000000000000000000e+00 0.000000000000000000e+00 0.000000000000000000e+00 0.000000000000000000e+00 0.000000000000000000e+00 0.000000000000000000e+00 0.000000000000000000e+00 0.000000000000000000e+00 0.000000000000000000e+00 0.000000000000000000e+00 0.000000000000000000e+00 0.000000000000000000e+00 0.000000000000000000e+00 0.000000000000000000e+00 0.000000000000000000e+00 0.000000000000000000e+00 0.000000000000000000e+00
