3.307330000000000000e+07 4.045620000000000000e+06 4.617610000000000000e+05 2.671470000000000000e+05 3.400880000000000000e+05 2.430930000000000000e+05 1.064880000000000000e+05 -6.069180000000000291e+04 1.969670000000000073e+03 -2.093709999999999854e+04 -1.639769999999999982e+03 -7.536949999999999818e+03 3.993790000000000146e+04 8.657530000000000655e+03 2.087700000000000000e+04 -3.955140000000000146e+04 -2.323050000000000000e+04 -4.349140000000000146e+04 6.336039999999999964e+03 -2.793210000000000264e+02 -3.208440000000000146e+04 -3.684950000000000000e+04 -1.877890000000000100e+03 -6.933050000000000068e+01 1.537939999999999964e+04 9.350850000000000364e+03 -1.461050000000000000e+04 -1.012239999999999964e+04 -3.496489999999999782e+03 -2.284109999999999854e+04 -7.142130000000000000e+06 -2.021510000000000000e+06 6.897590000000000000e+05 1.141600000000000000e+04 4.296320000000000000e+05 4.882800000000000000e+05 5.147050000000000000e+05 -4.240980000000000291e+04 1.673340000000000000e+05 -1.693579999999999927e+04 -4.947750000000000000e+04 -2.508609999999999854e+04 1.168960000000000000e+05 2.209370000000000073e+04 6.561400000000000000e+04 1.305960000000000036e+04 3.151490000000000146e+04 -2.407350000000000000e+04 -2.371159999999999854e+04 -2.796250000000000000e+04 -9.945670000000000073e+03 -7.307069999999999709e+04 -2.398690000000000146e+04 -1.766300000000000000e+04 -1.052860000000000036e+04 7.285319999999999709e+03 -4.701619999999999709e+04 -1.459129999999999927e+04 -9.172969999999999345e+03 -3.020879999999999927e+04 0.000000000000000000e+00 0.000000000000000000e+00 0.000000000000000000e+00 0.000000000000000000e+00 0.000000000000000000e+00 0.000000000000000000e+00 0.000000000000000000e+00 0.000000000000000000e+00 0.000000000000000000e+00 0.000000000000000000e+00 0.000000000000000000e+00 0.000000000000000000e+00 0.000000000000000000e+00 0.000000000000000000e+00 0.000000000000000000e+00 0.000000000000000000e+00 0.000000000000000000e+00 0.000000000000000000e+00 0.000000000000000000e+00 0.000000000000000000e+00 0.000000000000000000e+00 0.000000000000000000e+00 0.000000000000000000e+00 0.000000000000000000e+00 0.000000000000000000e+00 0.000000000000000000e+00 0.000000000000000000e+00 0.000000000000000000e+00 0.000000000000000000e+00 0.000000000000000000e+00
4.045620000000000000e+06 1.181120000000000000e+07 2.295980000000000000e+06 1.739340000000000000e+05 1.392820000000000000e+05 5.026680000000000291e+04 2.223780000000000000e+05 1.263690000000000000e+05 6.177359999999999854e+04 8.178189999999999418e+04 4.605869999999999709e+04 2.346320000000000073e+04 2.624729999999999927e+04 1.635020000000000073e+04 3.167559999999999854e+04 7.845720000000000255e+03 -5.312550000000000182e+03 -2.138259999999999854e+04 1.254730000000000018e+03 1.086770000000000073e+04 1.496739999999999964e+04 1.240960000000000036e+04 1.001679999999999927e+04 1.681630000000000109e+03 1.847600000000000000e+04 -1.883349999999999909e+03 -1.169859999999999900e+03 5.790030000000000427e+02 7.617649999999999636e+03 4.074840000000000146e+03 4.122370000000000000e+06 9.912600000000000000e+06 6.260520000000000000e+05 -2.826070000000000000e+05 -7.129439999999999600e+03 -1.288780000000000000e+05 2.997040000000000000e+05 2.954680000000000000e+05 -1.216539999999999964e+03 6.308200000000000000e+04 2.653420000000000073e+04 -9.202950000000000728e+03 -8.715889999999999418e+03 3.390419999999999709e+04 2.579520000000000073e+04 2.655259999999999854e+04 1.988200000000000000e+04 -3.298400000000000000e+04 -5.144840000000000146e+03 3.276599999999999909e+03 -6.758750000000000000e+02 1.870829999999999927e+04 2.957820000000000164e+03 -1.807650000000000091e+03 -8.638520000000000437e+03 -9.076989999999999782e+03 -7.272279999999999745e+03 -5.889810000000000400e+03 -4.564979999999999905e+02 8.955389999999999418e+03 0.000000000000000000e+00 0.000000000000000000e+00 0.000000000000000000e+00 0.000000000000000000e+00 0.000000000000000000e+00 0.000000000000000000e+00 0.000000000000000000e+00 0.000000000000000000e+00 0.000000000000000000e+00 0.000000000000000000e+00 0.000000000000000000e+00 0.000000000000000000e+00 0.000000000000000000e+00 0.000000000000000000e+00 0.000000000000000000e+00 0.000000000000000000e+00 0.000000000000000000e+00 0.000000000000000000e+00 0.000000000000000000e+00 0.000000000000000000e+00 0.000000000000000000e+00 0.000000000000000000e+00 0.000000000000000000e+00 0.000000000000000000e+00 0.000000000000000000e+00 0.000000000000000000e+00 0.000000000000000000e+00 0.000000000000000000e+00 0.000000000000000000e+00 0.000000000000000000e+00
4.617610000000000000e+05 2.295980000000000000e+06 5.319550000000000000e+06 1.200890000000000000e+06 1.729310000000000000e+05 3.480440000000000055e+03 1.203629999999999927e+04 7.276260000000000582e+04 5.303659999999999854e+04 7.419850000000000000e+04 6.865480000000000291e+04 1.305539999999999964e+04 -6.086760000000000218e+03 2.388950000000000000e+04 1.866509999999999854e+04 1.454010000000000036e+04 1.863159999999999854e+04 5.399560000000000400e+03 2.143770000000000073e+04 9.875770000000000437e+03 1.376460000000000036e+04 3.103050000000000182e+03 8.153800000000000182e+03 3.936809999999999945e+03 6.285029999999999745e+03 2.600280000000000200e+03 8.873310000000000173e+02 4.854119999999999891e+03 5.020140000000000327e+03 2.913530000000000200e+03 2.677810000000000000e+05 1.792250000000000000e+06 5.530510000000000000e+06 5.288100000000000000e+05 -1.414450000000000000e+05 -1.869940000000000000e+05 -8.306460000000000582e+04 2.016200000000000000e+05 6.815650000000000000e+04 1.025890000000000000e+05 8.537610000000000582e+04 -4.822720000000000255e+03 -1.998690000000000055e+03 5.106369999999999709e+04 1.989059999999999854e+04 5.391300000000000182e+03 2.429150000000000000e+04 2.016040000000000146e+04 2.330959999999999854e+04 5.337100000000000364e+03 1.810820000000000073e+04 7.758640000000000327e+03 6.700819999999999709e+03 -3.095670000000000073e+03 -6.959829999999999927e+03 -1.322710000000000036e+04 5.816889999999999645e+02 2.895500000000000000e+03 6.506180000000000291e+03 5.533890000000000327e+03 0.000000000000000000e+00 0.000000000000000000e+00 0.000000000000000000e+00 0.000000000000000000e+00 0.000000000000000000e+00 0.000000000000000000e+00 0.000000000000000000e+00 0.000000000000000000e+00 0.000000000000000000e+00 0.000000000000000000e+00 0.000000000000000000e+00 0.000000000000000000e+00 0.000000000000000000e+00 0.000000000000000000e+00 0.000000000000000000e+00 0.000000000000000000e+00 0.000000000000000000e+00 0.000000000000000000e+00 0.000000000000000000e+00 0.000000000000000000e+00 0.000000000000000000e+00 0.000000000000000000e+00 0.000000000000000000e+00 0.000000000000000000e+00 0.000000000000000000e+00 0.000000000000000000e+00 0.000000000000000000e+00 0.000000000000000000e+00 0.000000000000000000e+00 0.000000000000000000e+00
2.671470000000000000e+05 1.739340000000000000e+05 1.200890000000000000e+06 2.486870000000000000e+06 4.648160000000000000e+05 5.031859999999999854e+04 -7.033579999999999927e+03 -5.016130000000000109e+03 1.411160000000000036e+04 1.295710000000000036e+04 2.418629999999999927e+04 2.229370000000000073e+04 1.237479999999999927e+04 2.717789999999999964e+03 4.084679999999999836e+03 1.076910000000000036e+04 1.230929999999999927e+04 9.424209999999999127e+03 7.952100000000000364e+03 3.072820000000000164e+03 5.663470000000000255e+03 5.205539999999999964e+03 9.234909999999999854e+03 8.726950000000000500e+02 7.052220000000000255e+03 1.687369999999999891e+03 4.496010000000000218e+03 7.002310000000000400e+03 6.385069999999999709e+03 4.829289999999999964e+03 3.877580000000000291e+04 -2.362190000000000000e+05 1.549470000000000000e+06 3.277030000000000000e+06 2.562940000000000000e+05 -1.059910000000000000e+05 -7.105310000000000582e+04 -1.533489999999999964e+04 4.238519999999999709e+04 1.071189999999999964e+04 4.476869999999999709e+04 1.302289999999999964e+04 2.018420000000000073e+04 5.170729999999999563e+03 1.196989999999999964e+04 1.652500000000000000e+04 2.362279999999999927e+04 2.921659999999999854e+04 1.728609999999999854e+04 1.812809999999999945e+03 4.905479999999999563e+03 -5.336560000000000400e+03 7.728100000000000364e+03 -6.982500000000000000e+03 8.737319999999999709e+03 -2.288369999999999891e+03 2.700250000000000000e+03 5.559670000000000073e+03 1.407939999999999964e+04 4.969239999999999782e+03 0.000000000000000000e+00 0.000000000000000000e+00 0.000000000000000000e+00 0.000000000000000000e+00 0.000000000000000000e+00 0.000000000000000000e+00 0.000000000000000000e+00 0.000000000000000000e+00 0.000000000000000000e+00 0.000000000000000000e+00 0.000000000000000000e+00 0.000000000000000000e+00 0.000000000000000000e+00 0.000000000000000000e+00 0.000000000000000000e+00 0.000000000000000000e+00 0.000000000000000000e+00 0.000000000000000000e+00 0.000000000000000000e+00 0.000000000000000000e+00 0.000000000000000000e+00 0.000000000000000000e+00 0.000000000000000000e+00 0.000000000000000000e+00 0.000000000000000000e+00 0.000000000000000000e+00 0.000000000000000000e+00 0.000000000000000000e+00 0.000000000000000000e+00 0.000000000000000000e+00
3.400880000000000000e+05 1.392820000000000000e+05 1.729310000000000000e+05 4.648160000000000000e+05 1.066970000000000000e+06 2.105900000000000000e+05 2.931609999999999854e+04 1.561160000000000036e+04 -6.813039999999999964e+03 1.275589999999999964e+04 8.131039999999999964e+03 8.252760000000000218e+03 4.499329999999999927e+03 6.794380000000000109e+03 1.352260000000000036e+04 1.096720000000000073e+04 1.315810000000000036e+04 4.218869999999999891e+03 4.669850000000000364e+03 2.182530000000000200e+03 -1.563289999999999964e+03 3.199489999999999782e+03 3.670380000000000109e+03 4.795930000000000291e+03 1.751839999999999918e+03 2.598279999999999745e+02 2.287710000000000036e+03 2.766159999999999854e+03 -7.879470000000000027e+02 -5.701319999999999482e+02 -1.920760000000000000e+05 1.376460000000000000e+05 3.441380000000000000e+05 7.455920000000000000e+05 1.591570000000000000e+06 1.748110000000000000e+05 -5.307850000000000000e+04 -2.646320000000000073e+04 -3.497800000000000000e+04 -1.136650000000000000e+04 -6.320520000000000437e+03 -8.544799999999999272e+03 -2.799010000000000218e+03 4.631729999999999563e+03 1.163789999999999964e+04 3.219679999999999836e+03 1.028800000000000000e+04 -2.495809999999999945e+03 7.220329999999999927e+03 3.958010000000000218e+03 -8.018199999999999818e+03 -8.084210000000000491e+02 -1.724710000000000036e+03 1.059730000000000018e+03 -2.590639999999999873e+03 2.745309999999999945e+03 2.446940000000000055e+03 6.022239999999999782e+03 4.849649999999999750e+02 6.313949999999999818e+03 0.000000000000000000e+00 0.000000000000000000e+00 0.000000000000000000e+00 0.000000000000000000e+00 0.000000000000000000e+00 0.000000000000000000e+00 0.000000000000000000e+00 0.000000000000000000e+00 0.000000000000000000e+00 0.000000000000000000e+00 0.000000000000000000e+00 0.000000000000000000e+00 0.000000000000000000e+00 0.000000000000000000e+00 0.000000000000000000e+00 0.000000000000000000e+00 0.000000000000000000e+00 0.000000000000000000e+00 0.000000000000000000e+00 0.000000000000000000e+00 0.000000000000000000e+00 0.000000000000000000e+00 0.000000000000000000e+00 0.000000000000000000e+00 0.000000000000000000e+00 0.000000000000000000e+00 0.000000000000000000e+00 0.000000000000000000e+00 0.000000000000000000e+00 0.000000000000000000e+00
2.430930000000000000e+05 5.026680000000000291e+04 3.480440000000000055e+03 5.031859999999999854e+04 2.105900000000000000e+05 6.755640000000000000e+05 1.668930000000000000e+05 4.761280000000000291e+04 1.504100000000000000e+04 1.054289999999999964e+04 3.937469999999999800e+03 2.833480000000000018e+03 2.255719999999999800e+03 1.130100000000000000e+04 1.300139999999999964e+04 9.815700000000000728e+03 8.056649999999999636e+03 8.917180000000000291e+03 7.659210000000000036e+03 8.792329999999999927e+03 3.890190000000000055e+03 4.325079999999999927e+03 2.121429999999999836e+03 8.791539999999999964e+02 1.824009999999999991e+03 9.887089999999999463e+02 2.560130000000000109e+03 2.653940000000000055e+03 1.575779999999999973e+03 1.073099999999999909e+03 2.139400000000000000e+05 -8.246569999999999709e+04 5.895509999999999854e+04 9.514489999999999418e+04 2.885520000000000000e+05 1.039510000000000000e+06 1.908860000000000000e+05 1.330139999999999964e+04 3.178920000000000073e+03 -4.674739999999999782e+03 5.357750000000000000e+03 2.019670000000000073e+04 2.293279999999999927e+04 2.335209999999999854e+04 1.823020000000000073e+04 9.462159999999999854e+03 8.427260000000000218e+03 1.433100000000000000e+04 4.334189999999999600e+03 9.946520000000000437e+03 9.320650000000000546e+02 6.516609999999999673e+03 6.076750000000000000e+03 5.870739999999999782e+03 6.180140000000000327e+03 2.852639999999999873e+03 7.915260000000000218e+03 6.943560000000000400e+03 4.444880000000000109e+03 1.906329999999999927e+03 0.000000000000000000e+00 0.000000000000000000e+00 0.000000000000000000e+00 0.000000000000000000e+00 0.000000000000000000e+00 0.000000000000000000e+00 0.000000000000000000e+00 0.000000000000000000e+00 0.000000000000000000e+00 0.000000000000000000e+00 0.000000000000000000e+00 0.000000000000000000e+00 0.000000000000000000e+00 0.000000000000000000e+00 0.000000000000000000e+00 0.000000000000000000e+00 0.000000000000000000e+00 0.000000000000000000e+00 0.000000000000000000e+00 0.000000000000000000e+00 0.000000000000000000e+00 0.000000000000000000e+00 0.000000000000000000e+00 0.000000000000000000e+00 0.000000000000000000e+00 0.000000000000000000e+00 0.000000000000000000e+00 0.000000000000000000e+00 0.000000000000000000e+00 0.000000000000000000e+00
1.064880000000000000e+05 2.223780000000000000e+05 1.203629999999999927e+04 -7.033579999999999927e+03 2.931609999999999854e+04 1.668930000000000000e+05 3.801280000000000000e+05 1.145940000000000000e+05 2.602040000000000146e+04 1.157729999999999927e+04 6.807680000000000291e+03 5.503810000000000400e+03 1.389009999999999991e+03 3.307719999999999800e+03 4.472569999999999709e+03 4.056130000000000109e+03 4.224369999999999891e+03 2.616880000000000109e+03 3.607159999999999854e+03 5.911609999999999673e+03 5.633989999999999782e+03 1.651160000000000082e+03 2.351920000000000073e+03 2.415059999999999945e+03 2.312559999999999945e+03 2.898250000000000000e+03 6.277809999999999491e+02 1.572309999999999945e+03 1.278640000000000100e+03 2.067760000000000218e+03 1.578810000000000000e+05 9.600680000000000291e+04 -1.839800000000000000e+05 -9.791510000000000582e+04 -2.901479999999999927e+04 2.487640000000000000e+05 5.575250000000000000e+05 1.170160000000000000e+05 -1.430729999999999927e+04 1.278400000000000091e+03 7.856960000000000036e+03 1.193689999999999964e+04 -1.608860000000000036e+04 -3.582440000000000282e+02 6.071630000000000109e+03 4.803760000000000218e+03 3.682920000000000073e+03 2.387739999999999782e+03 2.597280000000000200e+03 6.904140000000000327e+03 2.481610000000000127e+03 -3.057809999999999945e+03 2.539760000000000218e+03 1.826299999999999955e+03 2.035029999999999973e+03 4.349819999999999709e+03 -4.420280000000000200e+02 7.849489999999999554e+02 7.785860000000000127e+02 1.558180000000000064e+03 0.000000000000000000e+00 0.000000000000000000e+00 0.000000000000000000e+00 0.000000000000000000e+00 0.000000000000000000e+00 0.000000000000000000e+00 0.000000000000000000e+00 0.000000000000000000e+00 0.000000000000000000e+00 0.000000000000000000e+00 0.000000000000000000e+00 0.000000000000000000e+00 0.000000000000000000e+00 0.000000000000000000e+00 0.000000000000000000e+00 0.000000000000000000e+00 0.000000000000000000e+00 0.000000000000000000e+00 0.000000000000000000e+00 0.000000000000000000e+00 0.000000000000000000e+00 0.000000000000000000e+00 0.000000000000000000e+00 0.000000000000000000e+00 0.000000000000000000e+00 0.000000000000000000e+00 0.000000000000000000e+00 0.000000000000000000e+00 0.000000000000000000e+00 0.000000000000000000e+00
-6.069180000000000291e+04 1.263690000000000000e+05 7.276260000000000582e+04 -5.016130000000000109e+03 1.561160000000000036e+04 4.761280000000000291e+04 1.145940000000000000e+05 2.312380000000000000e+05 5.857559999999999854e+04 1.902920000000000073e+04 4.586140000000000327e+03 8.208190000000000509e+03 5.769050000000000182e+03 4.526359999999999673e+03 2.702880000000000109e+03 3.425750000000000000e+03 3.072019999999999982e+03 2.083260000000000218e+03 2.794650000000000091e+03 3.952539999999999964e+03 2.714800000000000182e+03 2.933030000000000200e+03 6.488680000000000518e+02 1.927509999999999991e+03 2.440710000000000036e+03 2.112199999999999818e+03 1.174690000000000055e+03 9.917029999999999745e+02 4.388509999999999991e+02 1.688460000000000036e+03 -1.303250000000000000e+05 1.156210000000000000e+05 -1.477129999999999927e+04 -7.240260000000000582e+04 -1.241320000000000073e+04 6.305080000000000291e+04 1.738930000000000000e+05 3.500720000000000000e+05 6.462209999999999854e+04 2.345929999999999927e+04 2.644659999999999854e+03 1.290110000000000036e+04 2.748630000000000109e+03 5.913390000000000327e+03 1.857680000000000064e+03 8.380149999999999636e+03 3.694409999999999854e+03 -4.632099999999999795e+01 3.740610000000000127e+03 2.028869999999999891e+03 1.922720000000000027e+03 3.886000000000000000e+03 -2.919990000000000236e+02 1.243569999999999936e+03 1.470289999999999964e+03 7.327110000000000127e+02 6.827119999999999891e+02 4.200769999999999982e+02 -8.649640000000000555e+02 -6.522469999999999857e+01 0.000000000000000000e+00 0.000000000000000000e+00 0.000000000000000000e+00 0.000000000000000000e+00 0.000000000000000000e+00 0.000000000000000000e+00 0.000000000000000000e+00 0.000000000000000000e+00 0.000000000000000000e+00 0.000000000000000000e+00 0.000000000000000000e+00 0.000000000000000000e+00 0.000000000000000000e+00 0.000000000000000000e+00 0.000000000000000000e+00 0.000000000000000000e+00 0.000000000000000000e+00 0.000000000000000000e+00 0.000000000000000000e+00 0.000000000000000000e+00 0.000000000000000000e+00 0.000000000000000000e+00 0.000000000000000000e+00 0.000000000000000000e+00 0.000000000000000000e+00 0.000000000000000000e+00 0.000000000000000000e+00 0.000000000000000000e+00 0.000000000000000000e+00 0.000000000000000000e+00
1.969670000000000073e+03 6.177359999999999854e+04 5.303659999999999854e+04 1.411160000000000036e+04 -6.813039999999999964e+03 1.504100000000000000e+04 2.602040000000000146e+04 5.857559999999999854e+04 1.484620000000000000e+05 3.846450000000000000e+04 7.399750000000000000e+03 4.231129999999999995e+02 5.954429999999999836e+02 4.465050000000000182e+03 4.321430000000000291e+03 3.105000000000000000e+03 4.277369999999999891e+03 5.679900000000000091e+02 1.476829999999999927e+03 3.379130000000000109e+03 2.219500000000000000e+03 2.306219999999999800e+03 1.792130000000000109e+03 2.061679999999999836e+03 5.605879999999999654e+02 8.458269999999999982e+02 1.205180000000000064e+03 -4.630289999999999964e+02 2.613929999999999723e+02 2.245960000000000036e+03 1.089629999999999927e+04 1.548350000000000000e+05 4.883069999999999709e+04 6.515229999999999563e+03 -2.117450000000000000e+04 7.625340000000000146e+03 2.558020000000000073e+04 8.726319999999999709e+04 2.151210000000000000e+05 3.238850000000000000e+04 6.955029999999999745e+03 -1.556710000000000036e+03 -3.696050000000000182e+03 4.328000000000000000e+03 6.619260000000000218e+03 3.294619999999999891e+03 5.329409999999999854e+03 -7.392419999999999618e+02 3.654619999999999891e+03 4.878010000000000218e+03 -5.657440000000000282e+02 6.541829999999999927e+02 9.023500000000000227e+02 -1.374250000000000000e+03 -1.807200000000000045e+03 -1.775569999999999879e+02 -2.777019999999999982e+02 -1.397579999999999927e+03 -1.436869999999999891e+03 2.460339999999999918e+02 0.000000000000000000e+00 0.000000000000000000e+00 0.000000000000000000e+00 0.000000000000000000e+00 0.000000000000000000e+00 0.000000000000000000e+00 0.000000000000000000e+00 0.000000000000000000e+00 0.000000000000000000e+00 0.000000000000000000e+00 0.000000000000000000e+00 0.000000000000000000e+00 0.000000000000000000e+00 0.000000000000000000e+00 0.000000000000000000e+00 0.000000000000000000e+00 0.000000000000000000e+00 0.000000000000000000e+00 0.000000000000000000e+00 0.000000000000000000e+00 0.000000000000000000e+00 0.000000000000000000e+00 0.000000000000000000e+00 0.000000000000000000e+00 0.000000000000000000e+00 0.000000000000000000e+00 0.000000000000000000e+00 0.000000000000000000e+00 0.000000000000000000e+00 0.000000000000000000e+00
-2.093709999999999854e+04 8.178189999999999418e+04 7.419850000000000000e+04 1.295710000000000036e+04 1.275589999999999964e+04 1.054289999999999964e+04 1.157729999999999927e+04 1.902920000000000073e+04 3.846450000000000000e+04 9.541430000000000291e+04 2.139070000000000073e+04 5.536789999999999964e+03 4.337409999999999854e+03 4.204909999999999854e+03 4.203869999999999891e+03 2.945519999999999982e+03 2.749719999999999800e+03 6.488830000000000098e+01 1.163900000000000091e+03 2.103949999999999818e+03 1.459559999999999945e+03 1.687480000000000018e+03 2.221599999999999909e+03 8.319930000000000518e+02 1.522380000000000109e+03 9.454769999999999754e+02 9.520049999999999955e+02 -3.025029999999999930e+01 9.205339999999999634e+01 7.448909999999999627e+02 3.068329999999999927e+04 1.762800000000000000e+05 6.128919999999999709e+04 -3.160009999999999854e+04 -7.152520000000000437e+03 -4.144279999999999745e+03 1.809929999999999927e+04 2.102009999999999854e+04 5.139300000000000000e+04 1.334920000000000000e+05 1.105879999999999927e+04 -3.404639999999999873e+03 3.243989999999999782e+03 1.980720000000000027e+03 7.086699999999999818e+03 4.460800000000000182e+03 1.344029999999999973e+03 -4.393880000000000109e+03 -4.030140000000000100e+02 3.334219999999999800e+03 9.040620000000000118e+02 3.877960000000000036e+03 4.732949999999999818e+03 3.166229999999999905e+02 2.269570000000000164e+03 2.614309999999999945e+03 3.216449999999999818e+03 2.535200000000000102e+02 -4.724329999999999927e+02 1.056579999999999927e+03 0.000000000000000000e+00 0.000000000000000000e+00 0.000000000000000000e+00 0.000000000000000000e+00 0.000000000000000000e+00 0.000000000000000000e+00 0.000000000000000000e+00 0.000000000000000000e+00 0.000000000000000000e+00 0.000000000000000000e+00 0.000000000000000000e+00 0.000000000000000000e+00 0.000000000000000000e+00 0.000000000000000000e+00 0.000000000000000000e+00 0.000000000000000000e+00 0.000000000000000000e+00 0.000000000000000000e+00 0.000000000000000000e+00 0.000000000000000000e+00 0.000000000000000000e+00 0.000000000000000000e+00 0.000000000000000000e+00 0.000000000000000000e+00 0.000000000000000000e+00 0.000000000000000000e+00 0.000000000000000000e+00 0.000000000000000000e+00 0.000000000000000000e+00 0.000000000000000000e+00
-1.639769999999999982e+03 4.605869999999999709e+04 6.865480000000000291e+04 2.418629999999999927e+04 8.131039999999999964e+03 3.937469999999999800e+03 6.807680000000000291e+03 4.586140000000000327e+03 7.399750000000000000e+03 2.139070000000000073e+04 6.229540000000000146e+04 1.794879999999999927e+04 4.140250000000000000e+03 3.426760000000000218e+03 2.099559999999999945e+03 3.830340000000000146e+03 3.439360000000000127e+03 1.381660000000000082e+03 1.208859999999999900e+03 1.474490000000000009e+03 9.728630000000000564e+02 1.588769999999999982e+03 1.026160000000000082e+03 -1.507810000000000059e+02 7.940919999999999845e+02 3.468809999999999718e+02 4.670559999999999832e+02 5.371739999999999782e+02 7.376099999999999568e+01 4.949710000000000036e+02 -4.534739999999999782e+03 9.064130000000000291e+04 7.982539999999999418e+04 3.594419999999999709e+04 1.599739999999999964e+04 8.957629999999999200e+03 1.329279999999999927e+04 1.122289999999999964e+04 1.498250000000000000e+04 3.444180000000000291e+04 9.245980000000000291e+04 2.543409999999999854e+04 6.017689999999999600e+03 2.721199999999999818e+03 1.989400000000000091e+03 4.767500000000000000e+03 6.076840000000000146e+03 1.982829999999999927e+03 1.161569999999999936e+03 1.234980000000000018e+03 -9.840099999999999909e+02 1.966250000000000000e+03 3.349960000000000036e+03 -1.844569999999999936e+03 1.337259999999999991e+03 -1.012490000000000009e+03 -1.792150000000000176e+01 7.010109999999999673e+02 -8.601720000000000255e+02 5.138279999999999745e+02 0.000000000000000000e+00 0.000000000000000000e+00 0.000000000000000000e+00 0.000000000000000000e+00 0.000000000000000000e+00 0.000000000000000000e+00 0.000000000000000000e+00 0.000000000000000000e+00 0.000000000000000000e+00 0.000000000000000000e+00 0.000000000000000000e+00 0.000000000000000000e+00 0.000000000000000000e+00 0.000000000000000000e+00 0.000000000000000000e+00 0.000000000000000000e+00 0.000000000000000000e+00 0.000000000000000000e+00 0.000000000000000000e+00 0.000000000000000000e+00 0.000000000000000000e+00 0.000000000000000000e+00 0.000000000000000000e+00 0.000000000000000000e+00 0.000000000000000000e+00 0.000000000000000000e+00 0.000000000000000000e+00 0.000000000000000000e+00 0.000000000000000000e+00 0.000000000000000000e+00
-7.536949999999999818e+03 2.346320000000000073e+04 1.305539999999999964e+04 2.229370000000000073e+04 8.252760000000000218e+03 2.833480000000000018e+03 5.503810000000000400e+03 8.208190000000000509e+03 4.231129999999999995e+02 5.536789999999999964e+03 1.794879999999999927e+04 4.718190000000000146e+04 1.165089999999999964e+04 4.175680000000000291e+03 1.022159999999999968e+03 2.779860000000000127e+03 3.748659999999999854e+03 1.234779999999999973e+03 1.369339999999999918e+03 4.468849999999999909e+02 1.481960000000000036e+03 6.056029999999999518e+02 8.861280000000000427e+02 1.123720000000000027e+03 1.330849999999999909e+03 9.885900000000000318e+02 8.800810000000000173e+02 1.202619999999999891e+03 7.301250000000000000e+02 5.665539999999999736e+02 -2.593079999999999927e+04 -2.601920000000000073e+04 3.703830000000000291e+04 4.729030000000000291e+04 6.001710000000000036e+03 3.853519999999999982e+03 2.174300000000000182e+03 1.803200000000000000e+04 -3.429559999999999945e+03 1.068000000000000000e+04 2.243120000000000073e+04 6.774110000000000582e+04 1.076279999999999927e+04 4.700949999999999818e+03 1.720220000000000027e+03 2.863739999999999782e+03 7.216409999999999854e+03 1.434880000000000109e+03 -7.036100000000000136e+02 2.113389999999999873e+03 2.382130000000000109e+03 7.383899999999999864e+02 2.267610000000000127e+03 -1.857330000000000041e+02 1.264940000000000055e+03 -7.135389999999999873e+02 1.234759999999999991e+03 1.683529999999999973e+03 3.848990000000000009e+02 9.701939999999999600e+02 0.000000000000000000e+00 0.000000000000000000e+00 0.000000000000000000e+00 0.000000000000000000e+00 0.000000000000000000e+00 0.000000000000000000e+00 0.000000000000000000e+00 0.000000000000000000e+00 0.000000000000000000e+00 0.000000000000000000e+00 0.000000000000000000e+00 0.000000000000000000e+00 0.000000000000000000e+00 0.000000000000000000e+00 0.000000000000000000e+00 0.000000000000000000e+00 0.000000000000000000e+00 0.000000000000000000e+00 0.000000000000000000e+00 0.000000000000000000e+00 0.000000000000000000e+00 0.000000000000000000e+00 0.000000000000000000e+00 0.000000000000000000e+00 0.000000000000000000e+00 0.000000000000000000e+00 0.000000000000000000e+00 0.000000000000000000e+00 0.000000000000000000e+00 0.000000000000000000e+00
3.993790000000000146e+04 2.624729999999999927e+04 -6.086760000000000218e+03 1.237479999999999927e+04 4.499329999999999927e+03 2.255719999999999800e+03 1.389009999999999991e+03 5.769050000000000182e+03 5.954429999999999836e+02 4.337409999999999854e+03 4.140250000000000000e+03 1.165089999999999964e+04 3.468550000000000000e+04 8.128789999999999964e+03 2.001849999999999909e+03 1.248250000000000000e+03 2.502019999999999982e+03 6.151119999999999663e+02 1.255519999999999982e+03 8.449320000000000164e+02 7.746799999999999500e+02 1.434029999999999973e+03 9.206219999999999573e+02 4.216070000000000277e+02 1.329029999999999973e+03 1.278420000000000073e+03 4.885319999999999823e+02 4.521809999999999832e+02 5.546820000000000164e+02 2.314000000000000057e+02 5.475669999999999709e+04 3.293180000000000291e+04 1.558670000000000073e+04 3.646580000000000291e+04 9.668020000000000437e+03 -1.391460000000000036e+04 -1.865769999999999982e+03 7.019470000000000255e+03 -1.837460000000000036e+03 2.404989999999999782e+03 1.574660000000000082e+03 1.720279999999999927e+04 5.050309999999999854e+04 5.148420000000000073e+03 -2.294510000000000218e+03 -8.057689999999999486e+01 2.575650000000000091e+03 -1.087750000000000000e+03 -8.032300000000000182e+02 3.799700000000000273e+02 8.188750000000000284e+01 1.860059999999999945e+03 2.946920000000000073e+02 -1.047599999999999909e+03 3.349499999999999886e+02 1.478319999999999936e+02 2.650590000000000259e+02 5.189379999999999882e+00 -7.727889999999999873e+02 7.899699999999999989e+01 0.000000000000000000e+00 0.000000000000000000e+00 0.000000000000000000e+00 0.000000000000000000e+00 0.000000000000000000e+00 0.000000000000000000e+00 0.000000000000000000e+00 0.000000000000000000e+00 0.000000000000000000e+00 0.000000000000000000e+00 0.000000000000000000e+00 0.000000000000000000e+00 0.000000000000000000e+00 0.000000000000000000e+00 0.000000000000000000e+00 0.000000000000000000e+00 0.000000000000000000e+00 0.000000000000000000e+00 0.000000000000000000e+00 0.000000000000000000e+00 0.000000000000000000e+00 0.000000000000000000e+00 0.000000000000000000e+00 0.000000000000000000e+00 0.000000000000000000e+00 0.000000000000000000e+00 0.000000000000000000e+00 0.000000000000000000e+00 0.000000000000000000e+00 0.000000000000000000e+00
8.657530000000000655e+03 1.635020000000000073e+04 2.388950000000000000e+04 2.717789999999999964e+03 6.794380000000000109e+03 1.130100000000000000e+04 3.307719999999999800e+03 4.526359999999999673e+03 4.465050000000000182e+03 4.204909999999999854e+03 3.426760000000000218e+03 4.175680000000000291e+03 8.128789999999999964e+03 2.731440000000000146e+04 7.476760000000000218e+03 1.479950000000000045e+03 1.948539999999999964e+03 1.372759999999999991e+03 1.652980000000000018e+03 1.200470000000000027e+03 1.652799999999999955e+03 1.668809999999999945e+03 1.166420000000000073e+03 2.015790000000000077e+02 7.219990000000000236e+02 6.340000000000000000e+02 4.887239999999999895e+02 3.752379999999999995e+02 -8.013909999999999911e+01 4.233980000000000246e+02 3.433680000000000291e+04 -3.699969999999999709e+04 4.492530000000000291e+04 -8.838239999999999554e+02 -2.445730000000000018e+03 -1.162190000000000055e+03 7.413970000000000255e+03 3.122710000000000036e+03 2.980690000000000055e+03 -9.975289999999999679e+01 1.490670000000000073e+03 4.729890000000000327e+03 1.135070000000000073e+04 3.723390000000000146e+04 8.285190000000000509e+03 1.111569999999999965e+02 3.641750000000000114e+02 1.565500000000000000e+03 2.516530000000000200e+03 2.319519999999999982e+02 2.386289999999999964e+03 1.108210000000000036e+03 6.089149999999999636e+02 -2.774979999999999905e+02 7.113909999999999627e+02 1.106599999999999909e+03 -4.178600000000000136e+02 -2.060780000000000030e+02 -1.550470000000000027e+03 -1.738760000000000048e+02 0.000000000000000000e+00 0.000000000000000000e+00 0.000000000000000000e+00 0.000000000000000000e+00 0.000000000000000000e+00 0.000000000000000000e+00 0.000000000000000000e+00 0.000000000000000000e+00 0.000000000000000000e+00 0.000000000000000000e+00 0.000000000000000000e+00 0.000000000000000000e+00 0.000000000000000000e+00 0.000000000000000000e+00 0.000000000000000000e+00 0.000000000000000000e+00 0.000000000000000000e+00 0.000000000000000000e+00 0.000000000000000000e+00 0.000000000000000000e+00 0.000000000000000000e+00 0.000000000000000000e+00 0.000000000000000000e+00 0.000000000000000000e+00 0.000000000000000000e+00 0.000000000000000000e+00 0.000000000000000000e+00 0.000000000000000000e+00 0.000000000000000000e+00 0.000000000000000000e+00
2.087700000000000000e+04 3.167559999999999854e+04 1.866509999999999854e+04 4.084679999999999836e+03 1.352260000000000036e+04 1.300139999999999964e+04 4.472569999999999709e+03 2.702880000000000109e+03 4.321430000000000291e+03 4.203869999999999891e+03 2.099559999999999945e+03 1.022159999999999968e+03 2.001849999999999909e+03 7.476760000000000218e+03 2.330759999999999854e+04 6.856819999999999709e+03 2.828150000000000091e+03 9.456200000000000045e+02 1.207549999999999955e+03 1.124400000000000091e+03 1.165390000000000100e+03 3.153330000000000268e+02 1.098549999999999955e+03 4.478340000000000032e+02 5.322569999999999482e+02 4.315729999999999791e+02 3.055729999999999791e+02 2.372189999999999941e+02 7.355699999999999683e+00 2.560660000000000025e+01 8.436180000000000291e+03 1.023960000000000036e+04 -3.434250000000000000e+03 -4.631569999999999709e+03 1.936190000000000146e+04 1.270629999999999927e+04 -3.874440000000000055e+03 -1.728970000000000027e+03 5.449260000000000218e+03 -2.992130000000000223e+02 2.751829999999999927e+03 1.765180000000000064e+03 1.486079999999999927e+03 1.163250000000000000e+04 3.325740000000000146e+04 5.680979999999999563e+03 2.499670000000000130e+02 3.658299999999999841e+02 1.221299999999999955e+03 5.512459999999999809e+02 1.135740000000000009e+03 -3.848039999999999736e+02 3.174340000000000259e+02 3.792090000000000032e+02 6.196520000000000437e+02 1.107470000000000027e+03 1.356109999999999900e+02 3.530350000000000250e+02 -8.325320000000000391e+02 -4.405969999999999800e+02 0.000000000000000000e+00 0.000000000000000000e+00 0.000000000000000000e+00 0.000000000000000000e+00 0.000000000000000000e+00 0.000000000000000000e+00 0.000000000000000000e+00 0.000000000000000000e+00 0.000000000000000000e+00 0.000000000000000000e+00 0.000000000000000000e+00 0.000000000000000000e+00 0.000000000000000000e+00 0.000000000000000000e+00 0.000000000000000000e+00 0.000000000000000000e+00 0.000000000000000000e+00 0.000000000000000000e+00 0.000000000000000000e+00 0.000000000000000000e+00 0.000000000000000000e+00 0.000000000000000000e+00 0.000000000000000000e+00 0.000000000000000000e+00 0.000000000000000000e+00 0.000000000000000000e+00 0.000000000000000000e+00 0.000000000000000000e+00 0.000000000000000000e+00 0.000000000000000000e+00
-3.955140000000000146e+04 7.845720000000000255e+03 1.454010000000000036e+04 1.076910000000000036e+04 1.096720000000000073e+04 9.815700000000000728e+03 4.056130000000000109e+03 3.425750000000000000e+03 3.105000000000000000e+03 2.945519999999999982e+03 3.830340000000000146e+03 2.779860000000000127e+03 1.248250000000000000e+03 1.479950000000000045e+03 6.856819999999999709e+03 1.786479999999999927e+04 5.070340000000000146e+03 1.521009999999999991e+03 1.545269999999999982e+03 9.881749999999999545e+02 1.066119999999999891e+03 3.004580000000000268e+02 7.580090000000000146e+02 6.989660000000000082e+02 6.911989999999999554e+02 6.550209999999999582e+02 6.102210000000000036e+02 3.975810000000000173e+02 5.299519999999999698e+01 4.068380000000000223e+02 -1.548579999999999927e+04 3.242829999999999927e+04 1.940979999999999927e+04 9.164030000000000655e+03 1.543979999999999927e+04 1.183410000000000036e+04 3.394659999999999854e+03 2.786639999999999873e+03 5.424039999999999964e+03 3.339539999999999964e+03 5.044069999999999709e+03 1.714089999999999918e+03 -1.660029999999999973e+03 -8.508579999999999472e+02 8.790649999999999636e+03 2.589900000000000000e+04 5.157079999999999927e+03 4.706979999999999791e+02 1.526779999999999973e+03 5.060740000000000123e+02 2.001260000000000048e+02 -8.067240000000000464e+02 4.633460000000000036e+02 5.691799999999999500e+02 1.303700000000000045e+03 2.230819999999999936e+02 8.327329999999999472e+02 9.275059999999999718e+02 -5.950320000000000391e+02 4.830430000000000064e+02 0.000000000000000000e+00 0.000000000000000000e+00 0.000000000000000000e+00 0.000000000000000000e+00 0.000000000000000000e+00 0.000000000000000000e+00 0.000000000000000000e+00 0.000000000000000000e+00 0.000000000000000000e+00 0.000000000000000000e+00 0.000000000000000000e+00 0.000000000000000000e+00 0.000000000000000000e+00 0.000000000000000000e+00 0.000000000000000000e+00 0.000000000000000000e+00 0.000000000000000000e+00 0.000000000000000000e+00 0.000000000000000000e+00 0.000000000000000000e+00 0.000000000000000000e+00 0.000000000000000000e+00 0.000000000000000000e+00 0.000000000000000000e+00 0.000000000000000000e+00 0.000000000000000000e+00 0.000000000000000000e+00 0.000000000000000000e+00 0.000000000000000000e+00 0.000000000000000000e+00
-2.323050000000000000e+04 -5.312550000000000182e+03 1.863159999999999854e+04 1.230929999999999927e+04 1.315810000000000036e+04 8.056649999999999636e+03 4.224369999999999891e+03 3.072019999999999982e+03 4.277369999999999891e+03 2.749719999999999800e+03 3.439360000000000127e+03 3.748659999999999854e+03 2.502019999999999982e+03 1.948539999999999964e+03 2.828150000000000091e+03 5.070340000000000146e+03 1.372389999999999964e+04 4.023489999999999782e+03 1.554730000000000018e+03 1.222650000000000091e+03 8.119740000000000464e+02 7.771660000000000537e+02 9.707480000000000473e+02 9.295249999999999773e+02 6.922989999999999782e+02 4.413919999999999959e+02 4.071209999999999809e+02 4.582590000000000146e+02 5.101770000000000209e+02 1.247219999999999942e+02 2.733550000000000000e+04 1.121860000000000036e+04 1.662490000000000146e+04 6.522060000000000400e+03 2.410450000000000000e+04 1.578829999999999927e+04 2.257880000000000109e+02 4.936960000000000036e+03 7.049420000000000073e+03 3.655719999999999800e+03 5.863840000000000146e+03 3.888170000000000073e+03 2.934030000000000200e+03 -2.640609999999999857e+01 2.867710000000000036e+03 6.831890000000000327e+03 1.878870000000000073e+04 3.018599999999999909e+03 3.402320000000000277e+02 7.889750000000000227e+02 3.477409999999999854e+02 1.128119999999999891e+03 1.097269999999999982e+03 9.781109999999999900e+02 3.759920000000000186e+02 2.818840000000000146e+02 3.520690000000000168e+02 4.574719999999999800e+02 2.838450000000000273e+02 -8.124060000000000059e+01 0.000000000000000000e+00 0.000000000000000000e+00 0.000000000000000000e+00 0.000000000000000000e+00 0.000000000000000000e+00 0.000000000000000000e+00 0.000000000000000000e+00 0.000000000000000000e+00 0.000000000000000000e+00 0.000000000000000000e+00 0.000000000000000000e+00 0.000000000000000000e+00 0.000000000000000000e+00 0.000000000000000000e+00 0.000000000000000000e+00 0.000000000000000000e+00 0.000000000000000000e+00 0.000000000000000000e+00 0.000000000000000000e+00 0.000000000000000000e+00 0.000000000000000000e+00 0.000000000000000000e+00 0.000000000000000000e+00 0.000000000000000000e+00 0.000000000000000000e+00 0.000000000000000000e+00 0.000000000000000000e+00 0.000000000000000000e+00 0.000000000000000000e+00 0.000000000000000000e+00
