1.401580000000000000e+08 1.854960000000000000e+07 -2.861030000000000000e+05 7.132540000000000000e+05 6.731780000000000000e+05 3.373670000000000000e+05 5.035100000000000000e+05 4.180170000000000000e+05 1.533530000000000000e+05 9.246010000000000582e+04 -5.231050000000000000e+04 2.111870000000000000e+05 1.210760000000000000e+05 -4.211380000000000109e+03 -1.850320000000000073e+04 9.192319999999999709e+04 -8.092409999999999854e+03 1.191170000000000000e+05 -3.741250000000000000e+03 8.086989999999999782e+03 -1.497610000000000036e+04 -1.031489999999999964e+04 1.949659999999999854e+04 -1.146070000000000073e+04 7.425030000000000291e+04 4.521640000000000146e+04 3.519430000000000291e+04 1.275750000000000000e+04 1.866779999999999927e+04 2.414209999999999854e+04 -1.498740000000000000e+07 2.607450000000000000e+07 -2.831250000000000000e+06 -1.299600000000000000e+06 -7.382080000000000291e+04 1.652259999999999854e+04 -1.819980000000000000e+05 -2.068879999999999927e+04 7.019840000000000000e+05 5.067200000000000000e+05 4.464300000000000000e+05 -1.985130000000000000e+05 2.053760000000000000e+05 1.312270000000000000e+05 -4.344250000000000000e+04 2.830040000000000000e+05 4.591930000000000291e+04 -1.007150000000000000e+05 3.557690000000000055e+03 -1.136580000000000000e+05 1.194270000000000000e+05 1.335230000000000000e+05 1.674190000000000000e+05 1.047150000000000000e+05 5.660330000000000291e+04 2.663859999999999854e+04 6.656430000000000291e+04 2.724650000000000000e+04 -3.215370000000000073e+04 6.000550000000000000e+04 -1.326280000000000000e+07 8.348620000000000000e+06 3.594000000000000000e+06 -1.936990000000000000e+06 1.290750000000000000e+06 -3.733160000000000000e+05 -1.886700000000000000e+06 2.146330000000000000e+05 -1.773440000000000000e+05 1.032390000000000000e+05 2.709250000000000000e+05 4.971340000000000000e+05 6.602790000000000000e+05 2.086980000000000000e+05 -1.322150000000000000e+05 9.077530000000000291e+04 1.184550000000000000e+05 -2.721490000000000000e+05 -4.962000000000000000e+04 -4.288830000000000291e+04 1.070400000000000000e+05 1.172090000000000000e+05 1.457490000000000000e+05 9.240510000000000582e+04 1.315279999999999927e+04 9.423589999999999418e+04 9.085799999999999272e+03 3.632360000000000127e+03 6.249720000000000255e+03 1.045540000000000000e+05
1.854960000000000000e+07 3.698380000000000000e+07 4.608960000000000000e+06 1.156230000000000000e+06 7.853170000000000000e+05 3.444350000000000000e+05 1.305870000000000000e+05 1.367560000000000000e+05 5.515480000000000291e+04 1.079710000000000000e+05 9.945969999999999709e+04 9.498669999999999709e+04 1.438600000000000000e+05 4.033769999999999709e+04 -3.751080000000000041e+02 2.467140000000000146e+04 2.458540000000000146e+04 4.554750000000000000e+04 1.066050000000000000e+04 4.078430000000000291e+04 4.101200000000000000e+04 1.232420000000000073e+04 1.106450000000000000e+04 2.558970000000000073e+04 3.110590000000000146e+04 2.484929999999999927e+04 1.524740000000000009e+03 1.869770000000000073e+04 -5.590770000000000437e+03 3.198659999999999854e+04 3.845320000000000000e+06 6.682330000000000000e+06 2.746320000000000000e+06 1.118290000000000000e+06 5.724150000000000000e+05 4.262790000000000000e+05 4.689710000000000000e+05 -1.872370000000000000e+05 1.330320000000000000e+05 8.545960000000000582e+04 -2.347840000000000146e+04 -1.100750000000000000e+05 9.646520000000000437e+03 -4.578809999999999854e+04 2.516340000000000146e+04 -4.223990000000000146e+04 -3.016400000000000091e+03 4.075940000000000146e+04 -4.851630000000000109e+03 2.610040000000000146e+04 -4.083050000000000182e+03 6.787160000000000582e+04 4.370950000000000000e+04 2.362929999999999927e+04 7.239760000000000582e+04 2.243679999999999927e+04 2.829009999999999854e+04 8.878590000000000146e+03 -1.938070000000000073e+04 2.460490000000000146e+04 -3.595580000000000000e+06 -6.014070000000000000e+06 -2.799740000000000000e+06 6.308380000000000000e+05 5.526070000000000000e+05 8.606460000000000000e+05 -3.175590000000000000e+05 3.535330000000000000e+05 1.416640000000000000e+05 -1.040210000000000000e+05 8.443519999999999709e+04 8.889350000000000000e+04 -7.989239999999999782e+03 1.070660000000000000e+05 -1.043330000000000000e+05 4.224080000000000291e+04 7.538660000000000582e+04 -1.069930000000000000e+05 6.570980000000000291e+04 4.670900000000000000e+04 -2.169890000000000146e+04 -9.489950000000000728e+03 -1.039830000000000000e+05 2.788879999999999927e+04 2.261409999999999854e+04 2.173979999999999927e+04 -1.843979999999999927e+04 -5.676310000000000400e+03 3.873519999999999982e+03 1.702279999999999927e+04
-2.861030000000000000e+05 4.608960000000000000e+06 1.099180000000000000e+07 1.559720000000000000e+06 1.838840000000000000e+05 3.191200000000000000e+04 -6.475800000000000000e+04 -2.967870000000000073e+04 1.017850000000000000e+05 4.225500000000000000e+04 6.940469999999999709e+04 1.674990000000000146e+04 5.928419999999999709e+04 7.608239999999999418e+04 3.283440000000000146e+04 5.652770000000000437e+03 2.718000000000000000e+04 7.375460000000000036e+03 2.002700000000000000e+04 1.846259999999999854e+04 2.630320000000000073e+04 5.679140000000000327e+03 5.667899999999999636e+03 6.633989999999999782e+03 2.163929999999999927e+04 1.835250000000000000e+04 6.515699999999999818e+03 1.197300000000000000e+04 8.472079999999999927e+03 4.943289999999999964e+03 9.167020000000000000e+05 1.500550000000000000e+06 3.170890000000000000e+06 2.138670000000000000e+06 7.156990000000000000e+05 -1.256170000000000000e+05 1.068760000000000000e+05 -3.770690000000000146e+04 1.654750000000000000e+05 1.603549999999999955e+03 2.511550000000000000e+04 -3.283139999999999873e+03 2.318240000000000146e+04 -1.703370000000000073e+04 3.220459999999999854e+04 -4.149850000000000000e+04 -1.052720000000000027e+03 3.887150000000000000e+04 1.685440000000000146e+04 -1.248550000000000000e+04 -4.031490000000000009e+02 4.301590000000000146e+04 4.143590000000000146e+04 2.967359999999999854e+04 9.503459999999999127e+03 -4.469169999999999732e+02 3.644019999999999709e+04 1.884240000000000146e+04 2.924329999999999927e+04 3.514900000000000091e+02 -6.846840000000000000e+05 -8.566300000000000000e+05 7.020600000000000000e+05 6.632650000000000000e+05 2.029180000000000000e+05 4.141390000000000000e+05 3.147260000000000000e+05 5.662930000000000291e+03 3.616750000000000000e+04 -2.430140000000000146e+04 3.978180000000000291e+04 1.798500000000000000e+04 -1.250810000000000036e+04 3.789419999999999709e+04 6.214419999999999709e+04 -3.512190000000000146e+04 -2.530179999999999927e+04 -7.989810000000000582e+04 2.830879999999999927e+04 3.271699999999999818e+03 9.481840000000000146e+03 -8.119550000000000182e+03 -2.634209999999999854e+04 5.688250000000000000e+03 8.664899999999999636e+03 1.486389999999999964e+04 2.194820000000000164e+03 3.839530000000000291e+04 -9.503670000000000073e+03 -1.555820000000000073e+04
7.132540000000000000e+05 1.156230000000000000e+06 1.559720000000000000e+06 4.032520000000000000e+06 8.387410000000000000e+05 1.918980000000000000e+05 1.436030000000000000e+05 5.715719999999999709e+04 8.189430000000000291e+04 3.598490000000000146e+04 3.027000000000000000e+04 3.000970000000000073e+04 4.896169999999999709e+04 4.779480000000000291e+04 1.429639999999999964e+04 1.028270000000000073e+04 1.102779999999999927e+04 5.528359999999999673e+03 1.384070000000000073e+04 5.563069999999999709e+03 1.223889999999999964e+04 3.290659999999999854e+03 7.124109999999999673e+03 1.823100000000000000e+04 1.989029999999999927e+04 8.748489999999999782e+03 5.801800000000000182e+03 8.411629999999999200e+03 6.626840000000000146e+03 7.254060000000000400e+03 1.856080000000000000e+06 1.286270000000000000e+06 1.196820000000000000e+06 1.775060000000000000e+06 7.787990000000000000e+05 1.439560000000000000e+05 4.184000000000000000e+04 -4.102180000000000291e+04 1.361290000000000000e+05 7.274660000000000582e+04 3.511709999999999854e+04 -2.595050000000000000e+04 1.562520000000000073e+04 -5.381979999999999791e+02 3.531250000000000000e+03 2.567409999999999854e+04 1.754640000000000146e+04 4.600009999999999854e+04 1.110789999999999964e+04 1.768409999999999854e+04 1.171739999999999964e+04 2.135120000000000073e+04 1.570260000000000036e+04 2.686700000000000000e+04 1.035539999999999964e+04 1.317979999999999927e+04 2.154750000000000000e+03 2.484109999999999854e+04 -1.513680000000000064e+03 1.420839999999999964e+04 -9.480890000000000000e+05 1.711790000000000000e+06 -2.933450000000000000e+04 4.516169999999999709e+04 -1.330370000000000000e+05 2.108060000000000000e+05 1.935020000000000000e+05 1.266110000000000000e+05 1.133770000000000000e+05 1.607100000000000000e+04 8.928380000000000291e+04 1.130729999999999927e+04 1.067660000000000036e+04 8.973010000000000582e+04 3.944010000000000218e+03 -1.163000000000000000e+03 4.359830000000000291e+04 9.972930000000000291e+03 1.085210000000000036e+04 -3.700869999999999891e+03 3.622540000000000146e+04 1.055779999999999973e+03 8.461360000000000582e+03 2.744120000000000073e+04 2.858300000000000000e+04 6.044189999999999600e+03 1.831879999999999927e+04 1.000500000000000000e+04 -4.367989999999999782e+03 -3.620269999999999982e+03
6.731780000000000000e+05 7.853170000000000000e+05 1.838840000000000000e+05 8.387410000000000000e+05 1.838370000000000000e+06 3.493570000000000000e+05 8.385460000000000582e+04 4.480980000000000291e+04 5.342480000000000291e+04 2.901279999999999927e+04 2.735450000000000000e+04 3.772700000000000000e+04 3.383490000000000146e+04 2.086250000000000000e+04 7.129699999999999818e+03 1.782170000000000073e+04 1.250810000000000036e+04 1.219920000000000073e+04 9.923590000000000146e+03 4.919840000000000146e+03 7.771619999999999891e+03 1.459439999999999964e+04 7.943739999999999782e+03 7.762130000000000109e+03 1.049020000000000073e+04 5.701720000000000255e+03 4.713079999999999927e+03 3.177590000000000146e+03 5.726739999999999782e+03 1.243599999999999909e+03 1.967510000000000000e+05 3.017860000000000000e+05 -3.153959999999999854e+04 6.351120000000000000e+05 7.234270000000000000e+05 3.136740000000000000e+05 2.058150000000000000e+05 3.042320000000000073e+04 5.667319999999999709e+04 1.622529999999999927e+04 5.596450000000000000e+04 6.031180000000000291e+04 3.810180000000000291e+04 9.182139999999999418e+03 3.649040000000000146e+04 3.212520000000000073e+04 4.090230000000000291e+04 4.204540000000000146e+04 2.389989999999999782e+03 1.115760000000000036e+04 1.211289999999999964e+04 1.591979999999999927e+04 7.983199999999999818e+03 1.674180000000000064e+03 2.211229999999999927e+04 1.525039999999999964e+04 6.685579999999999927e+03 -6.584339999999999691e+02 -6.189199999999999818e+03 3.188119999999999891e+03 -5.341130000000000000e+05 3.569400000000000000e+05 1.691440000000000146e+04 2.920180000000000000e+05 -3.190650000000000000e+04 -8.150850000000000000e+04 -5.113269999999999709e+04 -4.183150000000000000e+04 7.545450000000000000e+04 7.527769999999999709e+04 1.954129999999999927e+04 1.321079999999999927e+04 4.914000000000000000e+03 9.533649999999999636e+03 -1.031789999999999964e+04 -1.684920000000000073e+04 -9.728770000000000437e+03 2.120020000000000073e+04 -1.982359999999999854e+04 3.499759999999999991e+02 2.838599999999999909e+03 4.933300000000000182e+03 4.989220000000000255e+03 1.127439999999999964e+04 1.724000000000000000e+04 9.926489999999999782e+03 9.356059999999999491e+03 3.804549999999999841e+02 -3.987940000000000055e+03 4.811510000000000105e+02
3.373670000000000000e+05 3.444350000000000000e+05 3.191200000000000000e+04 1.918980000000000000e+05 3.493570000000000000e+05 8.897260000000000000e+05 1.631670000000000000e+05 6.327219999999999709e+04 3.916040000000000146e+04 1.773679999999999927e+04 3.106470000000000073e+04 2.240829999999999927e+04 1.470279999999999927e+04 9.022270000000000437e+03 1.429470000000000073e+04 1.807929999999999927e+04 1.218410000000000036e+04 1.201620000000000073e+04 5.763039999999999964e+03 2.521900000000000091e+03 4.066909999999999854e+03 6.971350000000000364e+03 8.185989999999999782e+03 7.297050000000000182e+03 3.514460000000000036e+03 6.213579999999999927e+03 1.656250000000000000e+03 1.011539999999999964e+03 6.468500000000000000e+03 9.761589999999999918e+02 8.036970000000000000e+05 6.916960000000000000e+05 -6.791439999999999418e+04 2.349260000000000000e+05 3.789520000000000000e+05 3.600430000000000000e+05 2.320320000000000000e+05 1.364850000000000000e+04 2.320309999999999854e+04 -4.264300000000000182e+03 5.142630000000000291e+04 5.681310000000000400e+03 3.301040000000000146e+04 2.003690000000000146e+04 1.619570000000000073e+04 8.373530000000000655e+03 1.746170000000000073e+04 7.555779999999999745e+03 1.852380000000000109e+03 9.005049999999999955e+02 3.262030000000000200e+03 6.517779999999999745e+03 4.957600000000000364e+03 1.105710000000000036e+04 1.530500000000000000e+04 1.321489999999999964e+04 6.848970000000000255e+03 -3.615179999999999836e+03 -4.760000000000000000e+03 3.630329999999999927e+03 1.918450000000000000e+05 5.403590000000000000e+05 2.322210000000000000e+05 2.731630000000000000e+05 -6.407690000000000146e+04 9.964799999999999272e+03 2.164359999999999854e+04 1.881900000000000091e+03 7.964460000000000036e+03 3.241359999999999854e+04 4.128020000000000437e+03 -3.044979999999999927e+04 1.733840000000000146e+04 2.183179999999999927e+04 -7.293289999999999964e+03 2.945389999999999873e+03 1.388589999999999918e+03 4.004739999999999782e+03 7.563199999999999818e+03 -3.540539999999999964e+03 -4.011389999999999873e+03 -9.561989999999999782e+03 -1.300200000000000000e+04 3.575679999999999836e+03 1.593020000000000073e+04 1.693629999999999927e+04 1.011350000000000000e+04 3.893409999999999854e+03 -3.599800000000000182e+03 2.586429999999999836e+03
5.035100000000000000e+05 1.305870000000000000e+05 -6.475800000000000000e+04 1.436030000000000000e+05 8.385460000000000582e+04 1.631670000000000000e+05 5.136410000000000000e+05 1.093860000000000000e+05 3.481180000000000291e+04 1.415000000000000000e+04 7.745149999999999636e+03 1.129160000000000036e+04 1.170189999999999964e+04 1.221079999999999927e+04 4.061300000000000182e+03 1.029020000000000073e+04 8.625170000000000073e+03 7.887779999999999745e+03 6.046319999999999709e+03 2.900989999999999782e+03 3.000000000000000000e+03 5.851390000000000327e+03 6.305920000000000073e+03 5.335020000000000437e+03 3.507719999999999800e+03 4.416539999999999964e+03 2.072539999999999964e+03 3.766369999999999891e+03 2.821199999999999818e+03 8.003239999999999554e+02 1.065340000000000000e+06 5.160250000000000000e+05 -1.722350000000000000e+05 7.007410000000000582e+04 -4.892790000000000146e+04 1.317580000000000000e+05 2.476000000000000000e+05 1.036130000000000000e+05 4.110600000000000000e+04 1.334940000000000055e+03 2.399770000000000073e+04 1.219070000000000073e+04 6.189449999999999818e+03 1.251010000000000036e+04 1.140210000000000036e+04 8.947940000000000509e+03 1.314579999999999927e+04 1.290770000000000073e+04 1.485860000000000036e+04 1.048329999999999927e+04 6.549430000000000291e+03 7.900489999999999782e+03 4.439130000000000109e+03 1.000910000000000036e+04 5.160550000000000182e+03 6.005279999999999745e+03 3.593469999999999800e+03 9.298970000000000482e+02 2.050369999999999891e+03 4.084800000000000182e+03 -1.070840000000000000e+05 -1.695379999999999927e+04 8.420350000000000000e+04 -3.665659999999999854e+04 -1.309540000000000000e+05 2.085929999999999927e+04 4.374659999999999854e+04 2.911040000000000146e+04 -8.286879999999999200e+03 -7.576159999999999854e+03 4.872180000000000291e+03 -3.007039999999999964e+03 9.876000000000000000e+03 2.544579999999999927e+04 1.750870000000000073e+04 4.233300000000000182e+03 -2.980769999999999982e+03 -2.202110000000000127e+03 2.359099999999999909e+03 4.480889999999999986e+02 -4.310419999999999732e+02 7.511069999999999709e+03 -1.914390000000000146e+04 -4.126659999999999854e+03 1.475109999999999900e+03 2.466170000000000073e+03 -5.337100000000000364e+03 -3.148940000000000055e+03 2.664969999999999800e+03 3.677539999999999964e+03
4.180170000000000000e+05 1.367560000000000000e+05 -2.967870000000000073e+04 5.715719999999999709e+04 4.480980000000000291e+04 6.327219999999999709e+04 1.093860000000000000e+05 3.482400000000000000e+05 8.515650000000000000e+04 2.893050000000000000e+04 1.382620000000000073e+04 1.508279999999999927e+04 1.026700000000000000e+04 7.329770000000000437e+03 4.900970000000000255e+03 5.689539999999999964e+03 5.883899999999999636e+03 9.407950000000000728e+03 9.028870000000000800e+03 5.849899999999999636e+03 4.836060000000000400e+03 4.992930000000000291e+03 4.209899999999999636e+03 3.872260000000000218e+03 4.420890000000000327e+03 2.416079999999999927e+03 2.866909999999999854e+03 2.981170000000000073e+03 2.428789999999999964e+03 6.719909999999999854e+02 4.048620000000000000e+05 4.130959999999999854e+04 7.760439999999999418e+04 -5.770420000000000073e+03 4.646719999999999709e+04 1.113730000000000000e+05 1.097800000000000000e+05 1.676600000000000000e+05 7.446180000000000291e+04 9.539700000000000728e+03 2.166220000000000073e+04 1.631889999999999964e+04 1.325360000000000036e+04 3.187659999999999854e+04 1.802359999999999854e+04 1.398779999999999927e+04 4.492550000000000182e+03 5.463880000000000109e+03 6.520329999999999927e+03 5.737909999999999854e+03 1.607180000000000064e+03 4.643960000000000036e+03 6.176079999999999927e+03 6.241859999999999673e+03 5.949939999999999600e+03 7.877979999999999563e+03 4.412430000000000291e+03 3.840579999999999927e+03 1.302359999999999900e+03 -6.802039999999999509e+02 -7.928619999999999709e+04 2.834230000000000000e+05 3.977819999999999709e+04 9.849560000000000582e+04 -2.547040000000000146e+04 -1.022889999999999964e+04 -9.055430000000000291e+03 6.516980000000000291e+04 7.339579999999999927e+03 -1.543350000000000000e+04 4.097769999999999868e+02 4.137260000000000218e+03 5.698359999999999673e+03 2.798520000000000073e+04 7.487880000000000109e+02 6.400239999999999782e+03 8.658600000000000364e+03 5.922159999999999854e+03 3.076139999999999759e+02 9.395350000000000364e+03 6.421560000000000400e+03 3.778800000000000182e+03 -9.232409999999999854e+03 2.561679999999999836e+03 4.451859999999999673e+03 7.444810000000000400e+03 -5.263670000000000073e+03 3.274750000000000000e+03 1.331720000000000027e+03 7.085760000000000218e+03
1.533530000000000000e+05 5.515480000000000291e+04 1.017850000000000000e+05 8.189430000000000291e+04 5.342480000000000291e+04 3.916040000000000146e+04 3.481180000000000291e+04 8.515650000000000000e+04 1.897920000000000000e+05 4.932500000000000000e+04 1.963490000000000146e+04 1.605229999999999927e+04 1.508129999999999927e+04 1.086760000000000036e+04 8.363520000000000437e+03 5.239369999999999891e+03 5.198180000000000291e+03 6.860359999999999673e+03 4.261560000000000400e+03 2.990949999999999818e+03 4.913939999999999600e+03 3.719000000000000000e+03 4.281390000000000327e+03 2.332809999999999945e+03 2.147119999999999891e+03 4.094690000000000055e+03 4.122569999999999709e+03 3.600719999999999800e+03 3.300829999999999927e+03 1.969450000000000045e+03 -5.020720000000000255e+03 -1.036000000000000000e+05 -7.255180000000000291e+04 5.735130000000000291e+04 -4.983310000000000173e+02 4.578250000000000000e+04 4.451780000000000291e+04 5.486659999999999854e+04 7.891900000000000000e+04 4.191740000000000146e+04 1.573839999999999964e+04 2.418890000000000146e+04 1.196260000000000036e+04 9.659000000000000000e+03 1.252889999999999964e+04 1.035370000000000073e+04 7.825470000000000255e+03 -3.537789999999999964e+02 -2.380089999999999861e+02 -1.047190000000000055e+03 1.336740000000000066e+02 6.106399999999999828e+00 1.740910000000000082e+03 4.236460000000000036e+03 -1.303909999999999911e+02 1.441170000000000073e+03 3.034599999999999909e+03 1.539220000000000027e+03 2.008039999999999964e+03 -2.014869999999999891e+03 -6.363919999999999709e+04 2.893580000000000000e+05 1.983360000000000000e+05 1.763190000000000000e+05 -1.134519999999999982e+03 1.060750000000000000e+03 -2.936940000000000055e+03 5.880669999999999709e+04 2.488509999999999854e+04 -3.046940000000000146e+04 -2.769210000000000036e+03 9.051599999999999682e+02 -6.119090000000000146e+03 1.737909999999999854e+04 9.257549999999999955e+02 -5.092479999999999563e+03 -8.661119999999999663e+02 2.645760000000000218e+03 -1.954029999999999973e+03 1.111130000000000109e+03 -2.244690000000000055e+03 -8.053139999999999645e+02 -4.579869999999999891e+03 2.093440000000000055e+03 3.090349999999999909e+03 -9.315209999999999582e+02 -1.943900000000000091e+03 4.641720000000000255e+03 4.316480000000000246e+02 3.702829999999999927e+03
9.246010000000000582e+04 1.079710000000000000e+05 4.225500000000000000e+04 3.598490000000000146e+04 2.901279999999999927e+04 1.773679999999999927e+04 1.415000000000000000e+04 2.893050000000000000e+04 4.932500000000000000e+04 1.268240000000000000e+05 2.503129999999999927e+04 8.808860000000000582e+03 8.714409999999999854e+03 6.015779999999999745e+03 6.171020000000000437e+03 7.212000000000000000e+03 6.530350000000000364e+03 2.701639999999999873e+03 3.914210000000000036e+03 1.873460000000000036e+03 4.601739999999999782e+03 4.189220000000000255e+03 4.816920000000000073e+03 3.727840000000000146e+03 2.563949999999999818e+03 3.091079999999999927e+03 3.484539999999999964e+03 2.512340000000000146e+03 1.743130000000000109e+03 2.343250000000000000e+03 -1.915240000000000000e+05 6.539100000000000000e+04 -2.415679999999999927e+04 -4.698609999999999854e+04 5.759569999999999936e+02 5.310119999999999709e+04 4.444519999999999709e+04 1.418129999999999927e+04 3.485980000000000291e+04 5.464530000000000291e+04 4.257210000000000036e+03 9.568420000000000073e+03 8.709120000000000800e+03 9.571520000000000437e+03 1.831859999999999900e+03 1.273220000000000073e+04 6.232839999999999918e+02 4.585020000000000095e+02 6.886609999999999673e+03 8.545239999999999782e+03 5.168670000000000073e+03 3.682219999999999800e+03 2.066000000000000000e+03 3.996199999999999818e+03 9.332300000000000182e+02 6.575869999999999891e+02 2.697900000000000091e+03 -7.812340000000000373e+01 2.243579999999999927e+03 5.016050000000000182e+02 -2.134510000000000000e+05 1.704550000000000000e+05 7.959730000000000291e+04 9.794080000000000291e+04 5.526890000000000327e+03 -1.241000000000000000e+03 8.604559999999999491e+03 5.367640000000000146e+04 6.671010000000000218e+03 1.052050000000000000e+04 -7.364319999999999709e+03 7.166729999999999563e+03 7.005159999999999854e+03 1.709070000000000073e+04 -2.232610000000000127e+03 1.246319999999999936e+03 -3.079269999999999982e+03 8.452319999999999709e+02 -3.103039999999999964e+03 -1.513339999999999918e+03 -1.379750000000000000e+03 -8.160099999999999909e+02 -1.939910000000000082e+03 -4.632559999999999718e+02 2.411849999999999909e+03 5.946000000000000227e+02 3.574830000000000041e+02 3.327449999999999818e+03 3.591239999999999782e+03 1.840059999999999945e+03
-5.231050000000000000e+04 9.945969999999999709e+04 6.940469999999999709e+04 3.027000000000000000e+04 2.735450000000000000e+04 3.106470000000000073e+04 7.745149999999999636e+03 1.382620000000000073e+04 1.963490000000000146e+04 2.503129999999999927e+04 9.006910000000000582e+04 2.338959999999999854e+04 8.663719999999999345e+03 8.520370000000000800e+03 5.350479999999999563e+03 3.750239999999999782e+03 3.035050000000000182e+03 1.811369999999999891e+03 2.289360000000000127e+03 3.173210000000000036e+03 4.013150000000000091e+03 2.445820000000000164e+03 2.630889999999999873e+03 2.554119999999999891e+03 1.933400000000000091e+03 2.707849999999999909e+03 1.297490000000000009e+03 2.103599999999999909e+03 2.197559999999999945e+03 1.702549999999999955e+03 -2.342129999999999927e+04 5.435059999999999854e+04 4.062950000000000000e+04 5.080509999999999854e+04 8.159150000000000000e+04 5.321459999999999854e+04 4.712450000000000000e+04 2.129000000000000000e+04 1.307200000000000000e+04 1.951659999999999854e+04 1.966290000000000146e+04 2.150520000000000073e+04 7.467130000000000109e+03 9.997549999999999272e+03 7.478630000000000109e+03 8.366850000000000364e+03 5.139460000000000036e+03 6.717189999999999600e+03 5.742840000000000146e+03 4.082619999999999891e+03 1.828109999999999900e+03 1.414019999999999982e+03 -5.101589999999999918e+02 1.265480000000000018e+03 2.492559999999999945e+03 1.788809999999999945e+03 1.020049999999999955e+03 7.859579999999999700e+02 3.725500000000000114e+02 -1.462809999999999945e+03 5.561919999999999709e+04 2.624979999999999927e+04 -1.092060000000000000e+05 5.524240000000000146e+04 2.044630000000000109e+03 -3.809519999999999982e+03 3.538069999999999709e+04 1.424210000000000036e+04 1.172679999999999927e+04 5.504669999999999845e+02 -8.059020000000000437e+02 -2.560860000000000127e+03 2.383040000000000092e+01 1.562829999999999927e+03 -1.840920000000000073e+03 -5.300279999999999745e+03 -2.135360000000000127e+03 -1.723039999999999964e+03 -2.604659999999999854e+03 1.541069999999999936e+03 2.168429999999999836e+03 4.289229999999999563e+03 -7.253509999999999991e+01 -5.833050000000000182e+03 2.281119999999999891e+03 1.968269999999999982e+03 1.611019999999999982e+03 3.183099999999999909e+03 -1.130839999999999918e+03 -1.879089999999999918e+03
2.111870000000000000e+05 9.498669999999999709e+04 1.674990000000000146e+04 3.000970000000000073e+04 3.772700000000000000e+04 2.240829999999999927e+04 1.129160000000000036e+04 1.508279999999999927e+04 1.605229999999999927e+04 8.808860000000000582e+03 2.338959999999999854e+04 6.678080000000000291e+04 1.786270000000000073e+04 5.970229999999999563e+03 4.617829999999999927e+03 4.166869999999999891e+03 4.244140000000000327e+03 4.809500000000000000e+03 4.467050000000000182e+03 4.290460000000000036e+03 2.240699999999999818e+03 1.528359999999999900e+03 2.475820000000000164e+03 2.621530000000000200e+03 1.570980000000000018e+03 1.725730000000000018e+03 8.552740000000000009e+02 1.001149999999999977e+03 1.412769999999999982e+03 9.402490000000000236e+02 -2.955380000000000000e+05 -4.770479999999999563e+03 -7.006069999999999709e+04 -3.316850000000000000e+04 1.540170000000000073e+04 1.776229999999999927e+04 7.313279999999999745e+02 5.919590000000000146e+03 2.031479999999999927e+04 1.102070000000000073e+04 1.251020000000000073e+04 2.292500000000000000e+04 1.409410000000000036e+04 7.472180000000000291e+03 4.567229999999999563e+03 4.076030000000000200e+03 2.717380000000000109e+03 5.769159999999999854e+03 2.773920000000000073e+03 1.664299999999999955e+03 5.515520000000000067e+01 1.158269999999999982e+03 7.764320000000000164e+02 7.326390000000000668e+01 2.559190000000000055e+03 4.315790000000000077e+02 8.517590000000000146e+02 2.715269999999999982e+03 1.059579999999999927e+03 1.419059999999999945e+03 1.274000000000000000e+04 1.076630000000000000e+05 5.011330000000000291e+04 4.801519999999999709e+04 -7.332060000000000400e+03 6.405489999999999782e+02 6.534960000000000036e+03 1.145420000000000073e+04 2.798530000000000200e+03 1.581560000000000036e+04 1.147049999999999955e+03 4.956960000000000036e+03 -1.980329999999999927e+03 -8.017649999999999864e+02 2.461030000000000200e+03 2.493380000000000109e+03 -1.118930000000000064e+03 3.269280000000000200e+03 -2.281590000000000146e+03 1.570960000000000036e+03 -1.635459999999999923e+02 5.786109999999999900e+02 -1.195990000000000038e+02 -1.194960000000000036e+03 -1.929410000000000082e+03 1.496099999999999909e+03 1.129440000000000055e+03 -9.641670000000000300e+02 2.954050000000000182e+03 9.608210000000000264e+02
1.210760000000000000e+05 1.438600000000000000e+05 5.928419999999999709e+04 4.896169999999999709e+04 3.383490000000000146e+04 1.470279999999999927e+04 1.170189999999999964e+04 1.026700000000000000e+04 1.508129999999999927e+04 8.714409999999999854e+03 8.663719999999999345e+03 1.786270000000000073e+04 5.256209999999999854e+04 1.271450000000000000e+04 3.980789999999999964e+03 2.588250000000000000e+03 2.189210000000000036e+03 4.812949999999999818e+03 3.642809999999999945e+03 3.315110000000000127e+03 2.913139999999999873e+03 2.312940000000000055e+03 4.064219999999999800e+03 2.644070000000000164e+03 2.424760000000000218e+03 1.986059999999999945e+03 1.460900000000000091e+03 1.905849999999999909e+03 1.158809999999999945e+03 1.337890000000000100e+03 4.930690000000000146e+04 -7.364050000000000182e+03 3.622309999999999854e+04 4.637059999999999854e+04 -2.474179999999999836e+03 6.168229999999999563e+03 8.791000000000000000e+03 5.351100000000000364e+03 1.456889999999999964e+04 8.428260000000000218e+03 6.044670000000000073e+03 9.077520000000000437e+03 1.401629999999999927e+04 7.568789999999999964e+03 3.137349999999999909e+03 4.038260000000000218e+03 2.872329999999999927e+03 1.654240000000000009e+03 3.247639999999999873e+03 2.699360000000000127e+03 -2.259799999999999898e+02 1.646339999999999918e+03 2.766360000000000127e+03 1.521049999999999955e+03 1.200319999999999936e+03 2.877889999999999873e+02 2.209610000000000127e+03 2.964059999999999945e+03 -3.486399999999999721e+01 2.047880000000000109e+03 8.203900000000000000e+04 1.330850000000000000e+05 1.949950000000000000e+04 1.780020000000000073e+04 -1.956340000000000146e+04 -1.697790000000000146e+04 6.739399999999999636e+03 2.455259999999999854e+04 -4.633690000000000282e+02 1.190589999999999918e+03 -2.866889999999999873e+03 -2.181059999999999945e+03 2.637789999999999964e+03 -2.599540000000000006e+01 -1.685180000000000064e+03 -3.114599999999999909e+03 -5.731689999999999827e+02 1.948920000000000073e+03 -4.246920000000000073e+03 -5.287699999999999818e+02 -1.364480000000000018e+03 -6.605860000000000127e+02 -2.583789999999999964e+03 -5.141960000000000264e+02 -5.055310000000000059e+02 1.379769999999999982e+03 3.385000000000000000e+03 1.713309999999999889e+02 2.591800000000000068e+02 -3.739090000000000202e+01
-4.211380000000000109e+03 4.033769999999999709e+04 7.608239999999999418e+04 4.779480000000000291e+04 2.086250000000000000e+04 9.022270000000000437e+03 1.221079999999999927e+04 7.329770000000000437e+03 1.086760000000000036e+04 6.015779999999999745e+03 8.520370000000000800e+03 5.970229999999999563e+03 1.271450000000000000e+04 4.206580000000000291e+04 1.034929999999999927e+04 4.123470000000000255e+03 4.698220000000000255e+03 3.301920000000000073e+03 3.504949999999999818e+03 2.516360000000000127e+03 2.568699999999999818e+03 2.202010000000000218e+03 2.197820000000000164e+03 2.379460000000000036e+03 1.808680000000000064e+03 1.474420000000000073e+03 1.325849999999999909e+03 2.095250000000000000e+03 1.270589999999999918e+03 1.580299999999999955e+03 -1.489550000000000000e+05 -1.703950000000000000e+04 9.629660000000000582e+04 5.025140000000000146e+04 -1.629420000000000073e+04 3.159759999999999991e+02 4.466359999999999673e+03 6.266829999999999927e+03 2.816119999999999891e+03 6.443470000000000255e+03 6.299250000000000000e+03 -3.958709999999999809e+02 1.204230000000000018e+03 5.090310000000000400e+03 9.521579999999999927e+03 6.140420000000000073e+03 3.075539999999999964e+03 4.557169999999999845e+02 6.352229999999999563e+02 6.268490000000000464e+02 2.109350000000000058e+00 2.429840000000000146e+03 5.782989999999999782e+02 3.244030000000000200e+02 1.115650000000000091e+03 1.350210000000000036e+03 1.430150000000000091e+03 6.641770000000000209e+02 -6.047050000000000125e+01 1.016340000000000032e+03 3.176300000000000000e+04 5.175419999999999709e+04 -1.538600000000000000e+04 1.111850000000000000e+04 -1.235049999999999955e+03 1.149620000000000073e+04 1.105360000000000036e+04 4.071920000000000073e+03 3.431239999999999782e+03 2.778449999999999818e+03 -1.429449999999999932e+02 7.475420000000000073e+03 4.841970000000000255e+03 5.765409999999999854e+03 2.937280000000000200e+03 -1.958549999999999955e+03 -1.406980000000000018e+03 5.531589999999999918e+02 -1.620029999999999973e+03 3.347050000000000182e+03 -1.348279999999999973e+03 1.231279999999999973e+03 1.239509999999999991e+03 1.302630000000000109e+03 2.061219999999999800e+03 9.059499999999999886e+01 2.821669999999999732e+02 2.076780000000000200e+03 5.978429999999999609e+02 1.508109999999999900e+03
-1.850320000000000073e+04 -3.751080000000000041e+02 3.283440000000000146e+04 1.429639999999999964e+04 7.129699999999999818e+03 1.429470000000000073e+04 4.061300000000000182e+03 4.900970000000000255e+03 8.363520000000000437e+03 6.171020000000000437e+03 5.350479999999999563e+03 4.617829999999999927e+03 3.980789999999999964e+03 1.034929999999999927e+04 3.006100000000000000e+04 8.410190000000000509e+03 5.125399999999999636e+03 3.854619999999999891e+03 2.849650000000000091e+03 2.338849999999999909e+03 2.952789999999999964e+03 2.608510000000000218e+03 1.776569999999999936e+03 1.443859999999999900e+03 1.321119999999999891e+03 1.810880000000000109e+03 1.924500000000000000e+03 1.551220000000000027e+03 1.564920000000000073e+03 1.201960000000000036e+03 8.275289999999999418e+04 9.628330000000000291e+04 1.895240000000000146e+04 1.144339999999999964e+04 -2.441159999999999854e+04 -3.698360000000000127e+03 1.185039999999999964e+04 1.527300000000000000e+04 8.433440000000000509e+03 1.347820000000000073e+04 9.354739999999999782e+03 5.178239999999999782e+03 2.812679999999999836e+03 6.936409999999999854e+03 7.833329999999999927e+03 2.938179999999999836e+03 2.528710000000000036e+03 -3.801750000000000114e+02 2.207989999999999782e+03 -5.923809999999999718e+02 2.790579999999999927e+02 2.520730000000000018e+03 7.756520000000000437e+02 6.911559999999999491e+02 7.350480000000000018e+02 2.691449999999999818e+02 7.922499999999999432e+01 1.670009999999999991e+03 -4.146709999999999923e+02 5.004660000000000082e+02 2.108759999999999854e+04 -9.281919999999999709e+04 1.262689999999999964e+04 4.820990000000000146e+04 -1.094089999999999964e+04 -5.927869999999999891e+03 1.698270000000000073e+04 5.150949999999999818e+03 1.394950000000000000e+04 4.873420000000000073e+03 3.678139999999999873e+03 3.789039999999999964e+03 -6.421329999999999927e+03 -4.076949999999999818e+03 1.448109999999999900e+03 -3.245760000000000218e+03 -3.633809999999999945e+03 -7.596420000000000528e+02 -1.909960000000000036e+03 1.157559999999999945e+03 -3.418309999999999945e+03 -2.167440000000000055e+03 2.256750000000000000e+03 5.061269999999999669e+01 -1.067630000000000109e+03 9.545460000000000491e+02 2.551899999999999977e+02 7.447380000000000564e+02 1.559240000000000066e+02 -2.480970000000000084e+02
9.192319999999999709e+04 2.467140000000000146e+04 5.652770000000000437e+03 1.028270000000000073e+04 1.782170000000000073e+04 1.807929999999999927e+04 1.029020000000000073e+04 5.689539999999999964e+03 5.239369999999999891e+03 7.212000000000000000e+03 3.750239999999999782e+03 4.166869999999999891e+03 2.588250000000000000e+03 4.123470000000000255e+03 8.410190000000000509e+03 2.418040000000000146e+04 6.131609999999999673e+03 2.316070000000000164e+03 2.876780000000000200e+03 1.740589999999999918e+03 2.438920000000000073e+03 1.829650000000000091e+03 2.178989999999999782e+03 2.222929999999999836e+03 1.658420000000000073e+03 1.155990000000000009e+03 7.859859999999999900e+02 9.209819999999999709e+02 1.028730000000000018e+03 1.064880000000000109e+03 1.082310000000000000e+05 9.862300000000000000e+04 -9.489350000000000364e+03 -8.056310000000000400e+03 -2.335420000000000073e+04 1.212900000000000000e+04 1.943440000000000146e+04 1.345550000000000000e+04 -6.898189999999999600e+02 1.142679999999999927e+04 2.849119999999999891e+03 5.977729999999999563e+03 3.516940000000000055e+03 2.684130000000000109e+03 3.292360000000000127e+03 8.157859999999999673e+03 4.619319999999999709e+03 2.693659999999999854e+03 3.187690000000000055e+03 3.209429999999999836e+03 2.980130000000000109e+03 2.093940000000000055e+03 2.248679999999999836e+03 2.487500000000000000e+03 8.249619999999999891e+02 2.361630000000000109e+03 1.471900000000000091e+03 1.097680000000000064e+03 5.113659999999999854e+02 1.030000000000000000e+03 8.018750000000000000e+03 -2.882809999999999854e+04 6.265180000000000291e+04 3.915409999999999854e+04 -8.393399999999999636e+03 -5.337270000000000437e+03 4.204710000000000036e+03 6.654890000000000327e+03 6.195750000000000000e+03 -1.029200000000000017e+02 -7.544090000000000146e+03 -2.761909999999999854e+03 -2.526500000000000000e+03 4.239529999999999745e+03 -1.858490000000000009e+03 3.711169999999999902e+01 3.827670000000000073e+03 -4.243029999999999973e+02 -1.022330000000000041e+03 8.860220000000000482e+02 8.586799999999999500e+01 -4.851970000000000027e+02 4.931779999999999973e+02 1.080299999999999955e+03 1.619259999999999991e+03 6.650599999999999454e+02 4.863469999999999800e+02 1.420279999999999973e+03 7.574890000000000327e+02 1.576250000000000000e+03
-8.092409999999999854e+03 2.458540000000000146e+04 2.718000000000000000e+04 1.102779999999999927e+04 1.250810000000000036e+04 1.218410000000000036e+04 8.625170000000000073e+03 5.883899999999999636e+03 5.198180000000000291e+03 6.530350000000000364e+03 3.035050000000000182e+03 4.244140000000000327e+03 2.189210000000000036e+03 4.698220000000000255e+03 5.125399999999999636e+03 6.131609999999999673e+03 1.881909999999999854e+04 5.423050000000000182e+03 2.896760000000000218e+03 2.438739999999999782e+03 2.531829999999999927e+03 1.791000000000000000e+03 1.453369999999999891e+03 1.569430000000000064e+03 1.776750000000000000e+03 9.341119999999999663e+02 1.037839999999999918e+03 1.189119999999999891e+03 6.988609999999999900e+02 1.058009999999999991e+03 5.498600000000000364e+03 8.420239999999999418e+04 2.640970000000000073e+04 2.532860000000000014e+02 -3.411849999999999909e+03 9.527190000000000509e+03 3.157940000000000055e+03 6.303840000000000146e+03 4.674250000000000000e+03 7.281220000000000255e+03 2.162989999999999782e+03 2.341440000000000055e+03 -1.968299999999999955e+03 3.141590000000000146e+03 3.687650000000000091e+03 3.604389999999999873e+03 2.077599999999999909e+03 2.621610000000000127e+03 3.582230000000000132e+02 2.797880000000000109e+02 1.356950000000000045e+03 5.005819999999999936e+02 7.473490000000000464e+02 9.841140000000000327e+02 4.104250000000000114e+02 9.350990000000000464e+02 2.920360000000000014e+02 -5.785249999999999915e+01 -5.161770000000000209e+02 -1.616370000000000005e+02 -6.263180000000000291e+04 -2.743040000000000146e+04 1.921590000000000146e+04 -1.064329999999999927e+04 -8.563190000000000509e+03 1.418539999999999964e+04 1.617360000000000036e+04 5.226520000000000437e+03 1.429760000000000036e+04 -2.247929999999999836e+03 -3.703000000000000000e+03 -4.746729999999999563e+03 -3.620400000000000091e+03 -5.415380000000000109e+02 4.004639999999999986e+02 -1.154359999999999900e+03 1.510289999999999964e+03 7.644189999999999827e+02 -9.423079999999999927e+02 -2.413139999999999930e+02 -1.447839999999999918e+02 2.204110000000000127e+03 4.781879999999999882e+02 6.980349999999999682e+02 3.830400000000000205e+02 1.201069999999999936e+03 2.134059999999999945e+03 6.244009999999999536e+02 1.440819999999999936e+02 1.706109999999999900e+03
