1.762410000000000000e+08 3.937490000000000000e+07 -5.584020000000000000e+05 1.157630000000000000e+06 1.071750000000000000e+06 9.072410000000000000e+05 9.092710000000000000e+05 5.387460000000000000e+05 4.824020000000000000e+05 3.247760000000000000e+05 2.044890000000000000e+05 6.903210000000000036e+03 2.098410000000000000e+05 7.967329999999999927e+03 2.624359999999999854e+04 2.501700000000000000e+05 8.622420000000000073e+03 1.166940000000000000e+05 3.063889999999999873e+03 -6.481200000000000000e+04 2.663770000000000073e+04 4.331690000000000146e+04 5.762619999999999709e+04 5.463930000000000291e+04 8.916530000000000291e+04 7.442769999999999709e+04 9.859610000000000582e+04 2.035250000000000000e+04 -2.516420000000000073e+04 4.197690000000000146e+04 9.683380000000000000e+07 5.976600000000000000e+07 2.430850000000000000e+06 -1.783570000000000000e+06 1.618260000000000000e+06 4.032080000000000000e+05 -1.252770000000000000e+06 1.511390000000000000e+05 7.167600000000000000e+05 1.006690000000000000e+06 9.942630000000000000e+05 1.006390000000000000e+05 6.210520000000000000e+05 3.722890000000000000e+05 -1.127120000000000000e+05 3.189110000000000000e+05 1.519010000000000000e+05 -2.229300000000000000e+05 -1.792770000000000073e+04 -1.015510000000000000e+05 2.382710000000000000e+05 1.567080000000000000e+05 1.244770000000000000e+05 1.450110000000000000e+05 7.700760000000000582e+04 2.029380000000000000e+05 1.091890000000000000e+05 1.395589999999999964e+04 -1.053210000000000000e+05 9.098889999999999418e+04 0.000000000000000000e+00 0.000000000000000000e+00 0.000000000000000000e+00 0.000000000000000000e+00 0.000000000000000000e+00 0.000000000000000000e+00 0.000000000000000000e+00 0.000000000000000000e+00 0.000000000000000000e+00 0.000000000000000000e+00 0.000000000000000000e+00 0.000000000000000000e+00 0.000000000000000000e+00 0.000000000000000000e+00 0.000000000000000000e+00 0.000000000000000000e+00 0.000000000000000000e+00 0.000000000000000000e+00 0.000000000000000000e+00 0.000000000000000000e+00 0.000000000000000000e+00 0.000000000000000000e+00 0.000000000000000000e+00 0.000000000000000000e+00 0.000000000000000000e+00 0.000000000000000000e+00 0.000000000000000000e+00 0.000000000000000000e+00 0.000000000000000000e+00 0.000000000000000000e+00
3.937490000000000000e+07 6.550920000000000000e+07 1.006110000000000000e+07 2.470430000000000000e+06 1.353350000000000000e+06 7.755310000000000000e+05 6.644650000000000000e+05 9.416219999999999709e+04 1.058130000000000000e+05 2.305680000000000000e+05 1.491900000000000000e+05 4.096159999999999854e+04 1.338120000000000000e+05 2.083220000000000073e+04 4.165159999999999854e+04 8.986780000000000291e+04 8.471580000000000291e+04 1.199140000000000000e+05 4.287890000000000146e+04 7.323719999999999709e+04 4.123819999999999709e+04 5.088590000000000146e+04 5.886059999999999854e+04 9.000280000000000291e+04 9.843230000000000291e+04 7.264960000000000582e+04 3.496730000000000291e+04 3.707219999999999709e+04 -2.049770000000000073e+04 4.783730000000000291e+04 2.052540000000000000e+07 6.602390000000000000e+07 1.484260000000000000e+07 2.172270000000000000e+06 1.122230000000000000e+06 1.019400000000000000e+06 2.174930000000000000e+05 7.418760000000000582e+04 1.188840000000000000e+05 1.977240000000000000e+05 1.217189999999999964e+04 -1.435220000000000000e+05 -5.539319999999999709e+03 1.204100000000000000e+05 -1.802920000000000000e+05 3.250720000000000073e+04 7.428280000000000291e+04 1.082120000000000073e+04 4.090680000000000291e+04 9.541280000000000291e+04 2.004379999999999927e+04 9.692439999999999418e+04 -5.593730000000000291e+04 1.168140000000000000e+05 1.426500000000000000e+05 4.912350000000000000e+04 7.871819999999999709e+03 3.225179999999999927e+04 -6.397459999999999854e+04 3.520359999999999854e+04 0.000000000000000000e+00 0.000000000000000000e+00 0.000000000000000000e+00 0.000000000000000000e+00 0.000000000000000000e+00 0.000000000000000000e+00 0.000000000000000000e+00 0.000000000000000000e+00 0.000000000000000000e+00 0.000000000000000000e+00 0.000000000000000000e+00 0.000000000000000000e+00 0.000000000000000000e+00 0.000000000000000000e+00 0.000000000000000000e+00 0.000000000000000000e+00 0.000000000000000000e+00 0.000000000000000000e+00 0.000000000000000000e+00 0.000000000000000000e+00 0.000000000000000000e+00 0.000000000000000000e+00 0.000000000000000000e+00 0.000000000000000000e+00 0.000000000000000000e+00 0.000000000000000000e+00 0.000000000000000000e+00 0.000000000000000000e+00 0.000000000000000000e+00 0.000000000000000000e+00
-5.584020000000000000e+05 1.006110000000000000e+07 2.227890000000000000e+07 4.384150000000000000e+06 7.095440000000000000e+05 -5.815859999999999854e+04 -7.808700000000000000e+04 -2.027729999999999927e+04 1.224930000000000000e+05 5.368940000000000146e+04 1.247560000000000000e+05 5.682540000000000191e+02 1.067200000000000000e+05 1.022870000000000000e+05 6.570830000000000291e+04 -1.759520000000000073e+04 6.622000000000000000e+04 4.301119999999999709e+04 4.792980000000000291e+04 3.057300000000000000e+04 3.183359999999999854e+04 3.982109999999999854e+04 4.715950000000000000e+04 4.533380000000000291e+04 4.883900000000000000e+04 2.075829999999999927e+04 2.537170000000000073e+04 2.594159999999999854e+04 2.691370000000000073e+04 1.383379999999999927e+04 2.265840000000000000e+06 1.181700000000000000e+07 2.851290000000000000e+07 7.622860000000000000e+06 1.832870000000000000e+06 5.320110000000000000e+05 5.217980000000000000e+05 6.617789999999999418e+04 2.762760000000000000e+05 1.169240000000000000e+05 1.436550000000000000e+05 5.272119999999999709e+04 6.132440000000000146e+04 -2.535090000000000146e+04 6.385459999999999854e+04 -1.142920000000000000e+05 6.049890000000000146e+04 5.105300000000000000e+04 1.142180000000000000e+05 2.310970000000000073e+04 1.895000000000000000e+04 3.482800000000000000e+04 6.699469999999999709e+04 7.437889999999999418e+04 6.207509999999999854e+04 1.839070000000000073e+04 3.139790000000000146e+04 6.326309999999999854e+04 4.851650000000000000e+04 2.324340000000000146e+04 0.000000000000000000e+00 0.000000000000000000e+00 0.000000000000000000e+00 0.000000000000000000e+00 0.000000000000000000e+00 0.000000000000000000e+00 0.000000000000000000e+00 0.000000000000000000e+00 0.000000000000000000e+00 0.000000000000000000e+00 0.000000000000000000e+00 0.000000000000000000e+00 0.000000000000000000e+00 0.000000000000000000e+00 0.000000000000000000e+00 0.000000000000000000e+00 0.000000000000000000e+00 0.000000000000000000e+00 0.000000000000000000e+00 0.000000000000000000e+00 0.000000000000000000e+00 0.000000000000000000e+00 0.000000000000000000e+00 0.000000000000000000e+00 0.000000000000000000e+00 0.000000000000000000e+00 0.000000000000000000e+00 0.000000000000000000e+00 0.000000000000000000e+00 0.000000000000000000e+00
1.157630000000000000e+06 2.470430000000000000e+06 4.384150000000000000e+06 8.914490000000000000e+06 2.086890000000000000e+06 3.820920000000000000e+05 2.045610000000000000e+05 3.169229999999999927e+04 1.756810000000000000e+05 7.175810000000000582e+04 9.994689999999999418e+04 2.138600000000000000e+04 8.336710000000000582e+04 7.405089999999999418e+04 1.677840000000000146e+04 2.339729999999999927e+04 3.513080000000000291e+04 3.718709999999999854e+04 2.356070000000000073e+04 1.456820000000000073e+04 2.668040000000000146e+04 1.143250000000000000e+04 2.458690000000000146e+04 4.151409999999999854e+04 3.514919999999999709e+04 1.933779999999999927e+04 1.274150000000000000e+04 2.554859999999999854e+04 7.176479999999999563e+03 1.569579999999999927e+04 1.422960000000000000e+06 3.534040000000000000e+06 5.330620000000000000e+06 1.203330000000000000e+07 3.096000000000000000e+06 5.211170000000000000e+05 1.617490000000000000e+05 5.242819999999999709e+04 3.331860000000000000e+05 1.626770000000000000e+05 2.190680000000000000e+05 7.554150000000000000e+04 5.763119999999999709e+04 5.397650000000000000e+04 1.335929999999999927e+04 3.931109999999999854e+04 1.068590000000000000e+05 5.339030000000000291e+04 9.632969999999999345e+03 2.298640000000000146e+04 6.738789999999999418e+04 6.436880000000000291e+04 6.170869999999999709e+04 6.795819999999999709e+04 4.401509999999999854e+04 4.208190000000000146e+04 5.275450000000000000e+04 6.337819999999999709e+04 5.451819999999999709e+03 2.850329999999999927e+04 0.000000000000000000e+00 0.000000000000000000e+00 0.000000000000000000e+00 0.000000000000000000e+00 0.000000000000000000e+00 0.000000000000000000e+00 0.000000000000000000e+00 0.000000000000000000e+00 0.000000000000000000e+00 0.000000000000000000e+00 0.000000000000000000e+00 0.000000000000000000e+00 0.000000000000000000e+00 0.000000000000000000e+00 0.000000000000000000e+00 0.000000000000000000e+00 0.000000000000000000e+00 0.000000000000000000e+00 0.000000000000000000e+00 0.000000000000000000e+00 0.000000000000000000e+00 0.000000000000000000e+00 0.000000000000000000e+00 0.000000000000000000e+00 0.000000000000000000e+00 0.000000000000000000e+00 0.000000000000000000e+00 0.000000000000000000e+00 0.000000000000000000e+00 0.000000000000000000e+00
1.071750000000000000e+06 1.353350000000000000e+06 7.095440000000000000e+05 2.086890000000000000e+06 4.051960000000000000e+06 9.363070000000000000e+05 1.548220000000000000e+05 8.371589999999999418e+04 9.810310000000000582e+04 4.680790000000000146e+04 1.030620000000000000e+05 9.519089999999999418e+04 6.466109999999999854e+04 2.711400000000000000e+04 1.924540000000000146e+04 3.859400000000000000e+04 3.855909999999999854e+04 3.626800000000000000e+04 9.715030000000000655e+03 1.733529999999999927e+04 1.161389999999999964e+04 2.467850000000000000e+04 1.572370000000000073e+04 1.479060000000000036e+04 2.352759999999999854e+04 1.496279999999999927e+04 1.328279999999999927e+04 4.604369999999999891e+03 6.502550000000000182e+03 5.923250000000000000e+03 4.813530000000000000e+05 2.000300000000000000e+06 6.208030000000000000e+05 2.950100000000000000e+06 5.499170000000000000e+06 1.307330000000000000e+06 2.755630000000000000e+05 5.186080000000000291e+04 1.705730000000000000e+05 1.063960000000000000e+05 1.226100000000000000e+05 1.951080000000000000e+05 8.776669999999999709e+04 1.367470000000000073e+04 4.980180000000000291e+04 5.696240000000000146e+04 7.503119999999999709e+04 9.362300000000000000e+04 -7.352340000000000146e+03 3.003859999999999854e+04 1.758129999999999927e+04 4.659940000000000146e+04 2.387890000000000146e+04 2.022870000000000073e+04 4.925480000000000291e+04 4.951859999999999854e+04 3.085690000000000146e+04 7.569109999999999673e+03 -1.294010000000000036e+04 7.901989999999999782e+03 0.000000000000000000e+00 0.000000000000000000e+00 0.000000000000000000e+00 0.000000000000000000e+00 0.000000000000000000e+00 0.000000000000000000e+00 0.000000000000000000e+00 0.000000000000000000e+00 0.000000000000000000e+00 0.000000000000000000e+00 0.000000000000000000e+00 0.000000000000000000e+00 0.000000000000000000e+00 0.000000000000000000e+00 0.000000000000000000e+00 0.000000000000000000e+00 0.000000000000000000e+00 0.000000000000000000e+00 0.000000000000000000e+00 0.000000000000000000e+00 0.000000000000000000e+00 0.000000000000000000e+00 0.000000000000000000e+00 0.000000000000000000e+00 0.000000000000000000e+00 0.000000000000000000e+00 0.000000000000000000e+00 0.000000000000000000e+00 0.000000000000000000e+00 0.000000000000000000e+00
9.072410000000000000e+05 7.755310000000000000e+05 -5.815859999999999854e+04 3.820920000000000000e+05 9.363070000000000000e+05 1.931890000000000000e+06 4.945730000000000000e+05 1.444880000000000000e+05 9.596169999999999709e+04 5.583600000000000000e+04 8.713439999999999418e+04 5.369640000000000146e+04 4.387600000000000000e+04 2.663409999999999854e+04 2.788250000000000000e+04 3.298940000000000146e+04 2.839670000000000073e+04 1.678800000000000000e+04 1.592950000000000000e+04 5.545850000000000364e+03 1.298439999999999964e+04 1.779379999999999927e+04 1.418979999999999927e+04 1.892890000000000146e+04 1.146079999999999927e+04 1.597879999999999927e+04 5.360359999999999673e+03 2.117300000000000182e+03 6.079560000000000400e+03 8.186399999999999636e+03 1.652050000000000000e+06 1.616310000000000000e+06 7.428000000000000000e+04 6.004480000000000000e+05 1.170210000000000000e+06 2.559770000000000000e+06 9.369120000000000000e+05 1.874520000000000000e+05 9.838689999999999418e+04 6.119500000000000000e+04 8.527850000000000000e+04 7.156269999999999709e+04 9.847319999999999709e+04 7.530800000000000000e+04 4.137169999999999709e+04 2.485700000000000000e+04 3.448759999999999854e+04 3.732669999999999709e+04 2.463820000000000073e+04 1.566439999999999964e+04 1.197339999999999964e+04 1.578100000000000000e+04 -6.067540000000000191e+02 2.352259999999999854e+04 3.506350000000000000e+04 4.542459999999999854e+04 1.988529999999999927e+04 1.112220000000000073e+04 -4.013969999999999800e+03 1.684100000000000000e+04 0.000000000000000000e+00 0.000000000000000000e+00 0.000000000000000000e+00 0.000000000000000000e+00 0.000000000000000000e+00 0.000000000000000000e+00 0.000000000000000000e+00 0.000000000000000000e+00 0.000000000000000000e+00 0.000000000000000000e+00 0.000000000000000000e+00 0.000000000000000000e+00 0.000000000000000000e+00 0.000000000000000000e+00 0.000000000000000000e+00 0.000000000000000000e+00 0.000000000000000000e+00 0.000000000000000000e+00 0.000000000000000000e+00 0.000000000000000000e+00 0.000000000000000000e+00 0.000000000000000000e+00 0.000000000000000000e+00 0.000000000000000000e+00 0.000000000000000000e+00 0.000000000000000000e+00 0.000000000000000000e+00 0.000000000000000000e+00 0.000000000000000000e+00 0.000000000000000000e+00
9.092710000000000000e+05 6.644650000000000000e+05 -7.808700000000000000e+04 2.045610000000000000e+05 1.548220000000000000e+05 4.945730000000000000e+05 1.191740000000000000e+06 2.841200000000000000e+05 9.886650000000000000e+04 4.225300000000000000e+04 4.723150000000000000e+04 2.802370000000000073e+04 3.023479999999999927e+04 2.761320000000000073e+04 1.683890000000000146e+04 2.974170000000000073e+04 2.276459999999999854e+04 2.395729999999999927e+04 2.301850000000000000e+04 1.416820000000000073e+04 1.457889999999999964e+04 1.631800000000000000e+04 1.259279999999999927e+04 1.279770000000000073e+04 9.483770000000000437e+03 9.763760000000000218e+03 5.096659999999999854e+03 8.420049999999999272e+03 2.829880000000000109e+03 3.362679999999999836e+03 1.086190000000000000e+06 8.109610000000000000e+05 2.025950000000000000e+05 1.210640000000000000e+05 -1.599070000000000000e+05 6.607420000000000000e+05 1.653790000000000000e+06 4.246800000000000000e+05 1.096230000000000000e+05 1.598710000000000036e+04 4.920680000000000291e+04 5.874300000000000000e+04 5.931519999999999709e+04 5.572800000000000000e+04 3.932140000000000146e+04 2.809929999999999927e+04 2.703359999999999854e+04 3.995780000000000291e+04 3.928169999999999709e+04 2.891370000000000073e+04 1.919300000000000000e+04 2.422979999999999927e+04 -9.925479999999999563e+03 1.703700000000000000e+04 1.304779999999999927e+04 1.364550000000000000e+04 1.256870000000000073e+04 6.816109999999999673e+03 4.371750000000000000e+03 1.106920000000000073e+04 0.000000000000000000e+00 0.000000000000000000e+00 0.000000000000000000e+00 0.000000000000000000e+00 0.000000000000000000e+00 0.000000000000000000e+00 0.000000000000000000e+00 0.000000000000000000e+00 0.000000000000000000e+00 0.000000000000000000e+00 0.000000000000000000e+00 0.000000000000000000e+00 0.000000000000000000e+00 0.000000000000000000e+00 0.000000000000000000e+00 0.000000000000000000e+00 0.000000000000000000e+00 0.000000000000000000e+00 0.000000000000000000e+00 0.000000000000000000e+00 0.000000000000000000e+00 0.000000000000000000e+00 0.000000000000000000e+00 0.000000000000000000e+00 0.000000000000000000e+00 0.000000000000000000e+00 0.000000000000000000e+00 0.000000000000000000e+00 0.000000000000000000e+00 0.000000000000000000e+00
5.387460000000000000e+05 9.416219999999999709e+04 -2.027729999999999927e+04 3.169229999999999927e+04 8.371589999999999418e+04 1.444880000000000000e+05 2.841200000000000000e+05 7.617250000000000000e+05 2.056650000000000000e+05 5.427990000000000146e+04 4.227830000000000291e+04 3.378909999999999854e+04 2.509140000000000146e+04 3.449490000000000146e+04 2.759450000000000000e+04 2.262329999999999927e+04 1.583420000000000073e+04 2.042859999999999854e+04 2.008059999999999854e+04 1.477510000000000036e+04 1.215250000000000000e+04 1.278120000000000073e+04 1.029689999999999964e+04 8.586950000000000728e+03 1.294350000000000000e+04 9.273200000000000728e+03 8.472729999999999563e+03 8.823750000000000000e+03 5.370800000000000182e+03 1.724029999999999973e+03 3.678160000000000000e+05 3.481340000000000000e+05 1.412770000000000073e+04 -1.699620000000000073e+04 -6.140490000000000146e+04 1.515590000000000000e+05 3.328220000000000000e+05 9.920030000000000000e+05 2.705990000000000000e+05 3.464540000000000146e+04 6.366490000000000146e+04 5.922019999999999709e+04 4.554440000000000146e+04 1.011180000000000000e+05 4.802069999999999709e+04 3.854630000000000291e+04 2.893370000000000073e+04 3.127890000000000146e+04 1.981929999999999927e+04 2.121909999999999854e+04 1.245329999999999927e+04 1.268660000000000036e+04 9.663120000000000687e+01 1.534600000000000000e+04 1.936340000000000146e+04 2.299120000000000073e+04 5.687600000000000364e+03 1.208320000000000073e+04 6.470340000000000146e+03 7.124199999999999818e+03 0.000000000000000000e+00 0.000000000000000000e+00 0.000000000000000000e+00 0.000000000000000000e+00 0.000000000000000000e+00 0.000000000000000000e+00 0.000000000000000000e+00 0.000000000000000000e+00 0.000000000000000000e+00 0.000000000000000000e+00 0.000000000000000000e+00 0.000000000000000000e+00 0.000000000000000000e+00 0.000000000000000000e+00 0.000000000000000000e+00 0.000000000000000000e+00 0.000000000000000000e+00 0.000000000000000000e+00 0.000000000000000000e+00 0.000000000000000000e+00 0.000000000000000000e+00 0.000000000000000000e+00 0.000000000000000000e+00 0.000000000000000000e+00 0.000000000000000000e+00 0.000000000000000000e+00 0.000000000000000000e+00 0.000000000000000000e+00 0.000000000000000000e+00 0.000000000000000000e+00
4.824020000000000000e+05 1.058130000000000000e+05 1.224930000000000000e+05 1.756810000000000000e+05 9.810310000000000582e+04 9.596169999999999709e+04 9.886650000000000000e+04 2.056650000000000000e+05 4.264800000000000000e+05 1.229440000000000000e+05 4.353490000000000146e+04 4.189940000000000146e+04 3.238990000000000146e+04 2.445090000000000146e+04 2.333500000000000000e+04 1.375360000000000036e+04 1.574770000000000073e+04 1.537360000000000036e+04 1.302320000000000073e+04 6.723539999999999964e+03 1.071950000000000000e+04 7.912649999999999636e+03 7.314739999999999782e+03 7.311439999999999600e+03 4.699819999999999709e+03 5.732140000000000327e+03 8.130850000000000364e+03 6.700779999999999745e+03 5.562050000000000182e+03 2.889900000000000091e+03 9.288280000000000291e+04 2.227710000000000000e+05 2.291579999999999927e+04 3.176800000000000000e+05 1.066600000000000000e+05 8.060910000000000582e+04 1.290950000000000000e+05 3.196060000000000000e+05 5.994600000000000000e+05 1.410050000000000000e+05 4.449030000000000291e+04 4.716409999999999854e+04 2.671209999999999854e+04 4.502659999999999854e+04 3.116150000000000000e+04 1.358150000000000000e+04 2.775240000000000146e+04 1.728090000000000146e+04 8.834100000000000364e+03 8.837239999999999782e+03 4.684699999999999818e+03 5.771340000000000146e+03 -4.724780000000000086e+02 1.110300000000000000e+04 5.915609999999999673e+03 3.882360000000000127e+03 6.561180000000000291e+03 8.723840000000000146e+03 3.151900000000000091e+03 1.948170000000000073e+03 0.000000000000000000e+00 0.000000000000000000e+00 0.000000000000000000e+00 0.000000000000000000e+00 0.000000000000000000e+00 0.000000000000000000e+00 0.000000000000000000e+00 0.000000000000000000e+00 0.000000000000000000e+00 0.000000000000000000e+00 0.000000000000000000e+00 0.000000000000000000e+00 0.000000000000000000e+00 0.000000000000000000e+00 0.000000000000000000e+00 0.000000000000000000e+00 0.000000000000000000e+00 0.000000000000000000e+00 0.000000000000000000e+00 0.000000000000000000e+00 0.000000000000000000e+00 0.000000000000000000e+00 0.000000000000000000e+00 0.000000000000000000e+00 0.000000000000000000e+00 0.000000000000000000e+00 0.000000000000000000e+00 0.000000000000000000e+00 0.000000000000000000e+00 0.000000000000000000e+00
3.247760000000000000e+05 2.305680000000000000e+05 5.368940000000000146e+04 7.175810000000000582e+04 4.680790000000000146e+04 5.583600000000000000e+04 4.225300000000000000e+04 5.427990000000000146e+04 1.229440000000000000e+05 2.880280000000000000e+05 6.245190000000000146e+04 2.160329999999999927e+04 1.827720000000000073e+04 1.914609999999999854e+04 1.578129999999999927e+04 2.119459999999999854e+04 1.210329999999999927e+04 8.049920000000000073e+03 1.225579999999999927e+04 7.708939999999999600e+03 9.024930000000000291e+03 8.816459999999999127e+03 1.026170000000000073e+04 1.175839999999999964e+04 5.222680000000000291e+03 5.114810000000000400e+03 6.776260000000000218e+03 4.351710000000000036e+03 3.705340000000000146e+03 3.327650000000000091e+03 -9.111010000000000582e+04 2.980490000000000000e+05 2.206920000000000073e+03 9.099239999999999418e+04 4.014209999999999854e+04 7.280589999999999418e+04 7.237810000000000582e+04 1.198170000000000000e+05 1.578790000000000000e+05 3.944140000000000000e+05 7.891039999999999418e+04 3.153270000000000073e+04 2.452800000000000000e+04 5.255290000000000146e+04 8.087449999999999818e+03 2.297009999999999854e+04 1.583529999999999973e+03 5.645810000000000400e+03 7.283819999999999709e+03 7.923810000000000400e+03 4.134000000000000000e+03 7.073579999999999927e+03 6.892840000000000146e+03 1.225650000000000000e+04 4.462029999999999745e+03 4.611810000000000400e+03 8.553600000000000364e+03 5.063789999999999964e+03 4.900760000000000218e+03 2.283170000000000073e+03 0.000000000000000000e+00 0.000000000000000000e+00 0.000000000000000000e+00 0.000000000000000000e+00 0.000000000000000000e+00 0.000000000000000000e+00 0.000000000000000000e+00 0.000000000000000000e+00 0.000000000000000000e+00 0.000000000000000000e+00 0.000000000000000000e+00 0.000000000000000000e+00 0.000000000000000000e+00 0.000000000000000000e+00 0.000000000000000000e+00 0.000000000000000000e+00 0.000000000000000000e+00 0.000000000000000000e+00 0.000000000000000000e+00 0.000000000000000000e+00 0.000000000000000000e+00 0.000000000000000000e+00 0.000000000000000000e+00 0.000000000000000000e+00 0.000000000000000000e+00 0.000000000000000000e+00 0.000000000000000000e+00 0.000000000000000000e+00 0.000000000000000000e+00 0.000000000000000000e+00
2.044890000000000000e+05 1.491900000000000000e+05 1.247560000000000000e+05 9.994689999999999418e+04 1.030620000000000000e+05 8.713439999999999418e+04 4.723150000000000000e+04 4.227830000000000291e+04 4.353490000000000146e+04 6.245190000000000146e+04 1.842810000000000000e+05 5.559369999999999709e+04 2.299879999999999927e+04 2.106090000000000146e+04 1.676620000000000073e+04 1.164879999999999927e+04 7.573920000000000073e+03 6.705409999999999854e+03 7.106380000000000109e+03 8.530719999999999345e+03 7.647550000000000182e+03 6.803069999999999709e+03 4.973229999999999563e+03 5.322539999999999964e+03 3.338409999999999854e+03 5.367970000000000255e+03 3.648880000000000109e+03 3.786539999999999964e+03 2.774300000000000182e+03 1.814410000000000082e+03 3.173080000000000000e+05 1.436740000000000000e+05 -3.399900000000000000e+04 1.897240000000000000e+05 1.219920000000000000e+05 8.484980000000000291e+04 1.114650000000000000e+05 7.590939999999999418e+04 5.625630000000000291e+04 1.078160000000000000e+05 2.259060000000000000e+05 7.889580000000000291e+04 3.295619999999999709e+04 3.365340000000000146e+04 2.262720000000000073e+04 1.102779999999999927e+04 7.795529999999999745e+03 1.556389999999999964e+04 1.195160000000000036e+04 1.432629999999999927e+04 7.472930000000000291e+03 1.029060000000000036e+04 5.812909999999999854e+03 4.992069999999999709e+03 7.310890000000000327e+03 9.270879999999999200e+03 9.007909999999999854e+03 3.335250000000000000e+03 2.618790000000000191e+02 6.553509999999999991e+02 0.000000000000000000e+00 0.000000000000000000e+00 0.000000000000000000e+00 0.000000000000000000e+00 0.000000000000000000e+00 0.000000000000000000e+00 0.000000000000000000e+00 0.000000000000000000e+00 0.000000000000000000e+00 0.000000000000000000e+00 0.000000000000000000e+00 0.000000000000000000e+00 0.000000000000000000e+00 0.000000000000000000e+00 0.000000000000000000e+00 0.000000000000000000e+00 0.000000000000000000e+00 0.000000000000000000e+00 0.000000000000000000e+00 0.000000000000000000e+00 0.000000000000000000e+00 0.000000000000000000e+00 0.000000000000000000e+00 0.000000000000000000e+00 0.000000000000000000e+00 0.000000000000000000e+00 0.000000000000000000e+00 0.000000000000000000e+00 0.000000000000000000e+00 0.000000000000000000e+00
6.903210000000000036e+03 4.096159999999999854e+04 5.682540000000000191e+02 2.138600000000000000e+04 9.519089999999999418e+04 5.369640000000000146e+04 2.802370000000000073e+04 3.378909999999999854e+04 4.189940000000000146e+04 2.160329999999999927e+04 5.559369999999999709e+04 1.408270000000000000e+05 4.191380000000000291e+04 1.433670000000000073e+04 1.362529999999999927e+04 1.281510000000000036e+04 9.656299999999999272e+03 1.151829999999999927e+04 7.439409999999999854e+03 8.263069999999999709e+03 5.359350000000000364e+03 3.788280000000000200e+03 4.571579999999999927e+03 4.382560000000000400e+03 4.156560000000000400e+03 3.043550000000000182e+03 1.675420000000000073e+03 2.768389999999999873e+03 3.115739999999999782e+03 2.886719999999999800e+03 -2.638820000000000000e+05 8.164039999999999418e+04 -3.895259999999999854e+04 8.708739999999999418e+04 8.453110000000000582e+04 6.834239999999999418e+04 6.247069999999999709e+04 4.398130000000000291e+04 4.737300000000000000e+04 3.551359999999999854e+04 6.186190000000000146e+04 1.828380000000000000e+05 5.594109999999999854e+04 2.362859999999999854e+04 2.737429999999999927e+04 1.690800000000000000e+04 1.103739999999999964e+04 1.807520000000000073e+04 7.110920000000000073e+03 1.038660000000000036e+04 3.272480000000000018e+03 7.465039999999999964e+03 5.189340000000000146e+03 3.302769999999999982e+03 6.774550000000000182e+03 5.011119999999999891e+03 4.124979999999999563e+03 3.924289999999999964e+03 6.401060000000000400e+03 3.468400000000000091e+03 0.000000000000000000e+00 0.000000000000000000e+00 0.000000000000000000e+00 0.000000000000000000e+00 0.000000000000000000e+00 0.000000000000000000e+00 0.000000000000000000e+00 0.000000000000000000e+00 0.000000000000000000e+00 0.000000000000000000e+00 0.000000000000000000e+00 0.000000000000000000e+00 0.000000000000000000e+00 0.000000000000000000e+00 0.000000000000000000e+00 0.000000000000000000e+00 0.000000000000000000e+00 0.000000000000000000e+00 0.000000000000000000e+00 0.000000000000000000e+00 0.000000000000000000e+00 0.000000000000000000e+00 0.000000000000000000e+00 0.000000000000000000e+00 0.000000000000000000e+00 0.000000000000000000e+00 0.000000000000000000e+00 0.000000000000000000e+00 0.000000000000000000e+00 0.000000000000000000e+00
2.098410000000000000e+05 1.338120000000000000e+05 1.067200000000000000e+05 8.336710000000000582e+04 6.466109999999999854e+04 4.387600000000000000e+04 3.023479999999999927e+04 2.509140000000000146e+04 3.238990000000000146e+04 1.827720000000000073e+04 2.299879999999999927e+04 4.191380000000000291e+04 1.029160000000000000e+05 2.622300000000000000e+04 1.037729999999999927e+04 9.782860000000000582e+03 5.065899999999999636e+03 8.667180000000000291e+03 6.387460000000000036e+03 6.378390000000000327e+03 6.153399999999999636e+03 6.175890000000000327e+03 8.319000000000000000e+03 5.784500000000000000e+03 5.141069999999999709e+03 2.561099999999999909e+03 2.981449999999999818e+03 4.193939999999999600e+03 2.523210000000000036e+03 3.423250000000000000e+03 6.408859999999999854e+04 9.347289999999999418e+04 1.402270000000000000e+05 1.508150000000000000e+05 4.175180000000000291e+04 1.126129999999999927e+04 4.808930000000000291e+04 4.553680000000000291e+04 3.805230000000000291e+04 1.048560000000000036e+04 2.176209999999999854e+04 5.066190000000000146e+04 1.275110000000000000e+05 3.714350000000000000e+04 1.351120000000000073e+04 1.330239999999999964e+04 6.489619999999999891e+03 1.025929999999999927e+04 5.930609999999999673e+03 6.844649999999999636e+03 6.566960000000000036e+03 5.052229999999999563e+03 4.643659999999999854e+03 5.326140000000000327e+03 5.398539999999999964e+03 3.962309999999999945e+03 8.665020000000000437e+03 6.591109999999999673e+03 1.515559999999999945e+03 3.609750000000000000e+03 0.000000000000000000e+00 0.000000000000000000e+00 0.000000000000000000e+00 0.000000000000000000e+00 0.000000000000000000e+00 0.000000000000000000e+00 0.000000000000000000e+00 0.000000000000000000e+00 0.000000000000000000e+00 0.000000000000000000e+00 0.000000000000000000e+00 0.000000000000000000e+00 0.000000000000000000e+00 0.000000000000000000e+00 0.000000000000000000e+00 0.000000000000000000e+00 0.000000000000000000e+00 0.000000000000000000e+00 0.000000000000000000e+00 0.000000000000000000e+00 0.000000000000000000e+00 0.000000000000000000e+00 0.000000000000000000e+00 0.000000000000000000e+00 0.000000000000000000e+00 0.000000000000000000e+00 0.000000000000000000e+00 0.000000000000000000e+00 0.000000000000000000e+00 0.000000000000000000e+00
7.967329999999999927e+03 2.083220000000000073e+04 1.022870000000000000e+05 7.405089999999999418e+04 2.711400000000000000e+04 2.663409999999999854e+04 2.761320000000000073e+04 3.449490000000000146e+04 2.445090000000000146e+04 1.914609999999999854e+04 2.106090000000000146e+04 1.433670000000000073e+04 2.622300000000000000e+04 7.979219999999999709e+04 2.692400000000000000e+04 9.737790000000000873e+03 9.022030000000000655e+03 5.502149999999999636e+03 4.841989999999999782e+03 4.633289999999999964e+03 5.282460000000000036e+03 7.538829999999999927e+03 4.032230000000000018e+03 2.621030000000000200e+03 2.353849999999999909e+03 2.628599999999999909e+03 3.905579999999999927e+03 3.714639999999999873e+03 2.086219999999999800e+03 2.473320000000000164e+03 -2.466420000000000073e+03 5.840509999999999854e+04 1.277279999999999927e+04 1.134340000000000000e+05 3.516150000000000000e+04 5.866080000000000291e+04 4.366340000000000146e+04 4.916709999999999854e+04 3.043320000000000073e+04 2.714159999999999854e+04 1.518529999999999927e+04 2.755700000000000000e+04 3.475740000000000146e+04 1.065350000000000000e+05 4.239240000000000146e+04 5.839359999999999673e+03 6.183039999999999964e+03 7.518390000000000327e+03 4.194390000000000327e+03 8.787370000000000800e+03 5.335020000000000437e+03 9.036430000000000291e+03 6.089689999999999600e+03 2.382400000000000091e+03 4.227329999999999927e+03 3.526849999999999909e+03 4.836180000000000291e+03 3.393920000000000073e+03 1.219450000000000045e+03 2.977980000000000018e+03 0.000000000000000000e+00 0.000000000000000000e+00 0.000000000000000000e+00 0.000000000000000000e+00 0.000000000000000000e+00 0.000000000000000000e+00 0.000000000000000000e+00 0.000000000000000000e+00 0.000000000000000000e+00 0.000000000000000000e+00 0.000000000000000000e+00 0.000000000000000000e+00 0.000000000000000000e+00 0.000000000000000000e+00 0.000000000000000000e+00 0.000000000000000000e+00 0.000000000000000000e+00 0.000000000000000000e+00 0.000000000000000000e+00 0.000000000000000000e+00 0.000000000000000000e+00 0.000000000000000000e+00 0.000000000000000000e+00 0.000000000000000000e+00 0.000000000000000000e+00 0.000000000000000000e+00 0.000000000000000000e+00 0.000000000000000000e+00 0.000000000000000000e+00 0.000000000000000000e+00
2.624359999999999854e+04 4.165159999999999854e+04 6.570830000000000291e+04 1.677840000000000146e+04 1.924540000000000146e+04 2.788250000000000000e+04 1.683890000000000146e+04 2.759450000000000000e+04 2.333500000000000000e+04 1.578129999999999927e+04 1.676620000000000073e+04 1.362529999999999927e+04 1.037729999999999927e+04 2.692400000000000000e+04 6.382880000000000291e+04 1.712979999999999927e+04 9.471799999999999272e+03 6.103199999999999818e+03 5.224699999999999818e+03 2.905099999999999909e+03 5.130060000000000400e+03 5.474470000000000255e+03 3.798349999999999909e+03 2.867530000000000200e+03 2.410789999999999964e+03 2.468449999999999818e+03 3.021969999999999800e+03 3.774800000000000182e+03 1.965210000000000036e+03 1.864730000000000018e+03 1.911010000000000000e+05 -6.609219999999999709e+04 1.623120000000000073e+04 7.737400000000000000e+04 -3.990420000000000073e+03 1.566660000000000036e+04 3.785419999999999709e+04 4.636540000000000146e+04 4.323930000000000291e+04 1.869170000000000073e+04 1.947120000000000073e+04 2.886459999999999854e+04 7.304090000000000146e+03 3.322669999999999709e+04 8.785539999999999418e+04 1.688250000000000000e+04 6.008170000000000073e+03 7.008829999999999927e+03 5.899300000000000182e+03 6.460449999999999818e+03 2.970719999999999800e+03 4.754710000000000036e+03 7.058579999999999927e+03 2.735440000000000055e+03 2.471889999999999873e+03 2.111559999999999945e+03 1.135829999999999927e+03 4.070570000000000164e+03 1.046869999999999891e+03 1.447660000000000082e+03 0.000000000000000000e+00 0.000000000000000000e+00 0.000000000000000000e+00 0.000000000000000000e+00 0.000000000000000000e+00 0.000000000000000000e+00 0.000000000000000000e+00 0.000000000000000000e+00 0.000000000000000000e+00 0.000000000000000000e+00 0.000000000000000000e+00 0.000000000000000000e+00 0.000000000000000000e+00 0.000000000000000000e+00 0.000000000000000000e+00 0.000000000000000000e+00 0.000000000000000000e+00 0.000000000000000000e+00 0.000000000000000000e+00 0.000000000000000000e+00 0.000000000000000000e+00 0.000000000000000000e+00 0.000000000000000000e+00 0.000000000000000000e+00 0.000000000000000000e+00 0.000000000000000000e+00 0.000000000000000000e+00 0.000000000000000000e+00 0.000000000000000000e+00 0.000000000000000000e+00
2.501700000000000000e+05 8.986780000000000291e+04 -1.759520000000000073e+04 2.339729999999999927e+04 3.859400000000000000e+04 3.298940000000000146e+04 2.974170000000000073e+04 2.262329999999999927e+04 1.375360000000000036e+04 2.119459999999999854e+04 1.164879999999999927e+04 1.281510000000000036e+04 9.782860000000000582e+03 9.737790000000000873e+03 1.712979999999999927e+04 4.986430000000000291e+04 1.534970000000000073e+04 6.511680000000000291e+03 6.158520000000000437e+03 3.662969999999999800e+03 5.342760000000000218e+03 3.970980000000000018e+03 4.124289999999999964e+03 4.821000000000000000e+03 3.306289999999999964e+03 3.106280000000000200e+03 2.374639999999999873e+03 2.193199999999999818e+03 1.649309999999999945e+03 1.837809999999999945e+03 8.424419999999999709e+04 2.283030000000000000e+05 4.021559999999999854e+04 5.936080000000000291e+04 2.748879999999999927e+04 1.373239999999999964e+04 4.955530000000000291e+04 4.569580000000000291e+04 1.718000000000000000e+04 2.027000000000000000e+04 3.972619999999999891e+03 2.382759999999999854e+04 1.710109999999999854e+04 1.348929999999999927e+04 1.803470000000000073e+04 5.900769999999999709e+04 2.397779999999999927e+04 9.467500000000000000e+03 5.898680000000000291e+03 7.089909999999999854e+03 8.589020000000000437e+03 6.650729999999999563e+03 5.698590000000000146e+03 6.690930000000000291e+03 6.091170000000000073e+03 6.082060000000000400e+03 2.672860000000000127e+03 2.438909999999999854e+03 1.648750000000000000e+03 4.256590000000000146e+03 0.000000000000000000e+00 0.000000000000000000e+00 0.000000000000000000e+00 0.000000000000000000e+00 0.000000000000000000e+00 0.000000000000000000e+00 0.000000000000000000e+00 0.000000000000000000e+00 0.000000000000000000e+00 0.000000000000000000e+00 0.000000000000000000e+00 0.000000000000000000e+00 0.000000000000000000e+00 0.000000000000000000e+00 0.000000000000000000e+00 0.000000000000000000e+00 0.000000000000000000e+00 0.000000000000000000e+00 0.000000000000000000e+00 0.000000000000000000e+00 0.000000000000000000e+00 0.000000000000000000e+00 0.000000000000000000e+00 0.000000000000000000e+00 0.000000000000000000e+00 0.000000000000000000e+00 0.000000000000000000e+00 0.000000000000000000e+00 0.000000000000000000e+00 0.000000000000000000e+00
8.622420000000000073e+03 8.471580000000000291e+04 6.622000000000000000e+04 3.513080000000000291e+04 3.855909999999999854e+04 2.839670000000000073e+04 2.276459999999999854e+04 1.583420000000000073e+04 1.574770000000000073e+04 1.210329999999999927e+04 7.573920000000000073e+03 9.656299999999999272e+03 5.065899999999999636e+03 9.022030000000000655e+03 9.471799999999999272e+03 1.534970000000000073e+04 3.555109999999999854e+04 1.177660000000000036e+04 4.486930000000000291e+03 2.911670000000000073e+03 4.712680000000000291e+03 3.334980000000000018e+03 2.677130000000000109e+03 3.230570000000000164e+03 2.787239999999999782e+03 1.661910000000000082e+03 2.253179999999999836e+03 1.367700000000000045e+03 6.196789999999999736e+02 1.545619999999999891e+03 -2.780190000000000146e+04 2.188830000000000000e+05 9.947710000000000582e+04 6.519250000000000000e+04 4.075090000000000146e+04 3.915269999999999709e+04 4.192759999999999854e+04 3.113190000000000146e+04 2.803159999999999854e+04 1.096250000000000000e+04 2.627780000000000200e+03 1.035750000000000000e+04 3.979690000000000055e+03 9.059479999999999563e+03 7.715239999999999782e+03 2.077109999999999854e+04 4.298209999999999854e+04 1.492970000000000073e+04 3.642329999999999927e+03 3.754809999999999945e+03 4.617460000000000036e+03 5.631729999999999563e+03 3.031510000000000218e+03 5.448000000000000000e+03 3.157269999999999982e+03 3.594869999999999891e+03 4.410350000000000364e+03 1.093640000000000100e+03 -3.668169999999999931e+01 2.406599999999999909e+03 0.000000000000000000e+00 0.000000000000000000e+00 0.000000000000000000e+00 0.000000000000000000e+00 0.000000000000000000e+00 0.000000000000000000e+00 0.000000000000000000e+00 0.000000000000000000e+00 0.000000000000000000e+00 0.000000000000000000e+00 0.000000000000000000e+00 0.000000000000000000e+00 0.000000000000000000e+00 0.000000000000000000e+00 0.000000000000000000e+00 0.000000000000000000e+00 0.000000000000000000e+00 0.000000000000000000e+00 0.000000000000000000e+00 0.000000000000000000e+00 0.000000000000000000e+00 0.000000000000000000e+00 0.000000000000000000e+00 0.000000000000000000e+00 0.000000000000000000e+00 0.000000000000000000e+00 0.000000000000000000e+00 0.000000000000000000e+00 0.000000000000000000e+00 0.000000000000000000e+00
