1.501150000000000000e+08 1.541410000000000000e+07 3.052990000000000000e+05 -8.970750000000000000e+03 3.904340000000000000e+05 6.743610000000000000e+05 2.123640000000000000e+05 9.792069999999999709e+04 2.338510000000000000e+05 -3.488309999999999854e+04 -9.936689999999999418e+04 8.897230000000000291e+04 1.108520000000000000e+05 1.331710000000000000e+05 -1.049979999999999927e+04 6.110890000000000146e+04 3.761780000000000291e+04 8.801719999999999709e+04 4.356919999999999709e+04 5.772869999999999709e+04 -1.103900000000000000e+04 5.351969999999999709e+04 -8.574770000000000437e+03 -1.967890000000000146e+04 -6.237609999999999854e+04 -4.710419999999999709e+04 -2.369790000000000146e+04 -3.591159999999999854e+04 3.326540000000000146e+04 8.976170000000000073e+03 -1.172420000000000000e+08 -1.557900000000000000e+07 6.377160000000000000e+05 6.463160000000000000e+05 1.225740000000000000e+06 2.443790000000000000e+05 1.358110000000000000e+06 2.519590000000000000e+05 -6.538809999999999854e+04 -1.980920000000000000e+05 1.857290000000000000e+05 2.967060000000000000e+05 1.200960000000000000e+05 1.913750000000000000e+05 3.958919999999999709e+04 -1.799559999999999945e+03 -1.685430000000000000e+05 -9.801060000000000582e+04 7.641719999999999709e+04 2.742070000000000073e+04 -1.017920000000000000e+05 -9.931610000000000582e+04 -1.402779999999999927e+04 -1.730800000000000000e+04 3.113110000000000127e+03 -4.829990000000000146e+04 2.246800000000000000e+04 -1.431350000000000000e+05 3.123879999999999927e+04 -1.798000000000000000e+04 4.051090000000000000e+07 1.521960000000000000e+07 4.958050000000000000e+06 -2.222360000000000000e+06 3.121360000000000000e+06 -6.570990000000000000e+05 4.077600000000000000e+05 5.921990000000000000e+05 3.450630000000000000e+05 -3.472180000000000291e+04 -5.209530000000000000e+05 -3.809680000000000000e+05 -1.413110000000000000e+05 6.864939999999999418e+04 -1.846700000000000000e+05 2.551680000000000000e+05 -1.565930000000000000e+05 5.456369999999999709e+04 -6.559769999999999709e+04 1.524850000000000000e+05 -8.214150000000000000e+04 3.625630000000000291e+04 1.416739999999999964e+04 8.267889999999999418e+03 -2.581940000000000000e+05 1.430139999999999964e+04 -1.073110000000000000e+05 -2.527759999999999854e+04 1.498510000000000036e+04 6.175880000000000109e+03
1.541410000000000000e+07 3.382240000000000000e+07 4.859310000000000000e+06 5.535320000000000000e+05 4.110570000000000000e+05 1.469070000000000000e+05 2.656340000000000000e+05 6.349649999999999636e+03 1.429990000000000000e+05 -6.225909999999999854e+04 8.542260000000000582e+04 2.318320000000000164e+03 1.905490000000000146e+04 4.697350000000000000e+04 3.282880000000000291e+04 6.029180000000000291e+04 1.377920000000000073e+04 -1.697679999999999927e+04 9.911229999999999563e+03 1.315479999999999927e+04 1.673159999999999854e+04 6.668979999999999563e+03 1.207689999999999964e+04 -5.475090000000000146e+03 8.983000000000000000e+03 4.183530000000000291e+04 1.800129999999999927e+04 3.632480000000000018e+03 -1.463710000000000036e+03 1.343529999999999927e+04 -3.480610000000000000e+06 8.305460000000000000e+06 -1.409610000000000000e+06 -3.100640000000000146e+04 6.847330000000000000e+05 -2.865060000000000000e+05 4.346530000000000000e+05 2.998970000000000000e+05 -5.992250000000000000e+04 -2.314160000000000000e+05 -7.399730000000000291e+04 5.363000000000000000e+04 4.950730000000000291e+04 -5.996969999999999709e+04 5.710240000000000146e+04 4.785800000000000000e+04 7.173319999999999709e+03 -7.836439999999999418e+04 -8.698180000000000291e+04 -4.692440000000000146e+04 -3.451150000000000000e+04 6.803420000000000073e+03 2.627729999999999927e+04 -2.856050000000000000e+04 -2.296520000000000073e+04 3.323059999999999854e+04 1.944990000000000009e+03 -6.107790000000000146e+04 5.108979999999999563e+03 2.294229999999999927e+04 2.224710000000000000e+06 -2.895520000000000000e+06 -6.120630000000000000e+05 -8.079380000000000000e+05 3.635150000000000000e+05 4.755720000000000000e+05 2.286110000000000000e+05 4.774490000000000000e+05 1.756670000000000000e+05 -1.003100000000000000e+05 5.669909999999999854e+04 -2.619980000000000000e+05 -1.249020000000000000e+05 -4.713559999999999854e+04 -6.656580000000000291e+04 1.485030000000000000e+05 2.727109999999999854e+04 3.502940000000000146e+04 3.976840000000000146e+04 -3.328250000000000000e+04 -3.651700000000000000e+04 1.857279999999999927e+04 1.443789999999999964e+04 8.207409999999999854e+03 -2.172820000000000073e+04 -5.978279999999999745e+03 -8.513760000000000582e+04 -5.609979999999999563e+03 4.270059999999999854e+04 3.920090000000000146e+04
3.052990000000000000e+05 4.859310000000000000e+06 1.237340000000000000e+07 2.066800000000000000e+06 1.256940000000000000e+05 9.070919999999999709e+04 -3.689190000000000146e+04 1.432110000000000036e+04 6.010790000000000146e+04 1.448439999999999964e+04 4.683080000000000291e+04 8.148039999999999418e+04 4.391250000000000000e+04 9.029340000000000146e+03 -1.096360000000000036e+04 1.720100000000000000e+04 4.760819999999999709e+03 2.576739999999999782e+02 1.873000000000000000e+04 2.433909999999999854e+04 9.620549999999999272e+03 3.753300000000000182e+03 4.125750000000000000e+03 -4.717850000000000364e+03 8.150220000000000255e+03 1.821129999999999927e+04 1.530050000000000000e+04 1.041929999999999927e+04 1.111549999999999955e+03 -3.330099999999999909e+03 7.509270000000000000e+06 3.272580000000000000e+06 7.936190000000000000e+06 2.514200000000000000e+05 -2.518680000000000000e+05 1.403550000000000000e+05 -6.340959999999999854e+04 2.770680000000000000e+05 1.939640000000000000e+05 6.977260000000000582e+04 1.799700000000000000e+05 1.007780000000000000e+05 7.408569999999999709e+03 4.220050000000000000e+04 6.961180000000000291e+04 8.771719999999999709e+04 -4.422130000000000109e+03 -2.844059999999999854e+04 2.367829999999999927e+04 1.731740000000000146e+04 4.934280000000000291e+04 4.917699999999999818e+03 -1.680390000000000146e+04 -4.396590000000000146e+04 -2.033420000000000073e+04 -2.866409999999999854e+04 -2.283250000000000000e+03 -3.384429999999999836e+03 -2.654759999999999854e+04 -3.168829999999999927e+03 -4.274050000000000000e+06 -1.563600000000000000e+06 1.188020000000000000e+05 -1.117630000000000000e+06 -4.106790000000000000e+05 5.384440000000000000e+05 2.054570000000000073e+04 1.950660000000000000e+05 -2.117079999999999927e+04 -2.199920000000000073e+03 1.462640000000000000e+05 1.687100000000000000e+04 1.137850000000000000e+04 1.022310000000000000e+05 -2.622429999999999927e+04 5.916419999999999709e+04 -4.159500000000000000e+04 7.685600000000000364e+03 2.885199999999999818e+03 -7.241269999999999709e+04 2.936000000000000000e+04 -8.204809999999999491e+03 5.164180000000000291e+04 -7.133670000000000073e+03 -6.749950000000000000e+04 -4.504530000000000291e+04 -1.255029999999999927e+04 -3.095730000000000018e+03 2.447700000000000000e+04 3.576280000000000291e+04
-8.970750000000000000e+03 5.535320000000000000e+05 2.066800000000000000e+06 4.723220000000000000e+06 5.374010000000000000e+05 3.601140000000000146e+04 2.451600000000000000e+04 2.070070000000000073e+04 1.383599999999999909e+03 2.295520000000000073e+04 -1.318629999999999927e+04 3.499890000000000146e+04 2.701950000000000000e+04 8.460069999999999709e+03 -1.082920000000000073e+04 -9.889660000000000082e+02 5.256889999999999645e+02 -1.492439999999999964e+04 -9.448329999999999700e+02 1.878690000000000055e+03 9.830099999999999909e+02 6.417409999999999854e+03 3.178369999999999891e+03 -8.035989999999999782e+03 7.315270000000000437e+03 1.575179999999999927e+04 2.327260000000000218e+03 4.364430000000000291e+03 8.911350000000000364e+03 -4.987300000000000182e+03 3.735140000000000000e+06 6.416540000000000000e+05 8.466980000000000000e+05 3.163870000000000000e+06 1.619200000000000000e+05 -3.313340000000000000e+05 -2.196290000000000146e+04 6.289959999999999854e+04 1.086240000000000000e+05 7.494439999999999418e+04 2.357440000000000146e+04 5.924469999999999709e+04 1.551510000000000036e+04 -4.064600000000000000e+04 1.881679999999999927e+04 4.986100000000000000e+04 1.447979999999999927e+04 3.081159999999999854e+04 1.052020000000000073e+04 1.603779999999999927e+04 -2.217709999999999854e+04 -1.472329999999999927e+04 -1.741759999999999854e+04 -1.869429999999999927e+04 1.235610000000000036e+04 1.965520000000000073e+04 7.052750000000000000e+03 2.875579999999999927e+04 -2.364909999999999854e+03 6.352199999999999818e+03 -1.695990000000000000e+06 5.156650000000000000e+05 -1.616980000000000000e+05 4.150520000000000000e+05 -4.579050000000000000e+05 -5.879219999999999709e+04 -2.558870000000000073e+04 -6.634760000000000582e+04 -4.025559999999999854e+04 -7.580699999999999818e+03 -6.831369999999999709e+04 -4.289559999999999854e+04 -1.239100000000000000e+04 2.581959999999999854e+04 -1.111529999999999973e+03 -3.829359999999999854e+04 -3.974609999999999854e+04 1.106220000000000073e+04 -4.449569999999999709e+03 4.895369999999999709e+04 -7.019010000000000218e+03 -2.291479999999999927e+04 8.725680000000000291e+03 -2.219429999999999927e+04 -1.276900000000000000e+04 -3.587050000000000182e+03 -1.006879999999999927e+04 -1.770090000000000146e+04 -3.074139999999999873e+03 -1.073710000000000036e+04
3.904340000000000000e+05 4.110570000000000000e+05 1.256940000000000000e+05 5.374010000000000000e+05 1.801840000000000000e+06 1.852950000000000000e+05 3.434369999999999709e+04 6.268800000000000000e+04 1.456310000000000036e+04 -9.076280000000000655e+03 2.401300000000000000e+04 2.444370000000000073e+04 1.663600000000000000e+04 -9.407469999999999573e+02 1.059070000000000073e+04 1.472760000000000036e+04 4.775470000000000255e+03 -6.720149999999999636e+03 5.195359999999999673e+03 1.298260000000000036e+04 6.568430000000000291e+03 2.723860000000000127e+03 7.670810000000000400e+03 1.449130000000000109e+03 6.508550000000000182e+02 3.667280000000000200e+03 2.078349999999999909e+03 4.932679999999999723e+02 -3.725280000000000200e+03 4.619609999999999673e+03 1.188840000000000000e+06 1.096340000000000000e+06 3.129110000000000000e+05 4.058900000000000000e+05 1.598070000000000000e+06 -5.224740000000000146e+04 -9.764089999999999418e+04 2.320500000000000000e+04 5.421140000000000146e+04 -8.680340000000000146e+03 2.776989999999999782e+03 5.733260000000000218e+02 2.328129999999999927e+04 3.678180000000000291e+04 2.879699999999999818e+03 -4.792890000000000327e+03 1.344939999999999964e+04 1.423150000000000000e+04 1.029829999999999927e+04 8.116960000000000036e+03 -1.599550000000000000e+04 1.985500000000000000e+04 7.818140000000000327e+03 -1.081800000000000000e+04 1.325579999999999927e+04 2.188590000000000146e+04 5.929300000000000182e+03 4.147789999999999964e+03 5.736039999999999964e+03 1.324200000000000000e+04 -9.039360000000000000e+05 -5.986480000000000000e+05 -1.516110000000000000e+05 4.360130000000000000e+05 2.628880000000000000e+05 -1.476350000000000000e+05 -2.137879999999999927e+04 -1.790479999999999927e+04 -9.289250000000000000e+04 -5.483259999999999854e+04 -1.822920000000000073e+03 -3.181620000000000073e+04 -3.749790000000000146e+04 1.755870000000000073e+04 -1.682870000000000073e+04 -2.795240000000000146e+04 5.840020000000000437e+03 -6.048140000000000327e+03 -8.187880000000000109e+03 7.764760000000000218e+03 1.028189999999999964e+04 3.256690000000000146e+04 1.182989999999999964e+04 -2.195880000000000109e+03 -1.913259999999999854e+04 3.608260000000000218e+03 -4.610390000000000327e+03 -5.314659999999999854e+03 1.137679999999999927e+04 -1.363109999999999900e+03
6.743610000000000000e+05 1.469070000000000000e+05 9.070919999999999709e+04 3.601140000000000146e+04 1.852950000000000000e+05 9.964910000000000000e+05 1.637310000000000000e+05 2.058359999999999854e+04 4.373580000000000291e+04 3.089640000000000146e+04 1.637520000000000073e+04 2.007729999999999927e+04 1.232510000000000036e+04 1.713920000000000073e+04 6.549840000000000146e+03 1.788070000000000073e+04 1.070160000000000036e+04 6.326529999999999745e+03 5.098789999999999964e+03 5.548699999999999818e+03 3.392489999999999782e+03 4.340000000000000000e+03 4.400010000000000218e+03 3.536679999999999836e+03 4.875989999999999782e+03 4.696189999999999600e+03 9.836130000000000564e+02 2.960739999999999782e+03 2.489639999999999873e+03 -1.726880000000000109e+03 -5.508860000000000000e+05 -2.871930000000000000e+05 1.757070000000000000e+05 7.807500000000000000e+04 2.603840000000000000e+05 8.827440000000000000e+05 1.356890000000000000e+05 1.192239999999999964e+04 2.395079999999999927e+04 5.352810000000000400e+03 1.508279999999999927e+04 3.582209999999999854e+04 7.813020000000000437e+03 -5.588659999999999854e+03 9.627250000000000000e+03 2.642950000000000000e+04 1.940839999999999918e+03 -2.541710000000000036e+03 -1.256779999999999927e+04 4.073070000000000164e+03 5.221470000000000255e+03 1.581020000000000073e+04 1.599200000000000000e+04 1.218089999999999964e+04 1.196429999999999927e+04 9.111600000000000364e+03 -1.166970000000000027e+03 4.180949999999999989e+01 3.975489999999999782e+03 1.307329999999999927e+03 2.407060000000000000e+05 -3.821760000000000000e+05 3.909700000000000000e+04 -8.248780000000000291e+04 3.652889999999999873e+03 3.128779999999999927e+04 1.431600000000000000e+05 1.269760000000000036e+04 -1.011200000000000000e+04 -2.555279999999999927e+04 -1.653490000000000146e+04 -1.001700000000000000e+04 3.899090000000000146e+04 1.725390000000000146e+04 -1.555110000000000036e+04 2.253059999999999854e+04 2.465300000000000000e+04 1.039200000000000000e+04 -5.845829999999999927e+03 8.634450000000000728e+03 4.004510000000000218e+03 -1.034039999999999964e+04 -6.955960000000000036e+03 -7.988450000000000273e+02 1.152389999999999964e+04 1.625850000000000000e+04 4.719840000000000146e+03 -2.742940000000000055e+03 -7.450009999999999764e+02 3.873659999999999854e+03
2.123640000000000000e+05 2.656340000000000000e+05 -3.689190000000000146e+04 2.451600000000000000e+04 3.434369999999999709e+04 1.637310000000000000e+05 6.019700000000000000e+05 1.174820000000000000e+05 3.109850000000000000e+04 1.375679999999999927e+04 9.734459999999999127e+03 7.017529999999999745e+03 1.220579999999999927e+04 9.796780000000000655e+03 3.152139999999999873e+03 8.758799999999999272e+03 6.252920000000000073e+03 4.438659999999999854e+03 2.431519999999999982e+03 2.327000000000000000e+03 2.175250000000000000e+03 3.117550000000000182e+03 2.170280000000000200e+03 2.435650000000000091e+03 3.729380000000000109e+03 1.932519999999999882e+01 -2.072010000000000218e+03 -1.580269999999999868e+02 3.149909999999999854e+03 2.373079999999999927e+03 6.575210000000000000e+05 4.867500000000000000e+03 -3.087150000000000000e+05 -3.139309999999999854e+04 1.752870000000000073e+04 7.235119999999999709e+04 4.688750000000000000e+05 9.494769999999999709e+04 2.613400000000000091e+03 1.153770000000000073e+04 1.257770000000000073e+04 9.793850000000000364e+03 -3.399059999999999945e+03 1.725190000000000055e+03 2.022200000000000000e+04 -1.209139999999999964e+04 -2.245190000000000055e+03 1.989870000000000073e+04 1.262150000000000000e+04 2.938389999999999873e+03 7.583039999999999964e+03 1.978819999999999936e+03 1.096210000000000036e+04 5.164800000000000182e+03 2.830849999999999909e+03 -1.692349999999999909e+03 -8.602749999999999773e+02 6.005090000000000146e+03 -2.886800000000000182e+03 3.582380000000000109e+03 2.335200000000000000e+05 -6.523040000000000000e+05 -4.488090000000000000e+05 -9.102310000000000582e+04 -6.604510000000000582e+04 -4.462669999999999709e+04 5.588150000000000000e+04 2.617490000000000146e+04 -5.674680000000000291e+04 -2.342279999999999927e+04 -1.261509999999999991e+03 -1.855720000000000073e+04 -7.270810000000000400e+03 -1.172639999999999964e+04 1.998070000000000073e+04 -1.366529999999999927e+04 -1.242260000000000036e+04 1.191029999999999927e+04 3.928190000000000055e+03 3.333909999999999854e+03 2.895090000000000146e+03 -5.022409999999999854e+03 -1.311129999999999927e+04 2.452840000000000146e+03 5.105720000000000255e+03 4.720199999999999818e+02 4.831920000000000073e+02 4.262520000000000437e+03 3.487269999999999982e+03 3.918920000000000073e+03
9.792069999999999709e+04 6.349649999999999636e+03 1.432110000000000036e+04 2.070070000000000073e+04 6.268800000000000000e+04 2.058359999999999854e+04 1.174820000000000000e+05 3.481270000000000000e+05 6.798319999999999709e+04 1.263200000000000000e+04 5.927510000000000218e+03 8.624190000000000509e+03 3.891869999999999891e+03 7.746010000000000218e+03 1.816759999999999991e+03 3.867599999999999909e+03 5.840479999999999563e+03 5.762979999999999563e+03 6.396640000000000327e+03 8.467389999999999418e+03 8.057970000000000255e+03 3.102389999999999873e+03 3.452760000000000218e+03 3.334130000000000109e+03 4.606369999999999891e+03 4.160869999999999891e+02 1.141170000000000073e+03 3.152630000000000109e+03 2.773219999999999800e+03 2.495530000000000200e+03 8.297869999999999709e+04 1.480200000000000000e+05 1.125650000000000000e+05 5.935359999999999854e+04 6.135970000000000255e+03 4.077099999999999909e+03 1.410040000000000000e+05 3.019900000000000000e+05 1.950050000000000000e+04 2.032009999999999854e+04 9.645800000000000409e+02 1.161929999999999927e+04 -4.016929999999999836e+03 9.592389999999999418e+03 -5.436200000000000045e+02 -9.234770000000000437e+03 9.040889999999999418e+03 -1.318559999999999945e+03 3.723030000000000200e+03 4.102810000000000400e+03 3.670119999999999891e+03 7.136069999999999709e+03 2.671349999999999909e+03 -3.282820000000000164e+03 2.715780000000000200e+03 7.104390000000000327e+03 5.619149999999999636e+03 5.572390000000000327e+03 -8.263020000000000209e+02 -1.640839999999999918e+03 4.047090000000000000e+05 1.300070000000000000e+05 1.084630000000000000e+05 8.053069999999999709e+04 -8.184150000000000000e+04 -1.204139999999999964e+04 4.833990000000000146e+04 5.166709999999999854e+04 -1.279260000000000036e+04 1.848650000000000000e+04 9.671540000000000873e+03 4.326379999999999768e+02 6.557159999999999854e+03 -1.799099999999999909e+03 1.111389999999999964e+04 7.792069999999999709e+03 -1.907539999999999964e+03 -1.317299999999999955e+03 8.090230000000000246e+02 1.031670000000000073e+03 8.959219999999999345e+03 3.741199999999999818e+03 -6.686380000000000109e+03 -1.463559999999999945e+03 -6.269389999999999645e+02 2.449559999999999945e+03 4.545760000000000218e+03 -3.151320000000000164e+03 -4.218159999999999854e+03 1.985730000000000018e+03
2.338510000000000000e+05 1.429990000000000000e+05 6.010790000000000146e+04 1.383599999999999909e+03 1.456310000000000036e+04 4.373580000000000291e+04 3.109850000000000000e+04 6.798319999999999709e+04 2.182440000000000000e+05 4.410959999999999854e+04 1.126589999999999964e+04 3.632630000000000109e+03 6.152329999999999927e+03 4.911399999999999636e+03 4.688750000000000000e+03 1.840029999999999973e+03 5.659140000000000327e+03 5.492640000000000327e+03 6.893520000000000437e+03 6.457289999999999964e+03 4.161369999999999891e+03 5.885430000000000291e+03 3.530960000000000036e+03 3.426409999999999854e+03 2.329940000000000055e+03 -6.550480000000000018e+02 2.803690000000000055e+03 1.315329999999999927e+03 1.878880000000000109e+03 2.311440000000000055e+03 -2.245800000000000000e+05 -5.636140000000000146e+04 7.690750000000000000e+03 7.552500000000000000e+04 -2.374179999999999927e+04 5.797250000000000000e+04 4.867630000000000291e+04 1.976079999999999927e+04 1.516370000000000000e+05 2.279820000000000073e+04 1.439189999999999964e+04 4.676880000000000109e+03 1.649290000000000146e+04 -1.847059999999999945e+03 -2.141119999999999891e+03 -4.455119999999999891e+03 5.575430000000000291e+03 -1.485680000000000121e+02 1.112259999999999991e+03 2.075869999999999891e+03 2.734940000000000055e+03 5.518699999999999818e+03 -5.592350000000000136e+02 -2.880429999999999836e+03 2.664570000000000164e+03 -2.165960000000000036e+03 2.810559999999999832e+02 -3.661519999999999868e+02 4.620399999999999636e+03 1.726099999999999909e+03 5.858659999999999854e+04 5.253180000000000291e+04 -3.702359999999999854e+04 -1.422950000000000000e+05 -6.455419999999999709e+04 6.273790000000000146e+04 4.722380000000000109e+03 7.013979999999999563e+03 2.573420000000000073e+04 -1.108379999999999927e+04 1.565739999999999964e+04 5.019019999999999868e+02 5.275310000000000400e+03 -5.923119999999999891e+03 -5.922420000000000073e+03 1.344020000000000073e+04 1.581930000000000064e+03 -2.117630000000000109e+03 7.272369999999999891e+03 4.943510000000000218e+03 4.598359999999999673e+03 6.542730000000000246e+02 5.587029999999999745e+03 4.143050000000000068e+02 -1.036839999999999918e+03 2.438099999999999909e+03 2.732000000000000000e+03 5.388050000000000182e+03 3.370949999999999818e+03 2.819570000000000164e+03
-3.488309999999999854e+04 -6.225909999999999854e+04 1.448439999999999964e+04 2.295520000000000073e+04 -9.076280000000000655e+03 3.089640000000000146e+04 1.375679999999999927e+04 1.263200000000000000e+04 4.410959999999999854e+04 1.433660000000000000e+05 2.361640000000000146e+04 4.058150000000000091e+03 9.018819999999999482e+02 4.559170000000000073e+03 4.139050000000000182e+03 2.200389999999999873e+03 3.724309999999999945e+03 5.286670000000000073e+03 3.460460000000000036e+03 3.546679999999999836e+03 2.956710000000000036e+03 2.870690000000000055e+03 2.256489999999999782e+03 2.548619999999999891e+03 2.093920000000000073e+03 -7.493920000000000528e+02 1.563880000000000109e+03 2.584880000000000109e+03 1.486160000000000082e+03 1.141049999999999955e+03 8.237889999999999418e+04 2.592700000000000000e+04 4.898330000000000291e+04 -6.115290000000000146e+04 -6.231869999999999891e+03 1.836529999999999927e+04 2.232829999999999927e+04 1.727359999999999854e+04 2.470829999999999927e+04 8.862010000000000582e+04 1.903779999999999973e+03 5.810579999999999927e+03 -4.838329999999999842e+01 -3.809440000000000055e+03 3.331409999999999854e+03 5.920609999999999673e+03 6.709779999999999745e+03 2.016980000000000018e+03 8.900220000000000482e+02 2.227909999999999854e+03 2.812360000000000127e+03 8.544200000000000728e+03 6.119079999999999927e+03 -5.693130000000000109e+03 3.536340000000000146e+03 3.055039999999999964e+03 1.247359999999999900e+03 1.693660000000000082e+03 -1.274650000000000034e+02 -1.062960000000000036e+03 -2.847670000000000073e+04 -1.423530000000000000e+05 -1.579130000000000000e+05 -9.120860000000000582e+04 -6.025819999999999709e+04 -2.845459999999999854e+04 1.014750000000000000e+04 1.420270000000000073e+04 7.286930000000000291e+03 3.070360000000000127e+03 4.784779999999999745e+03 2.105630000000000109e+03 9.598319999999999709e+03 8.192100000000000364e+03 6.789470000000000255e+03 1.560879999999999927e+04 4.955230000000000246e+02 -2.202889999999999873e+03 3.208429999999999836e+03 6.795800000000000182e+03 2.917800000000000182e+03 3.693430000000000177e+02 6.431260000000000218e+03 1.798470000000000027e+03 -6.269230000000000018e+02 4.729139999999999873e+02 -8.676580000000000155e+02 4.088170000000000073e+03 -1.319509999999999991e+03 -5.759900000000000091e+02
-9.936689999999999418e+04 8.542260000000000582e+04 4.683080000000000291e+04 -1.318629999999999927e+04 2.401300000000000000e+04 1.637520000000000073e+04 9.734459999999999127e+03 5.927510000000000218e+03 1.126589999999999964e+04 2.361640000000000146e+04 9.695610000000000582e+04 1.559389999999999964e+04 4.382180000000000291e+03 4.447430000000000291e+03 3.210110000000000127e+03 3.232530000000000200e+03 2.592469999999999800e+03 4.555180000000000291e+03 3.129320000000000164e+03 2.592829999999999927e+03 1.724960000000000036e+03 2.439530000000000200e+03 1.404210000000000036e+03 9.720019999999999527e+02 -9.968699999999999761e+01 5.701710000000000491e+02 1.507650000000000091e+03 2.389550000000000125e+02 5.056990000000000123e+02 5.312910000000000110e+01 7.927489999999999418e+04 1.049890000000000000e+05 4.472649999999999636e+03 -8.955300000000000000e+04 1.025110000000000036e+04 -1.379270000000000073e+04 2.313109999999999854e+04 3.473880000000000291e+04 1.214379999999999927e+04 6.594720000000000255e+03 4.443769999999999709e+04 -2.833300000000000182e+03 6.580979999999999563e+03 -1.266200000000000045e+03 3.252219999999999800e+03 6.154649999999999636e+03 4.966109999999999673e+03 3.787019999999999982e+03 3.246739999999999782e+03 -3.188990000000000009e+02 -1.300920000000000073e+03 3.241170000000000073e+03 5.958869999999999891e+03 1.077660000000000082e+03 -1.354059999999999945e+03 -2.151679999999999836e+03 -2.513650000000000091e+02 3.626669999999999732e+02 2.422940000000000055e+03 -2.089550000000000125e+02 -1.044970000000000000e+05 -6.434390000000000146e+04 -1.306880000000000000e+05 -8.662969999999999709e+04 -6.376350000000000000e+04 -2.508700000000000000e+04 5.070540000000000146e+04 -1.087399999999999949e+02 -1.081660000000000036e+04 -4.525260000000000218e+03 9.514020000000000437e+03 1.770619999999999891e+03 5.208050000000000182e+03 5.821550000000000182e+03 4.619359999999999673e+03 2.684130000000000109e+03 -4.019750000000000000e+03 -4.081619999999999891e+03 -5.229550000000000182e+03 -2.255420000000000016e+02 4.166979999999999791e+02 1.287930000000000064e+03 1.045000000000000000e+03 -2.374760000000000218e+03 -1.656630000000000109e+03 3.047480000000000018e+03 -2.461970000000000169e+01 3.825559999999999832e+02 1.256849999999999909e+03 -8.577789999999999964e+02
8.897230000000000291e+04 2.318320000000000164e+03 8.148039999999999418e+04 3.499890000000000146e+04 2.444370000000000073e+04 2.007729999999999927e+04 7.017529999999999745e+03 8.624190000000000509e+03 3.632630000000000109e+03 4.058150000000000091e+03 1.559389999999999964e+04 6.463859999999999854e+04 1.136379999999999927e+04 3.476630000000000109e+03 1.188500000000000000e+03 1.873720000000000027e+03 3.169159999999999854e+03 3.018420000000000073e+03 7.227129999999999654e+02 1.716470000000000027e+03 1.186509999999999991e+03 2.771070000000000277e+02 2.958330000000000268e+02 2.721279999999999859e+02 -2.776440000000000055e+02 3.179940000000000282e+02 -7.938740000000000236e+02 5.344249999999999545e+02 4.797280000000000086e+02 1.101770000000000067e+02 3.360130000000000291e+04 1.747300000000000000e+05 8.122519999999999709e+04 -2.459209999999999854e+04 -1.060539999999999964e+04 1.219910000000000036e+04 -3.591840000000000146e+03 2.729200000000000000e+04 5.890600000000000364e+03 -6.952739999999999782e+03 4.722119999999999891e+03 2.980720000000000073e+04 1.583190000000000055e+03 -4.916349999999999909e+02 4.559689999999999600e+03 2.267849999999999909e+03 -1.031519999999999982e+03 2.577849999999999909e+03 3.008820000000000164e+03 1.388829999999999927e+03 1.801369999999999891e+03 2.451719999999999800e+03 3.014159999999999854e+03 2.924869999999999891e+03 2.925800000000000182e+03 -5.422069999999999936e+02 1.429679999999999893e+02 4.167749999999999773e+02 6.175950000000000273e+02 1.291960000000000036e+03 -3.601180000000000291e+04 -9.271089999999999418e+04 -8.098609999999999673e+03 -6.259830000000000291e+04 1.227079999999999927e+04 -4.205730000000000291e+04 1.735959999999999854e+04 2.535900000000000000e+04 7.563289999999999964e+03 1.130829999999999927e+04 3.331079999999999927e+03 6.552200000000000273e+02 -8.942909999999999854e+03 4.413579999999999927e+03 -6.262329999999999472e+02 1.415599999999999909e+03 -4.326010000000000218e+03 8.862659999999999627e+02 1.876930000000000064e+03 3.047579999999999927e+03 -2.205910000000000082e+02 4.084130000000000109e+02 -2.716389999999999873e+03 3.473960000000000150e+02 -5.382500000000000000e+02 6.492089999999999463e+02 -7.820209999999999582e+02 -7.875529999999999973e+02 8.470449999999999591e+02 1.302239999999999895e+02
1.108520000000000000e+05 1.905490000000000146e+04 4.391250000000000000e+04 2.701950000000000000e+04 1.663600000000000000e+04 1.232510000000000036e+04 1.220579999999999927e+04 3.891869999999999891e+03 6.152329999999999927e+03 9.018819999999999482e+02 4.382180000000000291e+03 1.136379999999999927e+04 5.187250000000000000e+04 1.058979999999999927e+04 3.219340000000000146e+03 2.192429999999999836e+03 1.982569999999999936e+03 1.740140000000000100e+03 1.288170000000000073e+03 9.559180000000000064e+02 5.760710000000000264e+02 1.069150000000000091e+03 8.398920000000000528e+02 1.389359999999999900e+03 1.021000000000000000e+03 1.455690000000000055e+03 4.609300000000000068e+02 2.650110000000000241e+02 1.560949999999999989e+02 1.249930000000000064e+03 -2.217040000000000000e+05 7.970039999999999418e+04 7.573089999999999418e+04 -6.221600000000000364e+03 -1.047960000000000036e+04 1.176339999999999964e+04 -3.933449999999999818e+03 7.528079999999999927e+03 -3.267289999999999964e+03 -1.697279999999999927e+04 5.133210000000000036e+03 4.941609999999999673e+03 2.859429999999999927e+04 -3.027289999999999964e+03 6.410420000000000073e+03 1.749509999999999991e+03 1.488339999999999918e+03 1.884700000000000045e+03 -2.143619999999999948e+02 -1.458809999999999945e+03 -1.134200000000000045e+03 -1.226500000000000000e+03 4.494730000000000132e+02 9.628519999999999754e+02 1.087740000000000009e+03 6.203339999999999463e+02 -4.877210000000000178e+01 5.771150000000000091e+02 1.077269999999999982e+03 7.796699999999999591e+02 1.166560000000000000e+05 -2.943490000000000146e+04 -3.675730000000000291e+04 -1.434060000000000036e+04 -5.421669999999999709e+04 -3.183159999999999854e+04 1.048779999999999927e+04 -2.659159999999999854e+03 -1.202560000000000036e+04 -3.116019999999999982e+03 5.881640000000000327e+03 4.458590000000000146e+03 1.686900000000000091e+03 -4.780899999999999636e+03 -1.357049999999999955e+03 3.351059999999999945e+03 -6.886710000000000036e+03 1.526329999999999927e+03 1.082589999999999918e+03 1.026960000000000036e+03 -2.296110000000000127e+03 3.499260000000000304e+01 -4.719130000000000109e+03 -2.761700000000000159e+02 1.216740000000000009e+03 -6.093920000000000528e+02 5.266359999999999673e+02 -3.283359999999999701e+01 -8.261609999999999445e+02 -2.200560000000000116e+02
1.331710000000000000e+05 4.697350000000000000e+04 9.029340000000000146e+03 8.460069999999999709e+03 -9.407469999999999573e+02 1.713920000000000073e+04 9.796780000000000655e+03 7.746010000000000218e+03 4.911399999999999636e+03 4.559170000000000073e+03 4.447430000000000291e+03 3.476630000000000109e+03 1.058979999999999927e+04 3.976290000000000146e+04 8.885379999999999200e+03 3.621920000000000073e+03 2.759929999999999836e+03 3.314800000000000182e+03 3.416809999999999945e+03 2.182579999999999927e+03 1.232259999999999991e+03 4.649719999999999800e+02 7.647899999999999636e+02 1.010419999999999959e+03 1.719299999999999955e+03 1.148020000000000067e+02 5.035539999999999736e+02 5.674560000000000173e+02 1.137589999999999918e+03 1.036569999999999936e+03 -6.876919999999999709e+04 1.472900000000000000e+05 9.468319999999999709e+04 -2.591479999999999927e+04 -1.826329999999999927e+04 1.067820000000000073e+04 2.262559999999999854e+04 1.558229999999999927e+04 7.526000000000000000e+03 -2.876800000000000068e+02 7.115739999999999554e+02 2.548269999999999982e+03 4.088170000000000073e+03 1.214370000000000073e+04 3.597469999999999800e+03 -2.960820000000000164e+03 2.504079999999999927e+03 2.352579999999999927e+03 3.340690000000000055e+03 2.463789999999999964e+03 1.028369999999999891e+03 1.426750000000000000e+03 1.232890000000000100e+03 2.009599999999999909e+03 2.216409999999999854e+03 -2.660749999999999886e+02 -1.095299999999999955e+03 -5.017079999999999984e+01 1.344369999999999891e+03 4.293550000000000182e+02 -1.403389999999999964e+04 -8.382410000000000582e+04 2.808479999999999927e+04 1.926309999999999854e+04 1.232249999999999943e+02 -9.528739999999999782e+03 4.698960000000000036e+03 -9.960020000000000437e+03 -2.339369999999999891e+03 -7.102779999999999745e+03 -6.294460000000000036e+03 -5.547979999999999563e+03 3.441829999999999927e+03 3.930309999999999945e+03 2.202920000000000016e+02 2.775110000000000127e+03 -4.902590000000000146e+03 -1.800519999999999982e+03 1.983820000000000050e+02 -8.800090000000000146e+02 2.835600000000000023e+02 -4.553550000000000182e+02 -1.328289999999999964e+03 2.076330000000000098e+02 3.089250000000000000e+03 -1.602160000000000082e+03 1.041089999999999918e+03 6.232930000000000064e+02 1.237369999999999891e+03 9.574450000000000500e+02
-1.049979999999999927e+04 3.282880000000000291e+04 -1.096360000000000036e+04 -1.082920000000000073e+04 1.059070000000000073e+04 6.549840000000000146e+03 3.152139999999999873e+03 1.816759999999999991e+03 4.688750000000000000e+03 4.139050000000000182e+03 3.210110000000000127e+03 1.188500000000000000e+03 3.219340000000000146e+03 8.885379999999999200e+03 3.070090000000000146e+04 6.018369999999999891e+03 2.138909999999999854e+03 1.337910000000000082e+03 1.816789999999999964e+03 2.286539999999999964e+03 1.691460000000000036e+03 1.061630000000000109e+03 1.073180000000000064e+03 9.222050000000000409e+02 7.112939999999999827e+02 4.035520000000000209e+02 6.842920000000000300e+02 6.485769999999999982e+02 9.852709999999999582e+02 1.068100000000000023e+02 -8.715069999999999709e+04 -5.174169999999999709e+04 -2.288109999999999854e+04 -9.894030000000000655e+03 -1.737879999999999927e+04 9.809180000000000291e+03 1.763059999999999854e+04 -4.013030000000000200e+03 5.065000000000000000e+03 -2.044799999999999898e+02 -1.542009999999999991e+03 -7.008859999999999673e+03 -4.083159999999999854e+03 4.727430000000000291e+03 1.388210000000000036e+04 -2.452289999999999964e+03 2.253009999999999877e+02 3.543559999999999945e+03 2.382800000000000182e+03 1.598230000000000018e+03 6.567649999999999864e+02 5.440800000000000409e+02 1.386809999999999945e+03 3.617049999999999841e+02 1.231910000000000082e+03 7.750030000000000427e+02 3.706549999999999727e+02 5.408540000000000418e+02 1.086750000000000000e+03 -6.336339999999999861e+01 -1.488630000000000000e+05 -4.376669999999999709e+04 6.481359999999999854e+04 4.472130000000000291e+04 5.145210000000000036e+03 3.933400000000000091e+03 7.554090000000000146e+03 -5.175000000000000000e+03 1.014520000000000073e+04 3.248259999999999792e+01 -3.430030000000000200e+03 -5.129420000000000073e+03 -4.950189999999999600e+03 2.743110000000000127e+03 1.395779999999999973e+03 5.851720000000000255e+02 -1.735029999999999973e+03 -2.685610000000000127e+03 -4.168149999999999977e+02 -9.728119999999999834e+01 1.473099999999999909e+03 5.856789999999999736e+02 -1.922609999999999957e+02 -1.247839999999999918e+03 -1.225000000000000000e+03 -6.440410000000000537e+02 -8.681250000000000000e+02 -1.154140000000000100e+03 -5.777160000000000082e+02 -2.588129999999999882e+02
6.110890000000000146e+04 6.029180000000000291e+04 1.720100000000000000e+04 -9.889660000000000082e+02 1.472760000000000036e+04 1.788070000000000073e+04 8.758799999999999272e+03 3.867599999999999909e+03 1.840029999999999973e+03 2.200389999999999873e+03 3.232530000000000200e+03 1.873720000000000027e+03 2.192429999999999836e+03 3.621920000000000073e+03 6.018369999999999891e+03 2.611509999999999854e+04 4.693819999999999709e+03 2.667139999999999873e+03 2.052510000000000218e+03 1.490279999999999973e+03 1.801180000000000064e+03 7.052809999999999491e+02 9.909809999999999945e+02 9.246090000000000373e+02 1.370099999999999909e+03 1.574819999999999936e+03 8.538089999999999691e+02 5.451119999999999663e+02 7.259410000000000309e+02 8.127240000000000464e+02 -1.180060000000000000e+05 -2.372340000000000146e+04 9.019039999999999418e+04 4.261219999999999709e+04 1.956800000000000000e+04 2.429340000000000146e+04 1.910670000000000073e+04 -7.663680000000000291e+03 -2.809070000000000164e+03 2.539030000000000200e+03 -5.607250000000000227e+02 -4.171159999999999854e+03 -4.076110000000000127e+03 -4.023280000000000200e+03 3.283550000000000182e+03 1.014579999999999927e+04 2.461610000000000127e+03 1.814819999999999936e+03 1.319759999999999991e+03 7.931630000000000109e+02 -1.816900000000000091e+03 9.563309999999999889e+01 1.936900000000000091e+03 5.765190000000000055e+02 1.958980000000000018e+03 3.167699999999999960e+01 4.222330000000000041e+02 -1.552460000000000093e+02 3.583609999999999900e+02 5.391040000000000418e+02 3.451609999999999854e+04 3.583719999999999709e+04 9.616719999999999709e+04 1.539610000000000036e+04 -3.424880000000000109e+03 -4.620500000000000000e+03 2.104040000000000146e+04 4.805130000000000109e+03 -7.616190000000000282e+02 -2.630179999999999836e+03 -4.873850000000000364e+03 -4.391970000000000255e+03 -8.051329999999999927e+03 -6.897409999999999854e+03 -2.257219999999999800e+03 6.511069999999999709e+02 -4.969189999999999600e+03 -2.755949999999999818e+03 1.455599999999999909e+03 5.490660000000000309e+02 6.641100000000000136e+02 -1.873680000000000064e+03 2.717579999999999814e+02 -1.310569999999999936e+03 6.386190000000000282e+02 8.707839999999999918e+02 -1.049039999999999964e+03 6.066530000000000200e+02 6.015940000000000509e+02 5.667889999999999873e+02
3.761780000000000291e+04 1.377920000000000073e+04 4.760819999999999709e+03 5.256889999999999645e+02 4.775470000000000255e+03 1.070160000000000036e+04 6.252920000000000073e+03 5.840479999999999563e+03 5.659140000000000327e+03 3.724309999999999945e+03 2.592469999999999800e+03 3.169159999999999854e+03 1.982569999999999936e+03 2.759929999999999836e+03 2.138909999999999854e+03 4.693819999999999709e+03 2.141790000000000146e+04 5.148859999999999673e+03 2.384730000000000018e+03 7.448619999999999663e+02 7.752150000000000318e+02 1.031170000000000073e+03 1.748619999999999891e+03 1.174549999999999955e+03 9.440240000000000009e+02 6.692430000000000518e+02 3.386240000000000236e+02 6.124220000000000255e+02 8.940430000000000064e+02 1.889890000000000043e+02 -1.384130000000000000e+05 -7.279039999999999418e+04 1.203630000000000000e+05 2.981970000000000073e+04 7.231150000000000091e+02 2.698400000000000000e+04 7.536500000000000000e+03 4.944689999999999600e+03 9.357760000000000218e+03 5.388359999999999673e+03 5.351449999999999818e+03 3.052670000000000073e+03 8.296250000000000000e+02 -2.110869999999999891e+03 2.798510000000000218e+03 -5.261050000000000182e+02 7.918329999999999927e+03 1.611900000000000091e+03 1.981990000000000009e+03 -1.747259999999999991e+03 -5.218550000000000182e+02 2.819159999999999968e+02 -5.696430000000000291e+02 -2.803940000000000055e+02 2.290519999999999982e+03 -1.035930000000000064e+03 -2.791059999999999945e+02 -4.563369999999999891e+02 -2.789870000000000232e+02 -8.951870000000000118e+02 2.601279999999999927e+04 -4.497019999999999709e+04 -4.936519999999999709e+04 -8.163839999999999418e+04 -3.934340000000000146e+04 -1.257029999999999927e+04 -2.151500000000000000e+03 5.889619999999999891e+03 4.701979999999999563e+03 3.772849999999999909e+03 -4.587350000000000364e+03 2.110399999999999920e+02 2.550050000000000182e+03 -3.151750000000000000e+03 3.659840000000000146e+03 2.164799999999999898e+02 2.041359999999999900e+03 -1.210220000000000027e+03 9.301689999999999827e+02 -1.207099999999999909e+03 1.448680000000000064e+03 -1.437160000000000082e+02 -2.155010000000000218e+03 -1.913569999999999936e+03 -1.421599999999999909e+03 1.021140000000000043e+02 1.734259999999999991e+03 4.491050000000000182e+02 9.034120000000000346e+02 6.797830000000000155e+02
