1.663370000000000000e+07 5.115310000000000000e+06 -3.775419999999999709e+04 -2.748690000000000000e+05 -1.566740000000000000e+05 5.380730000000000291e+04 -3.585800000000000182e+03 -1.689240000000000146e+04 -4.544800000000000000e+04 7.618069999999999709e+03 -2.162450000000000000e+04 -5.164400000000000000e+04 -3.516809999999999945e+03 1.530860000000000036e+04 -2.527350000000000000e+04 6.206230000000000291e+04 1.722270000000000073e+04 1.308310000000000036e+04 -2.456849999999999909e+03 -1.144400000000000000e+04 2.177429999999999927e+04 -8.940319999999999709e+03 -2.204690000000000146e+04 3.977949999999999818e+03 -7.988760000000000218e+03 -5.127409999999999854e+03 -8.503969999999999345e+03 -5.685970000000000255e+03 4.837460000000000036e+03 -1.537100000000000000e+04 1.346100000000000000e+06 2.080960000000000000e+06 7.332119999999999709e+04 -1.945290000000000000e+05 -8.851200000000000000e+04 2.901720000000000000e+05 -3.586769999999999709e+04 8.161530000000000291e+04 -1.215150000000000000e+05 2.678459999999999854e+04 -3.740830000000000291e+04 -1.397819999999999936e+03 -3.708850000000000000e+04 -7.960100000000000000e+04 1.933309999999999854e+04 1.620050000000000000e+05 1.220010000000000000e+05 2.785900000000000000e+04 2.988650000000000000e+04 -4.014359999999999854e+04 2.604959999999999854e+04 -1.320310000000000036e+04 -2.031209999999999854e+04 7.981670000000000073e+03 -5.426009999999999854e+04 -3.259079999999999927e+04 -1.540639999999999964e+04 5.636609999999999673e+03 1.992140000000000146e+04 -4.625590000000000146e+04 0.000000000000000000e+00 0.000000000000000000e+00 0.000000000000000000e+00 0.000000000000000000e+00 0.000000000000000000e+00 0.000000000000000000e+00 0.000000000000000000e+00 0.000000000000000000e+00 0.000000000000000000e+00 0.000000000000000000e+00 0.000000000000000000e+00 0.000000000000000000e+00 0.000000000000000000e+00 0.000000000000000000e+00 0.000000000000000000e+00 0.000000000000000000e+00 0.000000000000000000e+00 0.000000000000000000e+00 0.000000000000000000e+00 0.000000000000000000e+00 0.000000000000000000e+00 0.000000000000000000e+00 0.000000000000000000e+00 0.000000000000000000e+00 0.000000000000000000e+00 0.000000000000000000e+00 0.000000000000000000e+00 0.000000000000000000e+00 0.000000000000000000e+00 0.000000000000000000e+00
5.115310000000000000e+06 1.931590000000000000e+07 3.177770000000000000e+06 -7.151350000000000000e+04 -3.913950000000000000e+04 1.289920000000000073e+03 2.160590000000000146e+04 7.099239999999999418e+04 -5.815009999999999854e+04 -3.781940000000000146e+04 -2.769650000000000000e+04 2.281300000000000182e+03 -2.591140000000000146e+04 2.704929999999999927e+04 3.009390000000000146e+04 2.080790000000000146e+04 5.200119999999999709e+04 3.271500000000000000e+04 1.492020000000000073e+04 3.076070000000000164e+03 8.274460000000000264e+02 -1.197839999999999918e+03 3.364380000000000109e+03 2.011990000000000009e+03 7.610770000000000437e+03 1.100739999999999964e+04 3.111059999999999945e+03 2.142309999999999945e+03 1.652359999999999854e+04 -6.660710000000000036e+03 2.984430000000000000e+06 1.718180000000000000e+07 2.545870000000000000e+06 1.599290000000000000e+05 3.279700000000000000e+04 -7.295830000000000291e+04 -1.659900000000000000e+05 -2.155420000000000073e+04 -9.117469999999999709e+04 7.723530000000000291e+04 3.082390000000000146e+04 9.568980000000000291e+04 2.315560000000000116e+02 5.562369999999999891e+03 7.563880000000000291e+04 1.535279999999999973e+03 7.037130000000000291e+04 3.580209999999999854e+04 -1.493679999999999927e+04 6.466529999999999745e+03 -7.545170000000000073e+03 -5.842069999999999936e+02 -6.663289999999999964e+03 -2.303379999999999927e+04 -2.557920000000000073e+04 -1.287229999999999927e+04 -7.976279999999999745e+03 -4.701119999999999891e+03 7.913829999999999927e+03 -5.416869999999999891e+03 0.000000000000000000e+00 0.000000000000000000e+00 0.000000000000000000e+00 0.000000000000000000e+00 0.000000000000000000e+00 0.000000000000000000e+00 0.000000000000000000e+00 0.000000000000000000e+00 0.000000000000000000e+00 0.000000000000000000e+00 0.000000000000000000e+00 0.000000000000000000e+00 0.000000000000000000e+00 0.000000000000000000e+00 0.000000000000000000e+00 0.000000000000000000e+00 0.000000000000000000e+00 0.000000000000000000e+00 0.000000000000000000e+00 0.000000000000000000e+00 0.000000000000000000e+00 0.000000000000000000e+00 0.000000000000000000e+00 0.000000000000000000e+00 0.000000000000000000e+00 0.000000000000000000e+00 0.000000000000000000e+00 0.000000000000000000e+00 0.000000000000000000e+00 0.000000000000000000e+00
-3.775419999999999709e+04 3.177770000000000000e+06 7.810900000000000000e+06 1.124430000000000000e+06 3.265759999999999854e+04 1.022220000000000000e+05 -1.486620000000000073e+04 6.578900000000000000e+04 -7.275159999999999854e+03 -4.315979999999999563e+03 -3.557309999999999854e+04 2.031450000000000045e+03 1.392860000000000036e+04 -6.297909999999999854e+03 -4.640640000000000327e+03 8.952579999999999927e+03 3.733469999999999709e+04 3.608550000000000000e+04 7.504260000000000218e+03 7.244500000000000000e+03 5.767909999999999854e+03 9.816120000000000800e+03 8.300920000000000073e+03 5.741489999999999782e+03 -3.054599999999999795e+02 9.761959999999999127e+03 4.954569999999999709e+03 -1.611730000000000018e+03 9.220229999999999563e+03 7.707649999999999636e+03 8.874170000000000000e+05 4.992020000000000000e+06 9.110620000000000000e+06 9.768050000000000000e+05 -3.660350000000000000e+04 8.336080000000000291e+04 -5.787990000000000146e+04 1.668600000000000000e+05 -8.513239999999999418e+04 -5.694390000000000146e+04 8.908540000000000873e+03 1.212329999999999927e+04 5.822959999999999854e+04 -5.018659999999999854e+03 2.521190000000000146e+04 -5.530789999999999964e+03 9.784379999999999200e+03 2.684770000000000073e+04 -1.378510000000000036e+04 -1.371610000000000036e+04 -3.474449999999999818e+03 3.968000000000000000e+03 4.925199999999999818e+03 -4.927470000000000255e+03 -6.770020000000000437e+03 3.787989999999999782e+03 2.179120000000000073e+04 1.385920000000000073e+04 1.920390000000000146e+04 1.217250000000000000e+04 0.000000000000000000e+00 0.000000000000000000e+00 0.000000000000000000e+00 0.000000000000000000e+00 0.000000000000000000e+00 0.000000000000000000e+00 0.000000000000000000e+00 0.000000000000000000e+00 0.000000000000000000e+00 0.000000000000000000e+00 0.000000000000000000e+00 0.000000000000000000e+00 0.000000000000000000e+00 0.000000000000000000e+00 0.000000000000000000e+00 0.000000000000000000e+00 0.000000000000000000e+00 0.000000000000000000e+00 0.000000000000000000e+00 0.000000000000000000e+00 0.000000000000000000e+00 0.000000000000000000e+00 0.000000000000000000e+00 0.000000000000000000e+00 0.000000000000000000e+00 0.000000000000000000e+00 0.000000000000000000e+00 0.000000000000000000e+00 0.000000000000000000e+00 0.000000000000000000e+00
-2.748690000000000000e+05 -7.151350000000000000e+04 1.124430000000000000e+06 3.700460000000000000e+06 7.091350000000000000e+05 2.715750000000000000e+04 -2.333770000000000073e+04 3.238200000000000000e+04 6.660380000000000291e+04 1.561850000000000000e+04 1.072389999999999964e+04 2.858709999999999854e+04 1.748540000000000146e+04 -1.015210000000000036e+04 8.268899999999999636e+03 3.394000000000000000e+03 1.963109999999999854e+04 5.275369999999999891e+03 -3.055110000000000241e+02 -4.114579999999999927e+03 1.501279999999999927e+04 5.682279999999999745e+03 -1.491099999999999909e+03 5.673640000000000327e+02 2.265119999999999891e+03 3.469880000000000109e+03 1.850470000000000027e+03 -3.728750000000000000e+03 -1.648969999999999914e+02 2.986710000000000036e+03 -2.056859999999999854e+04 8.540950000000000000e+04 1.398860000000000000e+06 4.861800000000000000e+06 6.442350000000000000e+05 3.139850000000000000e+04 -1.612070000000000000e+05 -5.116050000000000000e+04 4.618440000000000146e+04 -4.189740000000000146e+04 3.105509999999999854e+04 -6.051930000000000291e+03 -1.413429999999999927e+04 -1.782979999999999927e+04 5.069029999999999745e+03 -1.642590000000000146e+04 1.735050000000000000e+04 1.828390000000000146e+04 -4.717350000000000136e+02 -1.484850000000000000e+04 2.795420000000000073e+04 9.168110000000000582e+03 5.152600000000000364e+03 1.546800000000000000e+04 5.627050000000000182e+03 1.343609999999999900e+03 -4.448520000000000437e+03 -4.938340000000000146e+03 2.478079999999999927e+03 4.892689999999999600e+03 0.000000000000000000e+00 0.000000000000000000e+00 0.000000000000000000e+00 0.000000000000000000e+00 0.000000000000000000e+00 0.000000000000000000e+00 0.000000000000000000e+00 0.000000000000000000e+00 0.000000000000000000e+00 0.000000000000000000e+00 0.000000000000000000e+00 0.000000000000000000e+00 0.000000000000000000e+00 0.000000000000000000e+00 0.000000000000000000e+00 0.000000000000000000e+00 0.000000000000000000e+00 0.000000000000000000e+00 0.000000000000000000e+00 0.000000000000000000e+00 0.000000000000000000e+00 0.000000000000000000e+00 0.000000000000000000e+00 0.000000000000000000e+00 0.000000000000000000e+00 0.000000000000000000e+00 0.000000000000000000e+00 0.000000000000000000e+00 0.000000000000000000e+00 0.000000000000000000e+00
-1.566740000000000000e+05 -3.913950000000000000e+04 3.265759999999999854e+04 7.091350000000000000e+05 1.657150000000000000e+06 2.663760000000000000e+05 1.447509999999999991e+03 2.655570000000000073e+04 1.587429999999999927e+04 3.511269999999999982e+03 1.205160000000000036e+04 2.135050000000000000e+04 7.003550000000000182e+03 -2.248889999999999873e+03 1.046539999999999964e+03 -5.849359999999999673e+03 7.465569999999999709e+03 8.974430000000000291e+03 5.097170000000000073e+03 4.578159999999999854e+03 -4.163230000000000075e+01 -1.585049999999999955e+03 2.641579999999999927e+03 -6.196189999999999600e+03 -3.096150000000000091e+03 8.365890000000000555e+02 3.282369999999999891e+03 -1.681299999999999955e+03 -5.212060000000000173e+02 1.741959999999999980e+02 -2.735230000000000000e+05 -6.631650000000000000e+04 -8.013230000000000291e+04 9.468590000000000000e+05 2.420450000000000000e+06 3.623170000000000000e+05 -4.153740000000000146e+04 -1.435410000000000036e+04 -7.501420000000000073e+03 -2.581210000000000036e+03 5.552319999999999709e+04 1.142189999999999964e+04 -1.396029999999999973e+03 1.180010000000000036e+04 2.240950000000000000e+04 -1.611760000000000036e+04 8.622659999999999854e+03 9.912190000000000509e+03 2.381880000000000109e+03 -4.970829999999999927e+03 -8.019270000000000437e+03 -1.058320000000000073e+04 1.770909999999999854e+04 -7.231350000000000364e+03 -1.060639999999999964e+04 -6.734029999999999745e+03 4.843289999999999964e+03 1.863220000000000027e+02 -3.076329999999999927e+03 1.002529999999999973e+03 0.000000000000000000e+00 0.000000000000000000e+00 0.000000000000000000e+00 0.000000000000000000e+00 0.000000000000000000e+00 0.000000000000000000e+00 0.000000000000000000e+00 0.000000000000000000e+00 0.000000000000000000e+00 0.000000000000000000e+00 0.000000000000000000e+00 0.000000000000000000e+00 0.000000000000000000e+00 0.000000000000000000e+00 0.000000000000000000e+00 0.000000000000000000e+00 0.000000000000000000e+00 0.000000000000000000e+00 0.000000000000000000e+00 0.000000000000000000e+00 0.000000000000000000e+00 0.000000000000000000e+00 0.000000000000000000e+00 0.000000000000000000e+00 0.000000000000000000e+00 0.000000000000000000e+00 0.000000000000000000e+00 0.000000000000000000e+00 0.000000000000000000e+00 0.000000000000000000e+00
5.380730000000000291e+04 1.289920000000000073e+03 1.022220000000000000e+05 2.715750000000000000e+04 2.663760000000000000e+05 8.030830000000000000e+05 9.427180000000000291e+04 5.609369999999999709e+04 6.868539999999999964e+03 -1.215270000000000073e+04 -2.184329999999999927e+03 -6.036029999999999745e+03 2.284440000000000055e+03 5.497490000000000236e+02 2.552949999999999818e+03 -3.834739999999999782e+03 1.394400000000000091e+03 8.244100000000000364e+03 4.707390000000000327e+03 1.776170000000000073e+03 5.782460000000000036e+03 6.222350000000000136e+02 3.882400000000000091e+02 1.748710000000000036e+03 6.758419999999999845e+02 -1.755369999999999919e+01 5.167619999999999891e+03 2.282199999999999818e+03 1.738180000000000064e+03 6.863680000000000518e+02 -3.631640000000000146e+04 -3.083490000000000146e+04 -2.488840000000000000e+05 1.857579999999999927e+04 4.884890000000000000e+05 1.074290000000000000e+06 6.974989999999999418e+04 2.807329999999999927e+04 1.888370000000000073e+04 -3.277739999999999782e+03 2.893340000000000146e+04 -5.597739999999999782e+03 1.827789999999999964e+03 1.199239999999999964e+04 1.570179999999999927e+04 -3.852760000000000218e+03 -3.963090000000000146e+03 5.712000000000000000e+03 8.711549999999999272e+03 5.174909999999999677e+00 9.206250000000000000e+03 3.495780000000000200e+03 4.363359999999999673e+03 -5.491250000000000000e+03 -4.049710000000000036e+03 2.172110000000000127e+03 1.039760000000000036e+04 3.971349999999999909e+03 4.301909999999999741e+02 -1.312779999999999973e+03 0.000000000000000000e+00 0.000000000000000000e+00 0.000000000000000000e+00 0.000000000000000000e+00 0.000000000000000000e+00 0.000000000000000000e+00 0.000000000000000000e+00 0.000000000000000000e+00 0.000000000000000000e+00 0.000000000000000000e+00 0.000000000000000000e+00 0.000000000000000000e+00 0.000000000000000000e+00 0.000000000000000000e+00 0.000000000000000000e+00 0.000000000000000000e+00 0.000000000000000000e+00 0.000000000000000000e+00 0.000000000000000000e+00 0.000000000000000000e+00 0.000000000000000000e+00 0.000000000000000000e+00 0.000000000000000000e+00 0.000000000000000000e+00 0.000000000000000000e+00 0.000000000000000000e+00 0.000000000000000000e+00 0.000000000000000000e+00 0.000000000000000000e+00 0.000000000000000000e+00
-3.585800000000000182e+03 2.160590000000000146e+04 -1.486620000000000073e+04 -2.333770000000000073e+04 1.447509999999999991e+03 9.427180000000000291e+04 5.170610000000000000e+05 9.093489999999999418e+04 3.511559999999999945e+03 4.444750000000000000e+03 5.337180000000000291e+03 7.862670000000000073e+03 1.199100000000000000e+04 9.320190000000000509e+03 3.692800000000000182e+03 5.609020000000000437e+03 5.637079999999999927e+03 6.318149999999999636e+03 8.107600000000000364e+03 3.693300000000000182e+03 4.636520000000000437e+03 5.974880000000000564e+02 3.857690000000000055e+03 2.937920000000000073e+03 3.085009999999999764e+02 3.146659999999999854e+03 1.189440000000000055e+03 1.825059999999999945e+03 2.054460000000000036e+03 2.772980000000000018e+03 2.517659999999999854e+04 -1.348460000000000000e+05 -1.613880000000000000e+05 4.414959999999999854e+04 3.023070000000000073e+04 1.710440000000000000e+05 7.550980000000000000e+05 1.066920000000000000e+05 -2.107570000000000073e+04 -1.191370000000000073e+04 5.223350000000000364e+03 2.944129999999999927e+04 9.316959999999999127e+03 -9.439199999999999591e+02 4.864119999999999891e+03 1.026500000000000000e+04 7.125840000000000146e+03 1.171470000000000073e+04 8.463639999999999418e+03 3.760530000000000200e+03 -4.429079999999999927e+03 8.141930000000000291e+03 3.887989999999999782e+03 2.224070000000000107e+02 -3.700369999999999891e+03 5.331270000000000437e+03 -1.771920000000000073e+03 -1.257730000000000018e+03 3.606130000000000109e+03 3.090349999999999909e+03 0.000000000000000000e+00 0.000000000000000000e+00 0.000000000000000000e+00 0.000000000000000000e+00 0.000000000000000000e+00 0.000000000000000000e+00 0.000000000000000000e+00 0.000000000000000000e+00 0.000000000000000000e+00 0.000000000000000000e+00 0.000000000000000000e+00 0.000000000000000000e+00 0.000000000000000000e+00 0.000000000000000000e+00 0.000000000000000000e+00 0.000000000000000000e+00 0.000000000000000000e+00 0.000000000000000000e+00 0.000000000000000000e+00 0.000000000000000000e+00 0.000000000000000000e+00 0.000000000000000000e+00 0.000000000000000000e+00 0.000000000000000000e+00 0.000000000000000000e+00 0.000000000000000000e+00 0.000000000000000000e+00 0.000000000000000000e+00 0.000000000000000000e+00 0.000000000000000000e+00
-1.689240000000000146e+04 7.099239999999999418e+04 6.578900000000000000e+04 3.238200000000000000e+04 2.655570000000000073e+04 5.609369999999999709e+04 9.093489999999999418e+04 3.073050000000000000e+05 5.322719999999999709e+04 5.183289999999999964e+03 2.084139999999999873e+03 2.348599999999999909e+03 5.586220000000000255e+03 5.306800000000000182e+03 1.546900000000000091e+03 8.087699999999999818e+03 5.994630000000000109e+03 4.688800000000000182e+03 5.810840000000000146e+03 2.870269999999999982e+03 4.588279999999999745e+03 3.221410000000000196e+02 4.107320000000000277e+02 1.137289999999999964e+03 2.348780000000000200e+03 3.067849999999999909e+03 1.994609999999999900e+03 6.401670000000000300e+02 6.021040000000000418e+02 7.582380000000000564e+02 2.165109999999999854e+04 -3.246250000000000000e+05 1.497929999999999927e+04 5.573040000000000146e+04 1.035630000000000000e+05 1.144980000000000000e+05 1.340210000000000000e+05 4.305850000000000000e+05 8.392689999999999418e+04 8.541090000000000146e+03 2.184590000000000146e+03 1.097639999999999964e+04 6.284090000000000146e+03 9.640870000000000800e+03 5.447630000000000109e+03 1.225500000000000000e+04 5.321680000000000291e+03 1.178310000000000036e+04 4.351520000000000437e+03 3.373500000000000000e+03 6.110380000000000109e+03 9.308139999999999418e+03 2.989989999999999782e+03 -4.515300000000000182e+03 4.580569999999999709e+03 1.469839999999999918e+03 1.034309999999999945e+03 1.262490000000000009e+03 7.483279999999999745e+02 3.420750000000000313e+01 0.000000000000000000e+00 0.000000000000000000e+00 0.000000000000000000e+00 0.000000000000000000e+00 0.000000000000000000e+00 0.000000000000000000e+00 0.000000000000000000e+00 0.000000000000000000e+00 0.000000000000000000e+00 0.000000000000000000e+00 0.000000000000000000e+00 0.000000000000000000e+00 0.000000000000000000e+00 0.000000000000000000e+00 0.000000000000000000e+00 0.000000000000000000e+00 0.000000000000000000e+00 0.000000000000000000e+00 0.000000000000000000e+00 0.000000000000000000e+00 0.000000000000000000e+00 0.000000000000000000e+00 0.000000000000000000e+00 0.000000000000000000e+00 0.000000000000000000e+00 0.000000000000000000e+00 0.000000000000000000e+00 0.000000000000000000e+00 0.000000000000000000e+00 0.000000000000000000e+00
-4.544800000000000000e+04 -5.815009999999999854e+04 -7.275159999999999854e+03 6.660380000000000291e+04 1.587429999999999927e+04 6.868539999999999964e+03 3.511559999999999945e+03 5.322719999999999709e+04 1.819580000000000000e+05 3.476219999999999709e+04 3.686050000000000182e+03 -5.740849999999999653e+01 5.793540000000000418e+02 7.900130000000000337e+02 7.184230000000000018e+02 3.564550000000000182e+03 4.571739999999999782e+03 1.544289999999999964e+03 3.624920000000000073e+03 3.474900000000000091e+03 3.189099999999999909e+03 6.428590000000000373e+02 2.072489999999999782e+03 2.409809999999999945e+03 3.292719999999999800e+03 2.978610000000000127e+03 9.102849999999999682e+02 1.236610000000000014e+02 -4.825849999999999795e+02 1.289400000000000091e+03 -1.068890000000000000e+05 -2.356390000000000000e+05 -6.450780000000000291e+04 6.970769999999999709e+04 -3.545569999999999709e+04 -5.497819999999999709e+03 1.829009999999999854e+04 8.826780000000000291e+04 2.645790000000000000e+05 4.031380000000000291e+04 -1.043410000000000036e+04 2.070460000000000036e+03 -5.662380000000000109e+03 -6.211470000000000255e+03 7.261620000000000346e+02 4.555510000000000218e+03 5.771739999999999782e+03 -1.826009999999999991e+03 1.050140000000000100e+03 8.387709999999999127e+03 6.910529999999999745e+03 -4.349399999999999977e+02 3.890900000000000091e+03 1.829339999999999918e+03 3.245170000000000073e+03 2.483000000000000000e+03 -5.035600000000000023e+02 2.518889999999999873e+03 8.786219999999999573e+02 8.286299999999999955e+02 0.000000000000000000e+00 0.000000000000000000e+00 0.000000000000000000e+00 0.000000000000000000e+00 0.000000000000000000e+00 0.000000000000000000e+00 0.000000000000000000e+00 0.000000000000000000e+00 0.000000000000000000e+00 0.000000000000000000e+00 0.000000000000000000e+00 0.000000000000000000e+00 0.000000000000000000e+00 0.000000000000000000e+00 0.000000000000000000e+00 0.000000000000000000e+00 0.000000000000000000e+00 0.000000000000000000e+00 0.000000000000000000e+00 0.000000000000000000e+00 0.000000000000000000e+00 0.000000000000000000e+00 0.000000000000000000e+00 0.000000000000000000e+00 0.000000000000000000e+00 0.000000000000000000e+00 0.000000000000000000e+00 0.000000000000000000e+00 0.000000000000000000e+00 0.000000000000000000e+00
7.618069999999999709e+03 -3.781940000000000146e+04 -4.315979999999999563e+03 1.561850000000000000e+04 3.511269999999999982e+03 -1.215270000000000073e+04 4.444750000000000000e+03 5.183289999999999964e+03 3.476219999999999709e+04 1.286520000000000000e+05 2.170609999999999854e+04 1.567130000000000109e+03 1.280819999999999936e+03 -6.031159999999999854e+02 2.242170000000000073e+03 2.427190000000000055e+03 3.846050000000000182e+03 9.904230000000000018e+02 1.304500000000000000e+03 2.568849999999999909e+03 1.813440000000000055e+03 -4.981650000000000205e+02 2.799179999999999836e+03 7.024800000000000182e+02 1.274640000000000100e+03 2.459710000000000036e+03 1.028769999999999982e+03 1.099440000000000055e+03 -3.220299999999999727e+02 -1.715560000000000116e+02 8.000969999999999709e+04 -6.595019999999999709e+04 -7.880960000000000582e+04 -7.209260000000000582e+04 -5.363609999999999854e+04 1.057099999999999909e+03 6.971109999999999673e+03 1.907090000000000146e+04 5.721019999999999709e+04 1.837550000000000000e+05 2.089650000000000000e+04 5.915159999999999854e+03 -2.441820000000000164e+03 -2.792059999999999945e+03 -1.289880000000000109e+03 1.562190000000000055e+03 2.677349999999999909e+03 5.936779999999999973e+02 2.846960000000000036e+03 6.379770000000000437e+03 3.447389999999999873e+03 -4.457100000000000364e+03 2.755199999999999818e+03 -4.901050000000000182e+02 7.734640000000000555e+02 3.916639999999999873e+03 -5.992510000000000048e+01 1.502130000000000109e+03 -9.749439999999999884e+01 -2.368269999999999982e+03 0.000000000000000000e+00 0.000000000000000000e+00 0.000000000000000000e+00 0.000000000000000000e+00 0.000000000000000000e+00 0.000000000000000000e+00 0.000000000000000000e+00 0.000000000000000000e+00 0.000000000000000000e+00 0.000000000000000000e+00 0.000000000000000000e+00 0.000000000000000000e+00 0.000000000000000000e+00 0.000000000000000000e+00 0.000000000000000000e+00 0.000000000000000000e+00 0.000000000000000000e+00 0.000000000000000000e+00 0.000000000000000000e+00 0.000000000000000000e+00 0.000000000000000000e+00 0.000000000000000000e+00 0.000000000000000000e+00 0.000000000000000000e+00 0.000000000000000000e+00 0.000000000000000000e+00 0.000000000000000000e+00 0.000000000000000000e+00 0.000000000000000000e+00 0.000000000000000000e+00
-2.162450000000000000e+04 -2.769650000000000000e+04 -3.557309999999999854e+04 1.072389999999999964e+04 1.205160000000000036e+04 -2.184329999999999927e+03 5.337180000000000291e+03 2.084139999999999873e+03 3.686050000000000182e+03 2.170609999999999854e+04 8.047719999999999709e+04 1.789750000000000000e+04 6.692500000000000000e+03 2.373469999999999800e+03 3.919050000000000182e+03 1.989420000000000073e+03 1.950630000000000109e+03 7.639310000000000400e+02 2.465000000000000000e+03 1.067680000000000064e+03 2.206219999999999800e+03 1.553819999999999936e+03 4.602769999999999868e+02 5.561530000000000200e+02 9.646100000000000136e+02 1.678339999999999918e+03 8.497129999999999654e+02 2.686809999999999832e+02 -7.892079999999999700e+02 1.048109999999999900e+03 -4.609459999999999854e+04 -4.953069999999999709e+04 -9.755939999999999418e+04 7.166530000000000291e+04 -2.256559999999999945e+03 1.714340000000000146e+04 9.481700000000000728e+03 1.770809999999999854e+04 1.092070000000000073e+04 2.564859999999999854e+04 1.129940000000000000e+05 2.080179999999999927e+04 7.867270000000000437e+03 4.295869999999999891e+03 1.561049999999999898e+02 -2.640809999999999945e+03 -6.361889999999999645e+02 -1.668829999999999927e+03 1.718980000000000018e+03 1.239400000000000091e+03 1.669589999999999918e+03 4.369789999999999964e+03 -7.383809999999999718e+02 2.634400000000000091e+03 3.306190000000000055e+03 2.906579999999999927e+03 1.381890000000000100e+03 -1.595080000000000098e+02 -2.387170000000000073e+03 1.890680000000000064e+03 0.000000000000000000e+00 0.000000000000000000e+00 0.000000000000000000e+00 0.000000000000000000e+00 0.000000000000000000e+00 0.000000000000000000e+00 0.000000000000000000e+00 0.000000000000000000e+00 0.000000000000000000e+00 0.000000000000000000e+00 0.000000000000000000e+00 0.000000000000000000e+00 0.000000000000000000e+00 0.000000000000000000e+00 0.000000000000000000e+00 0.000000000000000000e+00 0.000000000000000000e+00 0.000000000000000000e+00 0.000000000000000000e+00 0.000000000000000000e+00 0.000000000000000000e+00 0.000000000000000000e+00 0.000000000000000000e+00 0.000000000000000000e+00 0.000000000000000000e+00 0.000000000000000000e+00 0.000000000000000000e+00 0.000000000000000000e+00 0.000000000000000000e+00 0.000000000000000000e+00
-5.164400000000000000e+04 2.281300000000000182e+03 2.031450000000000045e+03 2.858709999999999854e+04 2.135050000000000000e+04 -6.036029999999999745e+03 7.862670000000000073e+03 2.348599999999999909e+03 -5.740849999999999653e+01 1.567130000000000109e+03 1.789750000000000000e+04 6.409880000000000291e+04 1.106660000000000036e+04 2.970909999999999854e+03 1.735529999999999973e+03 7.668700000000000045e+02 8.843020000000000209e+02 2.669619999999999891e+03 2.066449999999999818e+03 1.186890000000000100e+03 3.413740000000000236e+02 7.381269999999999527e+02 4.524639999999999986e+02 1.537369999999999948e+02 8.844310000000000116e+01 9.220320000000000391e+02 9.436349999999999909e+02 5.919410000000000309e+02 6.943709999999999809e+02 1.009269999999999982e+03 4.809730000000000291e+04 1.243500000000000000e+05 -5.010719999999999709e+04 3.365390000000000146e+04 3.665969999999999709e+04 5.683590000000000146e+03 1.356110000000000036e+04 7.368569999999999709e+02 -2.283590000000000146e+03 5.468129999999999882e+02 1.625050000000000000e+04 8.664680000000000291e+04 1.129910000000000036e+04 3.131269999999999982e+03 4.501259999999999764e+02 -2.624730000000000018e+03 -1.827119999999999891e+03 5.065199999999999818e+03 3.840829999999999927e+03 9.418769999999999527e+02 -2.879949999999999818e+03 7.486190000000000566e+01 -3.779820000000000277e+02 6.979840000000000373e+02 -6.662490000000000236e+02 2.369239999999999782e+03 1.214640000000000100e+03 3.644329999999999927e+03 1.845599999999999909e+03 1.348799999999999955e+03 0.000000000000000000e+00 0.000000000000000000e+00 0.000000000000000000e+00 0.000000000000000000e+00 0.000000000000000000e+00 0.000000000000000000e+00 0.000000000000000000e+00 0.000000000000000000e+00 0.000000000000000000e+00 0.000000000000000000e+00 0.000000000000000000e+00 0.000000000000000000e+00 0.000000000000000000e+00 0.000000000000000000e+00 0.000000000000000000e+00 0.000000000000000000e+00 0.000000000000000000e+00 0.000000000000000000e+00 0.000000000000000000e+00 0.000000000000000000e+00 0.000000000000000000e+00 0.000000000000000000e+00 0.000000000000000000e+00 0.000000000000000000e+00 0.000000000000000000e+00 0.000000000000000000e+00 0.000000000000000000e+00 0.000000000000000000e+00 0.000000000000000000e+00 0.000000000000000000e+00
-3.516809999999999945e+03 -2.591140000000000146e+04 1.392860000000000036e+04 1.748540000000000146e+04 7.003550000000000182e+03 2.284440000000000055e+03 1.199100000000000000e+04 5.586220000000000255e+03 5.793540000000000418e+02 1.280819999999999936e+03 6.692500000000000000e+03 1.106660000000000036e+04 4.499430000000000291e+04 1.014429999999999927e+04 1.239000000000000000e+03 1.266799999999999955e+03 7.966040000000000418e+02 1.093480000000000018e+03 3.856859999999999786e+02 -1.740240000000000009e+02 1.512259999999999991e+03 8.092470000000000141e+01 3.655109999999999815e+01 1.484079999999999927e+03 5.148269999999999982e+02 1.068490000000000009e+03 5.580009999999999764e+02 4.873340000000000032e+02 5.302920000000000300e+02 7.649829999999999472e+02 -3.757800000000000000e+04 1.191100000000000000e+04 -2.743100000000000000e+04 -3.478659999999999854e+04 -8.464780000000000655e+03 9.401940000000000509e+03 2.615290000000000146e+04 8.411600000000000364e+03 9.460570000000000164e+02 -2.201789999999999964e+03 8.124039999999999964e+03 1.732909999999999854e+04 6.084550000000000000e+04 1.007920000000000073e+04 -1.270910000000000082e+03 -3.204130000000000109e+03 -1.442190000000000055e+03 4.809649999999999636e+03 8.436660000000000537e+02 -3.154730000000000018e+03 3.506000000000000227e+02 -1.796250000000000000e+03 5.845309999999999491e+02 7.127060000000000173e+01 -8.743319999999999936e+02 8.448579999999999472e+02 2.808639999999999759e+02 6.303450000000000273e+02 4.597640000000000100e+02 7.836179999999999701e+00 0.000000000000000000e+00 0.000000000000000000e+00 0.000000000000000000e+00 0.000000000000000000e+00 0.000000000000000000e+00 0.000000000000000000e+00 0.000000000000000000e+00 0.000000000000000000e+00 0.000000000000000000e+00 0.000000000000000000e+00 0.000000000000000000e+00 0.000000000000000000e+00 0.000000000000000000e+00 0.000000000000000000e+00 0.000000000000000000e+00 0.000000000000000000e+00 0.000000000000000000e+00 0.000000000000000000e+00 0.000000000000000000e+00 0.000000000000000000e+00 0.000000000000000000e+00 0.000000000000000000e+00 0.000000000000000000e+00 0.000000000000000000e+00 0.000000000000000000e+00 0.000000000000000000e+00 0.000000000000000000e+00 0.000000000000000000e+00 0.000000000000000000e+00 0.000000000000000000e+00
1.530860000000000036e+04 2.704929999999999927e+04 -6.297909999999999854e+03 -1.015210000000000036e+04 -2.248889999999999873e+03 5.497490000000000236e+02 9.320190000000000509e+03 5.306800000000000182e+03 7.900130000000000337e+02 -6.031159999999999854e+02 2.373469999999999800e+03 2.970909999999999854e+03 1.014429999999999927e+04 3.553759999999999854e+04 7.045890000000000327e+03 1.577730000000000018e+03 1.758869999999999891e+03 1.962890000000000100e+03 -6.503189999999999600e+02 -1.082489999999999952e+02 1.405710000000000036e+03 3.949049999999999727e+02 6.879909999999999854e+02 6.335520000000000209e+02 8.661470000000000482e+02 1.081750000000000000e+03 6.791029999999999518e+02 -1.629110000000000014e+02 2.344240000000000066e+02 6.495099999999999909e+02 4.089130000000000109e+03 -1.024470000000000073e+04 3.184170000000000073e+04 -1.789690000000000146e+04 1.693329999999999927e+04 1.357600000000000000e+04 1.108879999999999927e+04 4.699770000000000437e+03 -6.321569999999999709e+03 -4.827000000000000000e+03 7.645840000000000146e+03 2.266200000000000045e+02 1.019129999999999927e+04 4.592209999999999854e+04 7.528100000000000364e+03 -3.913050000000000068e+02 2.118619999999999891e+03 2.725139999999999873e+03 -9.927889999999999873e+02 -1.368099999999999909e+03 -2.425450000000000017e+01 -9.079819999999999709e+02 9.251849999999999454e+02 -9.385990000000000464e+02 3.575300000000000011e+01 1.154740000000000038e+02 -2.371459999999999866e+02 -1.075319999999999936e+03 3.521820000000000164e+02 -4.861329999999999814e+02 0.000000000000000000e+00 0.000000000000000000e+00 0.000000000000000000e+00 0.000000000000000000e+00 0.000000000000000000e+00 0.000000000000000000e+00 0.000000000000000000e+00 0.000000000000000000e+00 0.000000000000000000e+00 0.000000000000000000e+00 0.000000000000000000e+00 0.000000000000000000e+00 0.000000000000000000e+00 0.000000000000000000e+00 0.000000000000000000e+00 0.000000000000000000e+00 0.000000000000000000e+00 0.000000000000000000e+00 0.000000000000000000e+00 0.000000000000000000e+00 0.000000000000000000e+00 0.000000000000000000e+00 0.000000000000000000e+00 0.000000000000000000e+00 0.000000000000000000e+00 0.000000000000000000e+00 0.000000000000000000e+00 0.000000000000000000e+00 0.000000000000000000e+00 0.000000000000000000e+00
-2.527350000000000000e+04 3.009390000000000146e+04 -4.640640000000000327e+03 8.268899999999999636e+03 1.046539999999999964e+03 2.552949999999999818e+03 3.692800000000000182e+03 1.546900000000000091e+03 7.184230000000000018e+02 2.242170000000000073e+03 3.919050000000000182e+03 1.735529999999999973e+03 1.239000000000000000e+03 7.045890000000000327e+03 2.998350000000000000e+04 5.606979999999999563e+03 1.395480000000000018e+03 2.022930000000000064e+03 3.480969999999999800e+02 -1.017690000000000055e+02 1.049220000000000027e+03 9.299310000000000400e+02 4.179599999999999795e+02 5.709239999999999782e+02 1.637280000000000086e+02 8.999610000000000127e+02 3.331349999999999909e+02 8.942119999999999891e+01 4.924560000000000173e+02 8.207920000000000016e+01 5.200000000000000000e+03 7.950280000000000291e+04 1.621309999999999945e+03 1.647429999999999927e+04 5.450800000000000182e+03 4.189500000000000313e+01 1.063839999999999964e+04 4.897850000000000364e+03 -5.838210000000000036e+03 1.163559999999999945e+03 2.988139999999999873e+03 -8.075320000000000391e+02 -2.879769999999999982e+03 8.040609999999999673e+03 3.778209999999999854e+04 2.145000000000000000e+03 3.757359999999999900e+02 1.344119999999999891e+03 1.100460000000000036e+03 -1.343349999999999909e+03 9.332590000000000146e+02 2.293860000000000127e+03 1.229429999999999978e+02 -7.538650000000000091e+02 -6.142129999999999654e+02 1.491549999999999955e+03 -1.310740000000000123e+02 -2.302609999999999957e+02 1.339279999999999973e+03 -1.271760000000000019e+02 0.000000000000000000e+00 0.000000000000000000e+00 0.000000000000000000e+00 0.000000000000000000e+00 0.000000000000000000e+00 0.000000000000000000e+00 0.000000000000000000e+00 0.000000000000000000e+00 0.000000000000000000e+00 0.000000000000000000e+00 0.000000000000000000e+00 0.000000000000000000e+00 0.000000000000000000e+00 0.000000000000000000e+00 0.000000000000000000e+00 0.000000000000000000e+00 0.000000000000000000e+00 0.000000000000000000e+00 0.000000000000000000e+00 0.000000000000000000e+00 0.000000000000000000e+00 0.000000000000000000e+00 0.000000000000000000e+00 0.000000000000000000e+00 0.000000000000000000e+00 0.000000000000000000e+00 0.000000000000000000e+00 0.000000000000000000e+00 0.000000000000000000e+00 0.000000000000000000e+00
6.206230000000000291e+04 2.080790000000000146e+04 8.952579999999999927e+03 3.394000000000000000e+03 -5.849359999999999673e+03 -3.834739999999999782e+03 5.609020000000000437e+03 8.087699999999999818e+03 3.564550000000000182e+03 2.427190000000000055e+03 1.989420000000000073e+03 7.668700000000000045e+02 1.266799999999999955e+03 1.577730000000000018e+03 5.606979999999999563e+03 2.421959999999999854e+04 4.126399999999999636e+03 1.882710000000000036e+03 2.203779999999999859e+02 4.179010000000000105e+02 2.704710000000000036e+02 3.885539999999999736e+02 -3.177490000000000236e+02 2.510320000000000107e+02 1.771040000000000134e+02 8.555059999999999718e+02 6.767659999999999627e+02 7.069349999999999454e+02 2.361550000000000011e+02 2.219960000000000093e+02 1.609760000000000036e+04 -3.684440000000000146e+04 1.093839999999999964e+04 7.905699999999999818e+03 7.967060000000000400e+03 8.828659999999999854e+03 1.436800000000000000e+04 4.899060000000000400e+03 1.230190000000000055e+03 -3.389539999999999964e+03 5.250639999999999645e+02 3.167340000000000146e+03 -1.116569999999999936e+03 -1.747009999999999991e+03 4.678850000000000364e+03 3.102079999999999927e+04 5.854310000000000400e+03 1.043710000000000036e+03 -6.636269999999999527e+02 -1.193609999999999900e+03 -1.699500000000000000e+03 2.018869999999999891e+03 -2.548069999999999879e+01 -1.070240000000000009e+03 4.882959999999999923e+02 1.371230000000000018e+03 4.637210000000000036e+02 6.278360000000000127e+02 1.153920000000000073e+03 -4.115129999999999768e+02 0.000000000000000000e+00 0.000000000000000000e+00 0.000000000000000000e+00 0.000000000000000000e+00 0.000000000000000000e+00 0.000000000000000000e+00 0.000000000000000000e+00 0.000000000000000000e+00 0.000000000000000000e+00 0.000000000000000000e+00 0.000000000000000000e+00 0.000000000000000000e+00 0.000000000000000000e+00 0.000000000000000000e+00 0.000000000000000000e+00 0.000000000000000000e+00 0.000000000000000000e+00 0.000000000000000000e+00 0.000000000000000000e+00 0.000000000000000000e+00 0.000000000000000000e+00 0.000000000000000000e+00 0.000000000000000000e+00 0.000000000000000000e+00 0.000000000000000000e+00 0.000000000000000000e+00 0.000000000000000000e+00 0.000000000000000000e+00 0.000000000000000000e+00 0.000000000000000000e+00
1.722270000000000073e+04 5.200119999999999709e+04 3.733469999999999709e+04 1.963109999999999854e+04 7.465569999999999709e+03 1.394400000000000091e+03 5.637079999999999927e+03 5.994630000000000109e+03 4.571739999999999782e+03 3.846050000000000182e+03 1.950630000000000109e+03 8.843020000000000209e+02 7.966040000000000418e+02 1.758869999999999891e+03 1.395480000000000018e+03 4.126399999999999636e+03 1.759440000000000146e+04 4.722670000000000073e+03 3.701360000000000241e+02 1.093839999999999918e+03 7.438569999999999709e+02 3.781360000000000241e+02 2.135190000000000055e+02 3.985439999999999827e+02 6.424819999999999709e+02 7.228690000000000282e+02 4.968740000000000236e+02 2.721530000000000200e+02 1.810269999999999868e+02 5.706970000000000027e+02 1.155729999999999927e+04 5.051359999999999854e+04 2.762120000000000073e+04 8.561950000000000728e+03 -2.526849999999999909e+03 -9.080199999999999818e+02 7.416630000000000109e+03 6.485649999999999636e+03 -3.591519999999999868e+02 4.996670000000000073e+03 1.712029999999999973e+03 5.854930000000000518e+02 -1.346459999999999866e+02 -3.866840000000000259e+02 -2.799649999999999750e+02 3.565309999999999945e+03 2.398090000000000146e+04 5.624319999999999709e+03 -6.331820000000000164e+02 1.085130000000000109e+03 -2.367829999999999870e+02 9.830009999999999764e+02 -2.959110000000000014e+02 -9.350879999999999654e+02 -3.607280000000000086e+02 1.680389999999999873e+02 5.959020000000000437e+02 2.582389999999999759e+02 4.769490000000000123e+02 -3.352570000000000050e+02 0.000000000000000000e+00 0.000000000000000000e+00 0.000000000000000000e+00 0.000000000000000000e+00 0.000000000000000000e+00 0.000000000000000000e+00 0.000000000000000000e+00 0.000000000000000000e+00 0.000000000000000000e+00 0.000000000000000000e+00 0.000000000000000000e+00 0.000000000000000000e+00 0.000000000000000000e+00 0.000000000000000000e+00 0.000000000000000000e+00 0.000000000000000000e+00 0.000000000000000000e+00 0.000000000000000000e+00 0.000000000000000000e+00 0.000000000000000000e+00 0.000000000000000000e+00 0.000000000000000000e+00 0.000000000000000000e+00 0.000000000000000000e+00 0.000000000000000000e+00 0.000000000000000000e+00 0.000000000000000000e+00 0.000000000000000000e+00 0.000000000000000000e+00 0.000000000000000000e+00
