1.764220000000000000e+08 2.048540000000000000e+07 -5.950090000000000000e+05 8.660010000000000000e+05 3.177840000000000000e+05 4.505140000000000146e+04 1.772340000000000000e+05 2.049460000000000000e+05 2.597310000000000000e+05 2.055390000000000000e+05 1.755620000000000000e+05 1.287310000000000000e+05 1.747810000000000000e+05 1.246330000000000000e+05 -4.730040000000000146e+04 4.270130000000000291e+04 3.679700000000000000e+04 4.799500000000000000e+04 6.112000000000000000e+04 3.214070000000000073e+04 7.971239999999999418e+04 1.093829999999999927e+04 1.860309999999999854e+04 -2.284650000000000000e+04 2.367800000000000000e+04 2.268290000000000146e+04 2.080500000000000000e+04 4.294850000000000000e+04 2.826629999999999927e+04 -1.080150000000000000e+04 3.501810000000000000e+06 3.497450000000000000e+07 -4.128610000000000000e+06 -1.660970000000000000e+06 5.158410000000000000e+05 4.463480000000000000e+05 5.587909999999999854e+04 -1.086180000000000000e+05 -5.556610000000000000e+05 -4.308370000000000000e+05 3.479530000000000000e+05 1.514380000000000000e+05 2.064270000000000000e+05 -3.623280000000000000e+05 -6.936670000000000073e+03 8.453919999999999709e+04 4.336450000000000000e+04 -7.669239999999999418e+04 1.978099999999999909e+03 5.606780000000000291e+04 1.453890000000000000e+05 3.111770000000000073e+04 -3.804130000000000291e+04 1.891340000000000146e+04 -5.575109999999999673e+02 -3.598509999999999854e+04 2.644029999999999927e+04 2.193890000000000146e+04 -1.359920000000000073e+04 -2.179379999999999927e+04 -5.358370000000000000e+05 1.388530000000000000e+07 4.530340000000000000e+06 -1.713190000000000000e+06 1.504640000000000000e+06 8.943830000000000291e+04 -5.795460000000000000e+05 -1.642350000000000000e+05 -2.609470000000000000e+05 -7.295160000000000582e+04 -3.391200000000000000e+05 8.036960000000000000e+05 5.116980000000000000e+05 6.222029999999999745e+03 1.982390000000000000e+05 6.281940000000000146e+04 2.622440000000000000e+05 -2.419260000000000218e+03 -5.977380000000000291e+04 -2.477080000000000000e+05 1.680810000000000000e+05 -6.544399999999999636e+03 5.557409999999999854e+04 -6.066590000000000146e+04 -1.021270000000000000e+05 1.064190000000000000e+05 2.609790000000000146e+04 -1.033680000000000000e+05 -7.145730000000000291e+04 1.250230000000000000e+05
2.048540000000000000e+07 4.307410000000000000e+07 6.043720000000000000e+06 1.222820000000000000e+06 5.636300000000000000e+05 2.048560000000000000e+05 1.203000000000000000e+05 3.383320000000000000e+05 1.417690000000000000e+05 1.288420000000000000e+05 5.243540000000000146e+04 3.881950000000000000e+04 1.052550000000000000e+05 5.635950000000000000e+04 3.149159999999999854e+04 3.788519999999999709e+04 3.334069999999999709e+04 1.511370000000000073e+04 2.332959999999999854e+04 2.547440000000000146e+04 3.406700000000000000e+04 -2.904739999999999782e+03 7.546439999999999600e+03 7.181739999999999782e+03 3.000799999999999912e+01 1.331879999999999927e+04 -1.133920000000000073e+03 1.243539999999999964e+04 -3.006639999999999873e+03 1.333370000000000073e+04 5.189970000000000000e+06 1.146470000000000000e+07 4.058820000000000000e+06 4.001940000000000000e+05 6.580860000000000000e+05 -2.261229999999999927e+04 6.966960000000000000e+05 4.104850000000000000e+04 -2.108840000000000000e+05 -1.069860000000000000e+05 -6.988980000000000291e+04 -2.378520000000000073e+04 2.065080000000000000e+05 3.135109999999999854e+04 -8.541589999999999418e+04 2.147000000000000000e+03 2.421390000000000146e+04 3.013309999999999854e+04 -1.675709999999999854e+04 5.733319999999999709e+04 5.699510000000000218e+03 5.258100000000000364e+03 2.601650000000000000e+04 4.405650000000000000e+04 4.344080000000000291e+04 -1.811170000000000073e+04 2.201290000000000146e+04 5.702580000000000291e+04 2.741809999999999854e+04 -1.067060000000000036e+04 8.394930000000000000e+06 1.450220000000000000e+06 -1.802110000000000000e+06 -2.015670000000000000e+05 3.433160000000000000e+05 1.364740000000000000e+06 -3.389470000000000000e+05 1.955810000000000000e+05 4.930519999999999709e+04 -1.192910000000000000e+05 6.581089999999999418e+04 6.609389999999999418e+04 8.102089999999999418e+04 1.244250000000000000e+05 1.900870000000000000e+05 7.357569999999999709e+04 2.387820000000000073e+04 -1.205640000000000000e+05 8.193250000000000000e+04 1.142450000000000000e+05 3.413230000000000291e+04 -1.649609999999999854e+04 4.508569999999999709e+04 8.999260000000000218e+03 -1.259529999999999927e+04 -3.286000000000000000e+04 -6.159819999999999709e+03 -7.813569999999999709e+03 -3.918550000000000000e+04 3.331080000000000291e+04
-5.950090000000000000e+05 6.043720000000000000e+06 1.333380000000000000e+07 1.953460000000000000e+06 3.188750000000000000e+05 5.525859999999999854e+04 1.937259999999999854e+04 1.926820000000000073e+04 1.265620000000000000e+05 6.087740000000000146e+04 1.046520000000000000e+05 6.089690000000000146e+04 6.379609999999999854e+04 7.763639999999999418e+04 7.258439999999999418e+04 7.612400000000000000e+04 6.268830000000000291e+04 1.751629999999999927e+04 4.159040000000000146e+04 3.838440000000000146e+04 3.857280000000000291e+04 1.648879999999999927e+04 1.923129999999999927e+04 1.918200000000000000e+04 2.586609999999999854e+04 3.060740000000000146e+04 2.398550000000000000e+04 1.600089999999999964e+04 7.958220000000000255e+03 -5.328010000000000218e+03 2.044550000000000000e+06 4.653310000000000000e+06 2.947860000000000000e+06 2.086440000000000000e+06 5.469480000000000000e+05 -2.991280000000000000e+05 7.556339999999999418e+04 9.894780000000000655e+03 2.575820000000000000e+05 3.968330000000000291e+04 3.092770000000000073e+04 9.117350000000000000e+04 5.734830000000000291e+04 1.075280000000000000e+05 2.705259999999999854e+04 8.768280000000000291e+04 5.228709999999999854e+04 7.803750000000000000e+04 1.884609999999999854e+04 1.630529999999999927e+04 -3.411700000000000000e+04 1.412210000000000036e+04 3.626250000000000000e+04 2.749370000000000073e+04 3.057420000000000073e+04 2.369469999999999800e+03 8.203790000000000873e+03 -7.271109999999999673e+03 5.904390000000000327e+03 1.803109999999999854e+04 6.374300000000000000e+05 1.584939999999999964e+04 2.090160000000000000e+06 6.963260000000000000e+05 6.279750000000000000e+03 4.492630000000000000e+05 2.909520000000000000e+05 -1.761859999999999900e+03 -1.882830000000000000e+05 2.436570000000000073e+04 3.724250000000000000e+04 6.172780000000000291e+04 -1.321320000000000000e+05 -5.331939999999999600e+03 -1.420550000000000000e+04 -4.935559999999999854e+04 -7.460100000000000000e+04 -4.742830000000000291e+04 4.967959999999999854e+04 3.922169999999999709e+04 2.007300000000000000e+04 4.945789999999999964e+03 -5.050369999999999709e+04 -3.790180000000000291e+04 6.782810000000000400e+03 -5.270509999999999854e+04 -2.701109999999999854e+04 1.643950000000000000e+04 -3.384269999999999982e+03 1.738879999999999927e+04
8.660010000000000000e+05 1.222820000000000000e+06 1.953460000000000000e+06 4.545010000000000000e+06 8.601990000000000000e+05 2.219210000000000000e+05 2.458370000000000000e+05 6.399780000000000291e+04 1.287440000000000000e+05 5.003830000000000291e+04 9.962489999999999418e+04 7.600680000000000291e+04 6.064219999999999709e+04 6.055619999999999709e+04 1.998900000000000000e+04 4.018880000000000291e+04 9.454149999999999636e+03 1.547229999999999927e+04 1.916079999999999927e+04 1.483529999999999927e+04 1.990829999999999927e+04 9.648389999999999418e+03 8.981100000000000364e+03 1.766000000000000000e+04 1.836900000000000000e+04 1.296510000000000036e+04 9.402139999999999418e+03 5.494149999999999636e+03 7.105840000000000146e+03 6.605010000000000218e+03 1.163880000000000000e+06 2.076050000000000000e+06 1.194980000000000000e+06 2.006360000000000000e+06 9.100330000000000000e+05 2.005140000000000000e+05 1.258620000000000000e+05 5.165969999999999709e+04 1.338240000000000000e+05 4.136380000000000291e+04 1.168029999999999927e+04 6.093169999999999709e+04 3.660340000000000146e+04 -4.703210000000000036e+03 3.296719999999999800e+03 6.212890000000000146e+04 5.280530000000000291e+04 7.091539999999999418e+04 -7.957369999999999891e+03 3.223309999999999854e+04 1.934659999999999854e+04 5.556369999999999891e+03 2.139209999999999854e+04 9.244590000000000146e+03 -3.610620000000000118e+01 1.888129999999999927e+04 -8.036520000000000437e+03 8.448450000000000728e+03 2.079300000000000182e+03 8.517649999999999636e+03 5.973040000000000000e+05 7.803690000000000000e+05 -1.282010000000000000e+05 1.720510000000000000e+05 -2.528610000000000000e+05 3.240620000000000000e+05 2.887910000000000000e+05 8.492819999999999709e+04 -7.799670000000000073e+03 -2.554200000000000000e+04 6.199330000000000291e+04 1.153130000000000000e+05 4.343080000000000291e+04 5.455209999999999854e+04 -2.021109999999999854e+04 6.612970000000000255e+03 1.801509999999999854e+04 3.086520000000000073e+04 -1.050430000000000064e+03 -1.838100000000000000e+04 1.533420000000000073e+03 8.202489999999999782e+03 -9.129290000000000873e+03 -5.852800000000000182e+03 1.493339999999999964e+04 -1.654550000000000000e+04 -1.361170000000000073e+04 -9.113799999999999272e+03 2.071559999999999854e+04 8.531209999999999127e+03
3.177840000000000000e+05 5.636300000000000000e+05 3.188750000000000000e+05 8.601990000000000000e+05 2.100550000000000000e+06 3.521260000000000000e+05 9.721369999999999709e+04 8.067450000000000000e+04 8.658780000000000291e+04 2.632490000000000146e+04 3.664359999999999854e+04 3.707740000000000146e+04 3.056240000000000146e+04 2.455040000000000146e+04 2.142340000000000146e+04 1.093270000000000073e+04 1.125150000000000000e+04 9.515059999999999491e+03 1.417400000000000000e+04 2.492360000000000127e+03 1.485370000000000073e+04 1.430210000000000036e+04 5.453970000000000255e+03 1.092810000000000036e+04 7.809590000000000146e+03 2.742139999999999873e+03 6.002489999999999782e+03 4.989640000000000327e+03 4.469539999999999964e+03 7.885249999999999773e+02 -3.554980000000000000e+05 5.677860000000000000e+05 2.590230000000000000e+05 9.300550000000000000e+05 7.473020000000000000e+05 2.763150000000000000e+05 1.654750000000000000e+05 9.157780000000000291e+04 9.291019999999999709e+04 9.199369999999999709e+04 7.234480000000000291e+04 7.901650000000000000e+04 3.570280000000000291e+04 -1.394989999999999964e+04 1.285070000000000073e+04 2.420170000000000073e+04 4.534800000000000000e+04 2.911459999999999854e+04 -1.469070000000000073e+04 2.549840000000000146e+04 2.006220000000000027e+03 1.508189999999999964e+04 4.851590000000000146e+03 6.248069999999999709e+03 1.703379999999999927e+04 8.454139999999999418e+03 -6.006229999999999563e+03 4.798260000000000218e+03 -3.854710000000000036e+03 5.365680000000000291e+03 -5.333090000000000000e+05 5.411410000000000000e+05 3.073760000000000000e+05 3.095100000000000000e+05 -3.419850000000000000e+04 -6.345050000000000000e+04 -1.837660000000000082e+03 6.553939999999999418e+04 9.632200000000000000e+04 9.262959999999999127e+03 -6.153930000000000291e+04 5.407190000000000146e+04 4.528340000000000146e+04 -7.596779999999999745e+03 -1.120060000000000036e+04 7.067479999999999563e+03 -6.167899999999999636e+03 2.943390000000000146e+04 3.202610000000000127e+03 1.051210000000000036e+04 1.222920000000000073e+04 -4.647289999999999964e+03 -7.389239999999999782e+03 4.521240000000000236e+02 8.020689999999999600e+03 -2.721230000000000018e+03 3.970480000000000018e+03 -1.682750000000000000e+04 -2.670050000000000182e+03 -8.466730000000000018e+02
4.505140000000000146e+04 2.048560000000000000e+05 5.525859999999999854e+04 2.219210000000000000e+05 3.521260000000000000e+05 1.014030000000000000e+06 2.166510000000000000e+05 1.002810000000000000e+05 4.562340000000000146e+04 2.604279999999999927e+04 3.533419999999999709e+04 3.753909999999999854e+04 3.088250000000000000e+04 2.124620000000000073e+04 2.185770000000000073e+04 2.005229999999999927e+04 1.643550000000000000e+04 1.114439999999999964e+04 8.728750000000000000e+03 7.903460000000000036e+03 9.871780000000000655e+03 1.204900000000000000e+04 7.240630000000000109e+03 7.655350000000000364e+03 6.726020000000000437e+03 1.142500000000000000e+04 3.733880000000000109e+03 2.657650000000000091e+03 4.115979999999999563e+03 2.710869999999999891e+03 -1.102380000000000000e+05 -3.208240000000000000e+05 -4.071710000000000000e+05 3.202530000000000000e+05 3.499010000000000000e+05 3.448670000000000000e+05 1.924280000000000000e+05 5.322330000000000291e+04 3.654659999999999854e+04 3.088229999999999927e+04 8.467200000000000000e+04 2.102500000000000000e+04 4.660080000000000291e+04 1.935420000000000073e+04 2.725409999999999854e+04 2.620329999999999927e+04 2.243140000000000146e+04 1.267529999999999927e+04 -3.471869999999999891e+03 1.979950000000000000e+04 -1.902769999999999982e+03 9.855760000000000218e+03 1.538689999999999964e+04 8.177859999999999673e+03 1.416820000000000073e+04 1.435029999999999927e+04 5.312149999999999636e+03 -3.511469999999999800e+03 4.418079999999999927e+03 1.389730000000000018e+03 -5.601740000000000000e+05 8.626330000000000000e+05 2.286290000000000000e+05 1.956190000000000000e+05 -9.263660000000000582e+04 -6.090530000000000291e+04 5.702100000000000000e+04 3.138900000000000000e+04 3.873369999999999709e+04 -5.474449999999999818e+03 -3.213780000000000200e+03 3.425090000000000146e+04 1.423579999999999927e+04 1.135389999999999964e+04 -2.451479999999999927e+04 -5.510720000000000255e+03 1.637660000000000036e+04 -5.026340000000000146e+03 9.584450000000000728e+03 1.503650000000000000e+04 -2.600840000000000032e+02 -9.966629999999999200e+03 -1.803570000000000073e+04 -1.655240000000000009e+03 5.403659999999999854e+03 1.022789999999999964e+04 1.381950000000000000e+04 -4.085480000000000018e+03 2.469840000000000089e+02 -9.093060000000000400e+02
1.772340000000000000e+05 1.203000000000000000e+05 1.937259999999999854e+04 2.458370000000000000e+05 9.721369999999999709e+04 2.166510000000000000e+05 5.921100000000000000e+05 1.148000000000000000e+05 4.313969999999999709e+04 3.389430000000000291e+04 2.775290000000000146e+04 2.359779999999999927e+04 1.485100000000000000e+04 2.182250000000000000e+04 1.432739999999999964e+04 2.041370000000000073e+04 1.317339999999999964e+04 1.235060000000000036e+04 1.417270000000000073e+04 1.081439999999999964e+04 5.476130000000000109e+03 9.026430000000000291e+03 9.567239999999999782e+03 7.155649999999999636e+03 2.381050000000000182e+03 5.754850000000000364e+03 3.355750000000000000e+03 3.709980000000000018e+03 5.054420000000000073e+03 3.359059999999999945e+03 6.796970000000000000e+05 5.168209999999999854e+04 -4.482560000000000000e+05 1.120500000000000000e+04 -4.001240000000000146e+04 1.253000000000000000e+05 2.653860000000000000e+05 1.022050000000000000e+05 4.183430000000000291e+04 -4.093579999999999927e+03 3.387090000000000146e+04 2.215359999999999854e+04 2.346559999999999854e+04 3.928780000000000200e+03 2.201459999999999854e+04 2.618659999999999854e+04 2.706690000000000146e+04 1.312010000000000036e+04 1.168079999999999927e+04 1.502150000000000000e+04 4.747239999999999782e+03 1.742220000000000073e+04 9.618270000000000437e+03 1.260520000000000073e+04 5.236630000000000109e+03 5.276220000000000255e+03 5.502170000000000073e+03 -3.156119999999999891e+03 3.116960000000000036e+03 8.503579999999999927e+03 -6.228110000000000000e+05 -2.483120000000000000e+05 -1.746710000000000000e+05 -1.708570000000000000e+05 -1.245170000000000000e+05 -1.091350000000000000e+05 3.205179999999999927e+04 5.632159999999999854e+03 -3.020109999999999854e+04 -1.978790000000000146e+04 4.144459999999999854e+04 4.926050000000000000e+04 1.211079999999999927e+04 -5.355890000000000555e+02 -7.674260000000000446e+02 2.519769999999999982e+03 -1.344450000000000000e+04 -1.837350000000000000e+04 4.958500000000000000e+03 -3.949150000000000091e+03 -6.013439999999999600e+03 -4.089270000000000209e+02 -1.167879999999999927e+04 7.210640000000000327e+03 4.770119999999999891e+03 8.987850000000000364e+03 4.274060000000000400e+03 1.314230000000000018e+03 4.245770000000000437e+03 2.794190000000000055e+03
2.049460000000000000e+05 3.383320000000000000e+05 1.926820000000000073e+04 6.399780000000000291e+04 8.067450000000000000e+04 1.002810000000000000e+05 1.148000000000000000e+05 4.109670000000000000e+05 9.279560000000000582e+04 4.388240000000000146e+04 2.357470000000000073e+04 2.912220000000000073e+04 1.265900000000000000e+04 1.745609999999999854e+04 1.401320000000000073e+04 1.496279999999999927e+04 1.258420000000000073e+04 1.212610000000000036e+04 1.485070000000000073e+04 1.164620000000000073e+04 9.208950000000000728e+03 8.521350000000000364e+03 1.144010000000000036e+04 7.805909999999999854e+03 5.592470000000000255e+03 5.543579999999999927e+03 3.695360000000000127e+03 1.732650000000000091e+03 5.232569999999999709e+03 4.599850000000000364e+03 1.418020000000000073e+04 2.334460000000000000e+05 -8.103810000000000582e+04 -2.143959999999999854e+04 1.449500000000000000e+05 1.317490000000000000e+05 1.174800000000000000e+05 1.672720000000000000e+05 7.125539999999999418e+04 5.289100000000000364e+03 3.636150000000000000e+04 4.173019999999999709e+04 2.710620000000000073e+04 4.449069999999999709e+04 4.464709999999999854e+04 2.711059999999999854e+04 1.017000000000000000e+04 9.336110000000000582e+03 1.379300000000000000e+04 1.453860000000000036e+04 1.245939999999999964e+04 1.429329999999999927e+04 4.356869999999999891e+03 1.340729999999999927e+04 1.004800000000000000e+04 1.023860000000000036e+04 5.714010000000000218e+03 3.145969999999999800e+03 3.028760000000000218e+03 8.303889999999999418e+03 -2.121060000000000000e+05 3.277210000000000000e+05 -1.307400000000000000e+05 -1.230950000000000000e+05 -6.039640000000000146e+04 -4.877449999999999818e+03 8.146380000000000337e+02 4.769030000000000291e+04 1.132070000000000073e+04 -2.417760000000000218e+03 -5.907509999999999764e+02 2.905890000000000146e+04 7.958020000000000437e+03 1.427310000000000036e+04 5.048870000000000005e+02 -6.681300000000000182e+03 3.434060000000000201e+01 7.187689999999999600e+03 9.429680000000000291e+03 9.973909999999999854e+03 1.062370000000000073e+04 4.764060000000000400e+03 4.147609999999999673e+03 1.910740000000000146e+04 1.952700000000000045e+03 8.492179999999999609e+02 -2.983079999999999927e+03 -1.060400000000000091e+03 -3.454970000000000141e+02 -1.343480000000000018e+03
2.597310000000000000e+05 1.417690000000000000e+05 1.265620000000000000e+05 1.287440000000000000e+05 8.658780000000000291e+04 4.562340000000000146e+04 4.313969999999999709e+04 9.279560000000000582e+04 2.250150000000000000e+05 5.738330000000000291e+04 2.094409999999999854e+04 1.609500000000000000e+04 1.191429999999999927e+04 1.572510000000000036e+04 1.523020000000000073e+04 1.178939999999999964e+04 7.855460000000000036e+03 9.095780000000000655e+03 8.097369999999999891e+03 6.216760000000000218e+03 8.016850000000000364e+03 4.779189999999999600e+03 7.002430000000000291e+03 4.724329999999999927e+03 2.840860000000000127e+03 3.137019999999999982e+03 3.463030000000000200e+03 2.159090000000000146e+03 3.332059999999999945e+03 2.175760000000000218e+03 -1.715370000000000000e+05 4.104810000000000000e+05 -1.494290000000000000e+05 6.416769999999999709e+04 3.750040000000000146e+04 5.327830000000000291e+04 4.184280000000000291e+04 6.424290000000000146e+04 7.605560000000000582e+04 4.915909999999999854e+04 2.496960000000000036e+03 3.142979999999999927e+04 7.032529999999999745e+03 1.825650000000000000e+04 1.510310000000000036e+04 1.625400000000000000e+04 9.431459999999999127e+03 8.465090000000000146e+03 8.630569999999999709e+03 5.320699999999999818e+03 3.215199999999999818e+03 5.903470000000000255e+03 7.324409999999999854e+03 5.918989999999999782e+03 2.400909999999999854e+03 4.559960000000000036e+03 5.285779999999999745e+03 1.583670000000000073e+03 1.995250000000000000e+03 3.760650000000000091e+03 -7.361469999999999709e+04 3.996630000000000000e+05 1.169970000000000000e+05 -3.359030000000000291e+04 -2.200679999999999836e+01 -1.519860000000000036e+04 -7.331659999999999854e+03 2.109440000000000146e+04 9.473260000000000218e+03 -2.148859999999999854e+04 -3.455460000000000036e+03 1.521379999999999927e+04 6.222199999999999818e+03 1.312760000000000036e+04 -3.084820000000000164e+03 3.772730000000000018e+03 4.771689999999999600e+03 1.111670000000000073e+04 8.440920000000000073e+03 -4.770600000000000364e+03 -2.545960000000000036e+03 2.205119999999999891e+03 2.346079999999999927e+03 9.195280000000000655e+03 1.192549999999999955e+03 -2.681090000000000146e+03 1.182809999999999945e+03 4.839649999999999750e+02 -1.389799999999999955e+03 2.443139999999999873e+03
2.055390000000000000e+05 1.288420000000000000e+05 6.087740000000000146e+04 5.003830000000000291e+04 2.632490000000000146e+04 2.604279999999999927e+04 3.389430000000000291e+04 4.388240000000000146e+04 5.738330000000000291e+04 1.455770000000000000e+05 3.763190000000000146e+04 2.235120000000000073e+04 1.094820000000000073e+04 9.307319999999999709e+03 1.177879999999999927e+04 1.269639999999999964e+04 9.500670000000000073e+03 7.248130000000000109e+03 7.921710000000000036e+03 6.814920000000000073e+03 7.229159999999999854e+03 3.935460000000000036e+03 5.559920000000000073e+03 4.957149999999999636e+03 4.023389999999999873e+03 2.393489999999999782e+03 2.860389999999999873e+03 2.983099999999999909e+03 1.995019999999999982e+03 3.131260000000000218e+03 -5.072750000000000000e+05 2.628330000000000000e+05 -1.717750000000000000e+04 -8.873119999999999709e+04 2.325730000000000018e+03 1.930950000000000000e+04 4.573619999999999709e+04 4.649540000000000146e+04 5.958300000000000000e+04 5.210680000000000291e+04 2.001640000000000146e+04 1.884120000000000073e+04 9.556020000000000437e+03 1.132660000000000036e+04 1.739220000000000073e+04 1.439160000000000036e+04 1.079560000000000036e+04 3.893789999999999964e+03 3.417469999999999800e+03 2.888429999999999836e+03 1.009250000000000000e+04 7.520029999999999745e+03 6.651000000000000227e+02 3.695110000000000127e+03 2.558869999999999891e+03 1.896519999999999982e+03 4.627439999999999600e+03 1.094529999999999973e+03 -7.942999999999999545e+02 3.162639999999999873e+03 -3.692880000000000000e+05 -2.599970000000000073e+04 1.465150000000000000e+04 -4.403759999999999854e+04 6.817110000000000582e+04 -1.400060000000000036e+04 -2.000620000000000073e+04 2.496140000000000146e+04 1.871429999999999927e+04 -1.542930000000000064e+03 -1.149470000000000073e+04 6.188590000000000146e+03 6.653239999999999782e+03 5.239340000000000146e+03 6.663930000000000291e+03 -9.760030000000000427e+02 1.014079999999999927e+04 5.672569999999999709e+03 3.375440000000000055e+03 -2.064670000000000073e+03 -3.774019999999999982e+03 1.155049999999999955e+03 -1.851579999999999927e+03 2.554060000000000059e+02 1.845509999999999991e+03 2.633190000000000055e+03 8.301440000000000055e+02 4.080690000000000055e+03 -1.424329999999999927e+03 -3.778620000000000232e+02
1.755620000000000000e+05 5.243540000000000146e+04 1.046520000000000000e+05 9.962489999999999418e+04 3.664359999999999854e+04 3.533419999999999709e+04 2.775290000000000146e+04 2.357470000000000073e+04 2.094409999999999854e+04 3.763190000000000146e+04 1.097390000000000000e+05 3.202809999999999854e+04 1.371879999999999927e+04 1.285879999999999927e+04 1.031410000000000036e+04 7.831539999999999964e+03 7.065619999999999891e+03 5.267579999999999927e+03 5.081760000000000218e+03 6.233180000000000291e+03 4.249779999999999745e+03 2.826280000000000200e+03 5.013729999999999563e+03 4.379930000000000291e+03 4.838939999999999600e+03 4.312500000000000000e+03 3.165079999999999927e+03 1.882450000000000045e+03 2.650849999999999909e+03 2.107690000000000055e+03 1.788920000000000073e+04 1.747430000000000000e+05 -2.013440000000000146e+04 9.459030000000000291e+04 1.071510000000000000e+05 4.913980000000000291e+04 3.997600000000000000e+04 4.440680000000000291e+04 3.252329999999999927e+04 2.909829999999999927e+04 3.383600000000000000e+04 3.593819999999999709e+04 1.714840000000000146e+04 1.043589999999999964e+04 9.114860000000000582e+03 1.042970000000000073e+04 8.231530000000000655e+03 9.450379999999999200e+03 5.353130000000000109e+03 8.078079999999999927e+03 5.421439999999999600e+03 7.638750000000000000e+03 2.544269999999999982e+03 2.302329999999999927e+03 4.455470000000000255e+03 2.266349999999999909e+03 3.666019999999999982e+03 2.421119999999999891e+03 3.368800000000000182e+03 2.272019999999999982e+03 5.965819999999999709e+04 2.693860000000000000e+05 2.943090000000000146e+04 3.904099999999999909e+03 2.424359999999999854e+04 -2.680629999999999927e+04 9.994180000000000291e+03 -5.051989999999999782e+03 -1.468500000000000000e+04 -3.766030000000000200e+03 2.228909999999999854e+03 6.158359999999999673e+03 8.611629999999999200e+03 3.988849999999999909e+03 3.383300000000000182e+03 -1.386820000000000073e+04 1.558869999999999891e+03 3.163739999999999782e+03 -7.337749999999999773e+02 2.584880000000000109e+03 -1.241920000000000073e+03 -3.838289999999999964e+03 -6.641789999999999736e+02 -1.760579999999999927e+03 -8.137219999999999800e+02 -2.258890000000000100e+02 2.874690000000000055e+03 -9.842789999999999964e+02 3.018509999999999991e+02 9.994790000000000418e+02
1.287310000000000000e+05 3.881950000000000000e+04 6.089690000000000146e+04 7.600680000000000291e+04 3.707740000000000146e+04 3.753909999999999854e+04 2.359779999999999927e+04 2.912220000000000073e+04 1.609500000000000000e+04 2.235120000000000073e+04 3.202809999999999854e+04 7.891969999999999709e+04 1.851890000000000146e+04 7.455510000000000218e+03 7.143470000000000255e+03 8.909700000000000728e+03 6.838420000000000073e+03 5.521680000000000291e+03 4.953210000000000036e+03 6.772329999999999927e+03 2.764699999999999818e+03 3.121760000000000218e+03 4.058420000000000073e+03 2.559949999999999818e+03 2.138300000000000182e+03 3.340440000000000055e+03 1.811279999999999973e+03 1.725460000000000036e+03 2.207219999999999800e+03 1.481250000000000000e+03 -1.753620000000000000e+05 9.046910000000000582e+04 9.053420000000000073e+03 -3.152440000000000146e+04 6.504690000000000146e+04 3.116909999999999854e+04 2.399279999999999927e+04 3.036800000000000000e+04 2.106050000000000000e+04 1.221839999999999964e+04 2.984659999999999854e+04 3.752659999999999854e+04 2.533250000000000000e+04 6.741250000000000000e+03 4.101079999999999927e+03 7.363119999999999891e+03 3.129050000000000182e+03 4.150090000000000146e+03 7.128710000000000036e+03 6.993449999999999818e+03 6.479920000000000073e+03 4.455819999999999709e+03 -4.031270000000000095e+02 1.376410000000000082e+03 1.105630000000000109e+03 2.697280000000000200e+03 1.841200000000000045e+03 3.088739999999999782e+03 3.242559999999999945e+03 -3.224569999999999936e+02 -3.211800000000000000e+05 4.689169999999999709e+04 4.389779999999999745e+03 -3.337630000000000291e+04 -4.524569999999999709e+04 -4.486040000000000146e+04 -2.208959999999999854e+04 -2.699710000000000036e+03 -1.947350000000000000e+04 8.639980000000000473e+02 -7.672569999999999482e+02 4.834130000000000109e+03 5.483619999999999891e+03 3.647610000000000127e+03 5.763970000000000255e+03 -5.780979999999999563e+03 -1.215440000000000055e+03 -2.011150000000000091e+02 -5.244789999999999964e+03 -2.396630000000000109e+03 -5.939569999999999936e+02 2.018809999999999945e+03 2.521380000000000109e+03 -8.956459999999999866e+01 -2.222580000000000098e+02 -1.022909999999999968e+03 2.008259999999999991e+03 -1.479589999999999918e+03 2.068300000000000182e+03 -7.654500000000000455e+02
1.747810000000000000e+05 1.052550000000000000e+05 6.379609999999999854e+04 6.064219999999999709e+04 3.056240000000000146e+04 3.088250000000000000e+04 1.485100000000000000e+04 1.265900000000000000e+04 1.191429999999999927e+04 1.094820000000000073e+04 1.371879999999999927e+04 1.851890000000000146e+04 5.539569999999999709e+04 1.585879999999999927e+04 8.249649999999999636e+03 8.121619999999999891e+03 5.129510000000000218e+03 5.567039999999999964e+03 6.208840000000000146e+03 4.966130000000000109e+03 4.304340000000000146e+03 3.675989999999999782e+03 3.792559999999999945e+03 2.864980000000000018e+03 3.228760000000000218e+03 1.987509999999999991e+03 2.019880000000000109e+03 1.670650000000000091e+03 1.393940000000000055e+03 1.875509999999999991e+03 -1.062080000000000000e+05 1.041790000000000000e+05 1.344560000000000036e+04 -9.890370000000000800e+03 1.397479999999999927e+04 7.809949999999999818e+03 2.421159999999999854e+04 1.295079999999999927e+04 1.922190000000000146e+04 1.440170000000000073e+04 1.327350000000000000e+04 1.494489999999999964e+04 1.462339999999999964e+04 1.164370000000000073e+04 4.464720000000000255e+03 9.295520000000000437e+03 5.736380000000000109e+03 4.656939999999999600e+03 2.913090000000000146e+03 2.785710000000000036e+03 3.572530000000000200e+03 3.883460000000000036e+03 1.179789999999999964e+03 3.347619999999999891e+03 1.827220000000000027e+03 8.768930000000000291e+02 7.026549999999999727e+02 2.147519999999999982e+03 2.030329999999999927e+03 8.315489999999999782e+02 -4.487569999999999709e+04 7.188630000000000291e+04 4.325830000000000291e+04 -3.947130000000000291e+04 -2.572650000000000000e+04 -3.169770000000000073e+04 1.471000000000000000e+04 3.472349999999999909e+03 -8.641840000000000146e+03 4.150560000000000400e+03 -5.417510000000000218e+03 1.436119999999999891e+03 8.722969999999999345e+03 -1.352710000000000036e+03 2.919019999999999982e+03 -3.495760000000000218e+03 3.988989999999999782e+03 6.451210000000000036e+03 -1.199250000000000000e+03 1.985970000000000027e+03 -1.874460000000000036e+03 2.624780000000000200e+03 9.556230000000000473e+02 -2.595539999999999964e+03 -2.436010000000000218e+03 -1.087440000000000055e+03 1.454339999999999918e+03 2.045329999999999927e+03 -2.216670000000000016e+02 1.773789999999999964e+03
1.246330000000000000e+05 5.635950000000000000e+04 7.763639999999999418e+04 6.055619999999999709e+04 2.455040000000000146e+04 2.124620000000000073e+04 2.182250000000000000e+04 1.745609999999999854e+04 1.572510000000000036e+04 9.307319999999999709e+03 1.285879999999999927e+04 7.455510000000000218e+03 1.585879999999999927e+04 4.563200000000000000e+04 1.307129999999999927e+04 6.790109999999999673e+03 5.209800000000000182e+03 3.122360000000000127e+03 3.770619999999999891e+03 3.313269999999999982e+03 2.821309999999999945e+03 2.688340000000000146e+03 2.421889999999999873e+03 2.559309999999999945e+03 2.663510000000000218e+03 1.519200000000000045e+03 2.192780000000000200e+03 1.566410000000000082e+03 1.660869999999999891e+03 2.045990000000000009e+03 -1.306630000000000000e+05 1.497850000000000000e+05 -1.767920000000000073e+04 7.240850000000000000e+04 3.312009999999999854e+04 1.523150000000000000e+04 1.565320000000000073e+04 1.783140000000000146e+04 1.943000000000000000e+04 3.321409999999999854e+03 3.108699999999999818e+03 9.402020000000000437e+03 5.382890000000000327e+03 6.011279999999999745e+03 9.377079999999999927e+03 8.424860000000000582e+03 2.157320000000000164e+03 6.895920000000000073e+03 -4.096429999999999723e+02 3.492590000000000146e+03 3.366210000000000036e+03 3.460099999999999909e+03 3.829860000000000127e+03 1.490859999999999900e+03 1.605059999999999945e+03 1.045529999999999973e+03 9.514139999999999873e+02 5.334900000000000091e+02 1.192650000000000091e+03 1.105039999999999964e+03 -7.311750000000000000e+04 -6.061340000000000146e+04 -1.511410000000000000e+05 -4.553540000000000146e+04 -4.602409999999999854e+04 1.736200000000000000e+04 1.103349999999999909e+03 2.937539999999999964e+03 1.325170000000000073e+04 6.939640000000000327e+03 -2.546559999999999945e+03 1.031350000000000000e+04 6.153450000000000273e+02 3.668869999999999891e+03 4.627130000000000109e+03 -5.219359999999999673e+03 5.619310000000000400e+03 2.145469999999999800e+03 -1.047710000000000036e+03 6.682119999999999891e+02 -5.174410000000000309e+02 3.967349999999999710e+01 6.329990000000000236e+02 -8.234769999999999754e+02 7.095280000000000200e+02 -1.147180000000000064e+03 1.524480000000000075e+02 1.220460000000000036e+03 -4.166630000000000109e+02 1.031759999999999991e+03
-4.730040000000000146e+04 3.149159999999999854e+04 7.258439999999999418e+04 1.998900000000000000e+04 2.142340000000000146e+04 2.185770000000000073e+04 1.432739999999999964e+04 1.401320000000000073e+04 1.523020000000000073e+04 1.177879999999999927e+04 1.031410000000000036e+04 7.143470000000000255e+03 8.249649999999999636e+03 1.307129999999999927e+04 3.575290000000000146e+04 1.206639999999999964e+04 5.583720000000000255e+03 3.402219999999999800e+03 4.814260000000000218e+03 2.507019999999999982e+03 3.253880000000000109e+03 1.925849999999999909e+03 2.675530000000000200e+03 1.869480000000000018e+03 1.929529999999999973e+03 1.634230000000000018e+03 2.758469999999999800e+03 2.056969999999999800e+03 1.123279999999999973e+03 7.960710000000000264e+02 -1.608990000000000000e+05 8.991010000000000582e+04 -2.468860000000000127e+03 2.708059999999999854e+04 2.527890000000000146e+04 9.313319999999999709e+03 1.985950000000000000e+04 1.211079999999999927e+04 1.562150000000000000e+04 1.084439999999999964e+04 6.802119999999999891e+03 1.487110000000000036e+04 6.937029999999999745e+03 9.037569999999999709e+03 1.091770000000000073e+04 9.440139999999999418e+03 7.541319999999999709e+03 3.417679999999999836e+03 2.131920000000000073e+03 1.703319999999999936e+03 5.919569999999999936e+02 3.788900000000000091e+03 2.737130000000000109e+03 1.933039999999999964e+03 1.249809999999999945e+03 1.589970000000000027e+03 2.906779999999999973e+02 1.194789999999999964e+03 9.699099999999999966e+01 1.471700000000000045e+03 -1.758760000000000000e+05 -6.702250000000000000e+04 -3.944380000000000291e+04 -1.305610000000000036e+04 1.835170000000000073e+04 2.148890000000000146e+04 1.114710000000000036e+04 1.559860000000000036e+04 1.798229999999999927e+04 9.508120000000000800e+03 -3.741070000000000164e+03 7.402960000000000036e+03 -2.331500000000000000e+03 -4.118250000000000000e+03 -9.399640000000000555e+02 -5.837399999999999636e+03 2.529250000000000114e+02 3.795800000000000182e+03 3.056710000000000036e+03 9.197329999999999472e+01 -1.623980000000000018e+03 -2.112039999999999964e+03 -3.214630000000000109e+03 -2.923360000000000127e+03 -9.828329999999999700e+02 2.133770000000000095e+02 2.030220000000000027e+03 3.960600000000000023e+02 8.036950000000000500e+02 3.401720000000000255e+02
4.270130000000000291e+04 3.788519999999999709e+04 7.612400000000000000e+04 4.018880000000000291e+04 1.093270000000000073e+04 2.005229999999999927e+04 2.041370000000000073e+04 1.496279999999999927e+04 1.178939999999999964e+04 1.269639999999999964e+04 7.831539999999999964e+03 8.909700000000000728e+03 8.121619999999999891e+03 6.790109999999999673e+03 1.206639999999999964e+04 2.883020000000000073e+04 8.736959999999999127e+03 4.186010000000000218e+03 4.710189999999999600e+03 3.245789999999999964e+03 3.588489999999999782e+03 3.245139999999999873e+03 3.337340000000000146e+03 2.276909999999999854e+03 2.758159999999999854e+03 1.850589999999999918e+03 1.836470000000000027e+03 1.930990000000000009e+03 1.665480000000000018e+03 1.451069999999999936e+03 6.020159999999999854e+04 1.393160000000000000e+05 4.330840000000000146e+04 2.320429999999999927e+04 5.768519999999999754e+02 3.307780000000000291e+04 1.387400000000000000e+04 1.901640000000000146e+04 9.172090000000000146e+03 7.148699999999999818e+03 1.038589999999999964e+04 1.168920000000000073e+04 3.551949999999999818e+03 5.913289999999999964e+03 4.553270000000000437e+03 9.428239999999999782e+03 6.766430000000000291e+03 2.440860000000000127e+03 3.681670000000000073e+03 2.027700000000000045e+03 1.500829999999999927e+03 3.401630000000000109e+03 3.316550000000000182e+03 3.312489999999999782e+03 1.290029999999999973e+03 2.570210000000000036e+03 1.739630000000000109e+03 1.032690000000000055e+03 1.209079999999999927e+03 1.320160000000000082e+03 7.005630000000000291e+04 -2.921750000000000000e+04 3.016170000000000073e+04 2.509660000000000082e+02 6.237590000000000146e+03 -2.360449999999999818e+03 1.593639999999999964e+04 1.232229999999999927e+04 -6.751260000000000218e+03 -2.365739999999999782e+03 -1.193720000000000073e+04 4.885789999999999964e+03 -6.983859999999999673e+03 -6.030039999999999964e+03 -4.637850000000000364e+03 -5.901779999999999745e+03 -1.040130000000000109e+03 7.004420000000000073e+02 5.232390000000000185e+01 -1.694809999999999945e+03 -1.599190000000000055e+03 1.043130000000000109e+03 -1.977660000000000082e+03 2.409550000000000125e+02 1.026789999999999964e+03 -5.679020000000000437e+02 -4.358829999999999814e+02 1.164339999999999918e+03 1.421769999999999925e+02 1.638589999999999918e+03
3.679700000000000000e+04 3.334069999999999709e+04 6.268830000000000291e+04 9.454149999999999636e+03 1.125150000000000000e+04 1.643550000000000000e+04 1.317339999999999964e+04 1.258420000000000073e+04 7.855460000000000036e+03 9.500670000000000073e+03 7.065619999999999891e+03 6.838420000000000073e+03 5.129510000000000218e+03 5.209800000000000182e+03 5.583720000000000255e+03 8.736959999999999127e+03 2.241609999999999854e+04 7.394520000000000437e+03 4.194710000000000036e+03 2.606579999999999927e+03 2.805079999999999927e+03 1.510849999999999909e+03 2.562159999999999854e+03 1.829470000000000027e+03 1.878460000000000036e+03 1.772009999999999991e+03 2.033940000000000055e+03 1.335680000000000064e+03 1.279119999999999891e+03 6.533920000000000528e+02 -7.018469999999999709e+04 1.175790000000000000e+05 1.948950000000000000e+04 -1.403739999999999964e+04 -3.761260000000000218e+03 1.114300000000000000e+04 1.301639999999999964e+04 1.206079999999999927e+04 1.049200000000000000e+04 7.356470000000000255e+03 3.129980000000000018e+03 4.941779999999999745e+03 1.422859999999999900e+03 6.850149999999999636e+03 4.524989999999999782e+03 5.813250000000000000e+03 4.437960000000000036e+03 3.694260000000000218e+03 1.390690000000000055e+03 2.570329999999999927e+03 2.845409999999999854e+03 3.073059999999999945e+03 4.164010000000000218e+03 3.171010000000000218e+03 2.498030000000000200e+03 3.962900000000000205e+02 8.647359999999999900e+02 6.245599999999999454e+02 8.490879999999999654e+02 1.466619999999999891e+03 -1.607650000000000000e+05 -4.457650000000000000e+04 -1.755659999999999854e+04 -4.097250000000000000e+04 -9.426530000000000655e+03 -8.468950000000000728e+03 -1.087390000000000100e+03 8.187340000000000146e+03 6.332119999999999891e+03 3.251519999999999982e+03 -3.975289999999999964e+03 1.108410000000000082e+03 -1.488019999999999925e+02 2.533599999999999909e+03 3.021349999999999909e+03 -1.829789999999999964e+03 1.402009999999999934e+02 -6.946939999999999600e+02 2.803730000000000018e+03 7.310810000000000173e+02 -6.580639999999999645e+02 1.554099999999999909e+03 -2.213639999999999830e+00 1.464919999999999902e+02 -2.070840000000000146e+03 -3.269329999999999927e+02 1.500230000000000018e+03 1.238569999999999936e+03 1.449680000000000064e+03 1.099369999999999891e+03
