2.207960000000000000e+07 4.456460000000000000e+06 5.329360000000000000e+05 3.274370000000000000e+05 6.613969999999999709e+04 6.623239999999999418e+04 2.640540000000000146e+04 -7.059199999999999818e+03 3.376290000000000146e+04 3.023770000000000073e+04 4.547359999999999854e+04 9.021829999999999927e+02 1.518200000000000045e+03 -6.501819999999999709e+03 -3.746429999999999836e+03 2.795329999999999927e+03 4.453680000000000291e+03 2.621320000000000164e+03 -1.523529999999999973e+03 -2.289489999999999782e+03 -1.494500000000000000e+04 -2.844590000000000146e+03 5.576060000000000400e+03 4.207439999999999600e+03 2.411179999999999836e+03 -9.470340000000000146e+03 -3.185289999999999964e+03 1.079750000000000000e+03 -7.993100000000000364e+03 1.815789999999999964e+03 4.054240000000000000e+06 -9.209220000000000000e+05 -7.938940000000000000e+05 3.975609999999999854e+04 3.617950000000000000e+05 2.816050000000000000e+05 1.612160000000000000e+05 -1.660600000000000000e+05 -9.456119999999999709e+04 -1.463910000000000036e+04 -5.081770000000000209e+02 -3.060429999999999927e+04 1.282320000000000073e+04 -2.007539999999999964e+03 -1.974050000000000000e+04 3.512259999999999854e+04 -2.059950000000000000e+04 -1.250979999999999927e+04 -1.414529999999999927e+04 3.281819999999999709e+04 -3.013859999999999854e+04 -5.040090000000000146e+03 1.250020000000000073e+04 1.485060000000000036e+04 1.560629999999999927e+04 -1.507910000000000036e+04 -1.466470000000000073e+04 -2.581729999999999927e+04 -1.660250000000000000e+03 -6.608779999999999745e+03 6.885780000000000000e+05 8.555740000000000000e+05 1.164020000000000000e+06 2.695060000000000000e+05 8.779280000000000291e+04 2.264960000000000000e+05 1.304580000000000000e+05 -2.371060000000000000e+05 4.406669999999999709e+04 4.092380000000000291e+04 4.046090000000000146e+04 5.701119999999999709e+04 -3.552869999999999709e+04 -3.833409999999999854e+04 3.146170000000000073e+04 7.151400000000000000e+04 -1.144100000000000000e+04 4.091859999999999854e+04 1.004029999999999927e+04 -7.367699999999999818e+03 -5.302850000000000364e+03 -6.523319999999999709e+03 2.795179999999999927e+04 1.636789999999999964e+04 1.048050000000000000e+04 3.248629999999999927e+04 2.483259999999999854e+04 -2.271219999999999800e+03 7.720810000000000400e+03 -3.908389999999999873e+03
4.456460000000000000e+06 7.025460000000000000e+06 1.423520000000000000e+06 2.309240000000000000e+05 9.479580000000000291e+04 8.263150000000000000e+04 1.203210000000000000e+05 2.801709999999999854e+04 1.306570000000000073e+04 2.647679999999999927e+04 3.393540000000000146e+04 9.074180000000000064e+02 2.650679999999999836e+03 1.618410000000000036e+04 2.173379999999999927e+04 8.459639999999999418e+03 4.464539999999999964e+03 -8.779930000000000291e+03 -6.155840000000000146e+03 -3.118980000000000018e+03 1.410109999999999900e+03 2.123909999999999854e+03 -1.709439999999999884e+02 -4.921089999999999804e+02 2.858630000000000109e+03 -4.536739999999999782e+03 -5.583010000000000218e+03 -2.893260000000000218e+03 -1.642119999999999891e+03 1.425519999999999982e+03 2.373570000000000000e+06 5.197880000000000000e+06 -1.847060000000000000e+05 -3.575920000000000000e+05 -9.524860000000000582e+04 3.822159999999999854e+03 6.950919999999999709e+04 -4.610059999999999854e+04 -1.006729999999999927e+04 6.741810000000000400e+02 1.496970000000000073e+04 -5.259090000000000146e+03 -5.207130000000000109e+03 9.155530000000000655e+03 2.695750000000000000e+04 2.055009999999999854e+04 -1.269289999999999964e+04 -2.648250000000000000e+04 -8.038260000000000218e+03 4.419840000000000146e+03 1.413660000000000036e+04 -5.126689999999999600e+03 -8.978899999999999636e+03 8.308639999999999418e+03 1.124070000000000073e+04 -1.267520000000000073e+04 -1.170100000000000000e+04 -3.961699999999999818e+03 -5.266130000000000564e+02 -2.593239999999999782e+03 6.039860000000000000e+05 1.032520000000000000e+06 -5.270520000000000000e+05 5.949090000000000146e+04 9.972389999999999418e+04 4.676050000000000000e+04 -3.227459999999999854e+04 -3.341790000000000146e+04 6.732650000000000000e+04 1.529150000000000000e+04 1.551210000000000036e+03 -2.636929999999999927e+04 -1.526670000000000073e+04 2.120690000000000146e+04 1.406850000000000000e+04 -2.327570000000000073e+04 4.015429999999999836e+03 6.376409999999999854e+03 1.935340000000000146e+04 2.193200000000000000e+04 1.865200000000000000e+04 3.901679999999999836e+03 6.983600000000000364e+03 2.569820000000000164e+03 3.975989999999999782e+03 -5.910430000000000291e+03 -1.497210000000000036e+02 -2.865719999999999800e+03 -4.918600000000000364e+03 7.984130000000000109e+03
5.329360000000000000e+05 1.423520000000000000e+06 2.468540000000000000e+06 6.059880000000000000e+05 1.290670000000000000e+05 6.214869999999999709e+04 4.367559999999999854e+04 2.665740000000000146e+04 1.201760000000000036e+04 2.071390000000000146e+04 2.128190000000000146e+04 5.932750000000000000e+03 5.483430000000000291e+03 1.940019999999999982e+03 4.298050000000000182e+03 2.280449999999999818e+03 4.799460000000000036e+03 3.267019999999999982e+02 4.589159999999999854e+03 1.353369999999999891e+03 2.358610000000000127e+03 1.736380000000000052e+02 -1.379500000000000000e+03 1.159829999999999927e+03 3.778000000000000000e+03 1.493930000000000064e+03 1.682630000000000109e+03 9.209679999999999609e+02 -5.877980000000000018e+02 -3.122389999999999759e+02 6.053759999999999854e+04 9.047340000000000000e+05 1.942680000000000000e+06 2.998420000000000000e+05 7.821579999999999927e+03 -1.056310000000000000e+05 2.586260000000000218e+03 7.647639999999999418e+04 3.526480000000000291e+04 3.431469999999999709e+04 3.918990000000000146e+04 4.821779999999999745e+03 8.947059999999999491e+03 4.311989999999999782e+03 2.725290000000000146e+04 1.257239999999999964e+04 5.194390000000000327e+03 3.345170000000000073e+03 1.473750000000000000e+04 1.119650000000000000e+04 1.289589999999999964e+04 6.941050000000000182e+03 6.754680000000000291e+03 3.899159999999999854e+03 7.433479999999999563e+02 -6.044319999999999709e+03 -1.469500000000000000e+03 1.845200000000000045e+03 3.893300000000000182e+03 4.920279999999999745e+03 -4.293290000000000000e+05 -4.155709999999999854e+04 -1.175200000000000000e+05 -7.875630000000000291e+04 1.970750000000000000e+04 -2.655030000000000200e+03 -6.834389999999999418e+04 5.252919999999999709e+04 2.149640000000000146e+04 1.125920000000000073e+04 -9.276180000000000291e+03 -9.416100000000000364e+03 -6.601069999999999709e+03 2.529200000000000000e+04 4.510700000000000000e+04 -2.376330000000000098e+02 -4.714359999999999673e+03 1.708380000000000109e+03 -9.243149999999999636e+03 -1.058289999999999964e+04 -1.944230000000000018e+03 -6.224350000000000364e+03 -5.912859999999999445e+02 -1.889490000000000009e+03 -1.568629999999999927e+04 -7.874720000000000255e+03 2.645340000000000146e+03 -3.623409999999999854e+03 8.840910000000000082e+02 2.975500000000000000e+03
3.274370000000000000e+05 2.309240000000000000e+05 6.059880000000000000e+05 1.057870000000000000e+06 2.165230000000000000e+05 3.590259999999999854e+04 1.233729999999999927e+04 1.595410000000000082e+03 1.894459999999999980e+02 8.724889999999999418e+03 7.250489999999999782e+03 3.462650000000000091e+03 3.293610000000000127e+03 -8.707099999999999795e+01 2.955409999999999854e+03 3.191050000000000182e+03 3.416019999999999982e+03 2.098400000000000091e+03 2.881949999999999818e+03 7.064850000000000136e+02 2.073869999999999891e+03 1.950180000000000064e+03 4.168340000000000146e+03 6.492659999999999627e+02 -6.650140000000000100e+02 -7.802509999999999764e+02 1.239170000000000073e+03 1.475799999999999955e+03 1.982369999999999948e+02 8.349230000000000018e+02 -2.432350000000000000e+05 -1.719380000000000000e+05 4.217780000000000000e+05 8.830300000000000000e+05 8.694230000000000291e+04 -9.469719999999999709e+04 1.198370000000000073e+04 3.343850000000000000e+04 3.432830000000000291e+04 2.668020000000000073e+04 1.465629999999999927e+04 8.981079999999999927e+03 -4.849460000000000036e+03 1.486609999999999900e+03 2.129729999999999927e+04 9.041309999999999491e+03 6.424000000000000000e+03 1.043910000000000036e+04 8.972899999999999636e+03 8.267899999999999636e+03 9.480229999999999563e+03 1.044810000000000036e+04 9.064069999999999709e+03 -2.965880000000000223e+02 5.582520000000000437e+03 -3.717519999999999982e+03 -1.451940000000000055e+03 -8.930530000000000257e+01 4.918579999999999927e+03 3.703229999999999933e+01 -2.017310000000000000e+05 1.864320000000000000e+05 1.153620000000000000e+05 1.704380000000000000e+05 -1.596710000000000000e+05 -1.026810000000000000e+05 4.525920000000000073e+03 1.769940000000000146e+04 -1.182820000000000073e+04 -1.030049999999999955e+03 -2.882779999999999927e+04 -9.083030000000000655e+03 1.279879999999999927e+04 1.007050000000000000e+04 1.451820000000000073e+04 4.415710000000000036e+03 -4.158340000000000146e+03 9.354850000000000136e+02 -3.304590000000000146e+03 -1.221839999999999918e+03 9.659709999999999752e+01 -7.690970000000000255e+03 -3.948059999999999945e+03 -7.015109999999999673e+02 -2.817960000000000036e+03 -7.221289999999999964e+03 -1.983380000000000109e+03 -6.541340000000000146e+03 -4.799029999999999774e+01 8.305899999999999636e+03
6.613969999999999709e+04 9.479580000000000291e+04 1.290670000000000000e+05 2.165230000000000000e+05 3.933700000000000000e+05 9.140960000000000582e+04 2.095220000000000073e+04 1.285979999999999927e+04 -3.665400000000000091e+03 3.504050000000000182e+03 3.659389999999999873e+03 4.120819999999999709e+03 5.690680000000000291e+03 4.948520000000000437e+03 4.307090000000000146e+03 5.893939999999999600e+03 2.911010000000000218e+03 1.847470000000000027e+03 2.113820000000000164e+03 9.482970000000000255e+01 1.434940000000000055e+03 6.645049999999999955e+02 2.865500000000000000e+03 2.098159999999999854e+03 1.946699999999999875e+02 -2.338280000000000030e+02 2.373420000000000130e+02 1.457410000000000082e+03 3.917379999999999995e+02 7.183279999999999745e+02 -1.527120000000000000e+05 4.718090000000000146e+04 1.086720000000000000e+05 2.014110000000000000e+05 3.508850000000000000e+05 1.260739999999999964e+04 -3.036600000000000000e+04 1.348170000000000073e+04 5.641859999999999673e+03 5.911449999999999818e+03 -3.267989999999999782e+03 -5.425930000000000291e+03 -8.402219999999999345e+03 -2.323089999999999975e+02 1.782400000000000091e+03 1.484809999999999945e+03 -8.796970000000000027e+02 3.666860000000000127e+03 4.431530000000000058e+01 6.183750000000000000e+03 1.385029999999999973e+03 3.253360000000000127e+03 8.994470000000000027e+02 -1.555230000000000018e+03 1.873349999999999909e+03 2.992690000000000055e+02 -1.057440000000000055e+03 2.044779999999999973e+03 1.081920000000000073e+03 4.071239999999999782e+03 -1.904360000000000000e+05 6.328469999999999709e+04 1.857650000000000000e+04 1.112110000000000000e+05 7.212089999999999418e+04 -5.946119999999999709e+04 -1.720600000000000000e+04 1.946850000000000000e+04 -1.297150000000000091e+03 -3.830650000000000091e+03 -4.632189999999999941e+02 -9.461489999999999782e+03 2.399940000000000055e+03 5.017710000000000036e+03 3.902920000000000073e+03 -4.078530000000000200e+03 -9.665049999999999955e+02 -3.822530000000000200e+03 6.016920000000000073e+03 1.042999999999999972e+01 -3.611159999999999854e+03 -1.643079999999999927e+03 -3.337110000000000127e+03 -1.270819999999999936e+03 -2.040220000000000027e+03 -2.778170000000000073e+03 -6.001260000000000218e+03 -5.169899999999999636e+03 5.880040000000000191e+02 3.706550000000000182e+03
6.623239999999999418e+04 8.263150000000000000e+04 6.214869999999999709e+04 3.590259999999999854e+04 9.140960000000000582e+04 2.357730000000000000e+05 6.035800000000000000e+04 1.808740000000000146e+04 8.087960000000000036e+03 6.218130000000000109e+03 4.356460000000000036e+03 2.095020000000000095e+02 1.249130000000000109e+03 4.345949999999999818e+03 2.336920000000000073e+03 3.275510000000000218e+03 2.791940000000000055e+03 2.302119999999999891e+03 2.552590000000000146e+03 1.111140000000000100e+03 1.268579999999999927e+03 1.802549999999999955e+03 1.561559999999999945e+03 1.575589999999999918e+03 -5.266749999999999545e+02 5.866100000000000136e+02 9.044859999999999900e+02 5.709450000000000500e+02 7.616169999999999618e+02 6.665919999999999845e+02 -1.372070000000000000e+05 -1.619700000000000000e+05 7.975380000000000109e+03 2.617820000000000164e+03 7.340169999999999709e+04 2.420370000000000000e+05 4.052290000000000146e+04 1.793409999999999854e+04 9.474500000000000000e+03 -6.167239999999999782e+03 2.499840000000000146e+03 3.499449999999999818e+03 1.129430000000000064e+03 4.165880000000000109e+03 4.479710000000000036e+03 -2.944379999999999953e+01 9.009810000000000230e+01 -1.616380000000000109e+03 3.134360000000000127e+03 7.217079999999999927e+03 8.922450000000000045e+02 1.772490000000000009e+03 -6.951620000000000346e+02 1.224269999999999982e+03 -6.190879999999999654e+02 1.536329999999999927e+03 2.903409999999999854e+03 2.099730000000000018e+03 1.130549999999999955e+03 -2.189710000000000036e+02 1.120550000000000000e+05 6.476019999999999709e+04 8.544450000000000000e+04 1.697100000000000000e+04 -2.300240000000000146e+04 4.109209999999999854e+04 -8.129529999999999745e+03 1.094539999999999964e+04 2.246809999999999854e+04 4.211829999999999927e+03 1.111220000000000073e+04 7.543640000000000327e+03 6.660560000000000400e+03 6.327180000000000291e+03 2.881010000000000218e+03 7.824329999999999927e+03 2.003049999999999955e+03 -1.296660000000000082e+03 2.418789999999999964e+03 -1.175720000000000027e+03 -4.680300000000000182e+03 -3.201309999999999718e+02 2.510199999999999818e+03 4.236210000000000036e+03 3.193050000000000182e+03 2.428670000000000073e+03 2.666849999999999909e+03 3.601039999999999850e+02 -1.354349999999999909e+03 -8.598070000000000164e+02
2.640540000000000146e+04 1.203210000000000000e+05 4.367559999999999854e+04 1.233729999999999927e+04 2.095220000000000073e+04 6.035800000000000000e+04 1.426820000000000000e+05 4.060959999999999854e+04 1.506000000000000000e+04 9.154510000000000218e+03 4.314900000000000091e+02 1.170769999999999982e+03 8.536180000000000518e+02 1.214670000000000073e+03 3.362559999999999945e+03 1.850259999999999991e+03 1.110640000000000100e+03 6.812680000000000291e+01 1.382720000000000027e+03 1.249589999999999918e+03 1.711339999999999918e+03 1.009149999999999977e+03 6.002859999999999445e+02 1.742309999999999945e+03 1.074859999999999900e+03 1.021070000000000050e+03 3.511720000000000255e+02 3.576360000000000241e+02 4.330269999999999868e+02 7.444120000000000346e+02 -3.188520000000000073e+04 1.869759999999999854e+04 1.529220000000000073e+04 3.154990000000000146e+04 3.952250000000000000e+04 6.764219999999999709e+04 1.268900000000000000e+05 2.447350000000000000e+04 1.158529999999999927e+04 6.028489999999999782e+03 1.422400000000000091e+03 3.702559999999999945e+03 -1.218799999999999955e+03 -2.422780000000000200e+03 1.290059999999999945e+03 6.714220000000000255e+02 1.602430000000000064e+03 2.087780000000000200e+03 3.319349999999999909e+03 4.548260000000000218e+03 1.018110000000000014e+03 -2.056440000000000055e+02 6.924059999999999491e+02 1.260809999999999945e+03 -5.711580000000000155e+02 -1.113670000000000073e+03 -3.160110000000000127e+03 3.920679999999999836e+02 1.191299999999999955e+03 -1.963979999999999961e+02 2.828700000000000000e+04 7.761639999999999418e+04 -4.727449999999999818e+03 2.441350000000000000e+04 -6.354950000000000000e+04 -7.290819999999999709e+03 2.638659999999999854e+04 -6.089770000000000437e+03 -8.354230000000000018e+02 -8.407219999999999516e+01 1.663079999999999927e+04 5.813199999999999818e+03 -6.124659999999999854e+03 2.549769999999999982e+03 4.277630000000000109e+03 2.008279999999999973e+03 2.825429999999999836e+03 -1.391480000000000018e+03 8.523890000000000100e+02 3.295960000000000036e+03 -2.096159999999999854e+03 -1.468130000000000109e+03 4.625369999999999777e+02 1.305020000000000095e+02 -1.427180000000000064e+03 -8.518529999999999518e+02 -2.446889999999999930e+02 1.103810000000000002e+02 4.739769999999999754e+02 -5.446150000000000091e+02
-7.059199999999999818e+03 2.801709999999999854e+04 2.665740000000000146e+04 1.595410000000000082e+03 1.285979999999999927e+04 1.808740000000000146e+04 4.060959999999999854e+04 7.947110000000000582e+04 2.460650000000000000e+04 1.016289999999999964e+04 7.398970000000000482e+02 2.091680000000000064e+02 1.347369999999999891e+03 9.469009999999999536e+02 2.191329999999999927e+03 9.060969999999999800e+02 2.583799999999999955e+02 7.578769999999999527e+02 1.143650000000000091e+03 1.435039999999999964e+03 1.050579999999999927e+03 3.386120000000000232e+02 3.672200000000000273e+02 1.216410000000000082e+03 1.267430000000000064e+03 8.462559999999999718e+02 8.594149999999999636e+02 3.591019999999999754e+02 7.199149999999999636e+02 7.718999999999999773e+02 -1.239760000000000000e+05 -6.273940000000000146e+04 3.113229999999999927e+04 6.380170000000000073e+03 1.932550000000000000e+04 3.117750000000000000e+04 4.190640000000000146e+04 7.121180000000000291e+04 3.342669999999999709e+04 7.355539999999999964e+03 3.793109999999999786e+02 2.310389999999999873e+03 2.665090000000000146e+03 2.733309999999999945e+03 1.726990000000000009e+03 1.473599999999999909e+03 4.028360000000000127e+03 1.332160000000000082e+03 1.614470000000000027e+03 2.289440000000000055e+03 1.196730000000000018e+03 -1.239180000000000064e+03 5.370389999999999873e+02 -9.672209999999999752e+01 1.403559999999999945e+03 -2.082059999999999889e+02 -3.830059999999999718e+02 -7.895599999999999454e+02 -2.566829999999999927e+02 6.753659999999999854e+02 -1.373720000000000073e+04 7.903350000000000000e+04 -7.140569999999999709e+03 8.837610000000000582e+03 -2.099170000000000073e+04 4.957810000000000400e+03 1.490889999999999964e+04 1.964650000000000000e+04 7.908750000000000000e+03 2.598440000000000055e+03 2.975239999999999782e+03 1.677190000000000055e+03 -2.345010000000000218e+03 2.228539999999999964e+03 5.595180000000000291e+03 2.051090000000000146e+03 1.494769999999999982e+03 9.525449999999999591e+02 2.703220000000000027e+02 -2.796880000000000109e+03 -1.214789999999999964e+03 5.002769999999999868e+02 -2.091380000000000052e+02 -1.443340000000000032e+02 1.955639999999999930e+02 -5.151630000000000109e+02 9.720779999999999745e+02 -1.873210000000000036e+03 -4.816970000000000027e+02 -9.703289999999999509e+02
3.376290000000000146e+04 1.306570000000000073e+04 1.201760000000000036e+04 1.894459999999999980e+02 -3.665400000000000091e+03 8.087960000000000036e+03 1.506000000000000000e+04 2.460650000000000000e+04 5.780659999999999854e+04 1.774540000000000146e+04 2.168340000000000146e+03 3.324900000000000091e+02 -2.240639999999999930e+02 6.638760000000000616e+01 4.983679999999999950e+02 -2.376409999999999911e+02 2.280750000000000099e+01 6.305389999999999873e+02 6.484370000000000118e+02 1.144950000000000045e+03 8.232630000000000337e+02 -3.804070000000000107e+01 -2.634379999999999882e+02 6.930149999999999864e+02 8.073709999999999809e+02 4.487810000000000059e+02 4.535129999999999768e+02 -2.010889999999999986e+02 5.893650000000000091e+02 8.265700000000000500e+02 3.341800000000000182e+03 5.056840000000000259e+02 2.923340000000000146e+04 9.324569999999999709e+03 -1.062250000000000000e+04 1.427539999999999964e+04 7.102630000000000109e+03 1.787090000000000146e+04 5.424080000000000291e+04 6.407409999999999854e+03 -1.709960000000000036e+03 -8.492069999999999936e+02 5.845779999999999745e+02 2.682530000000000200e+03 3.197359999999999900e+02 -1.795210000000000036e+03 6.847999999999999545e+02 -1.010570000000000050e+03 -1.140950000000000045e+03 4.173369999999999891e+02 -3.235620000000000118e+02 -7.964099999999999682e+02 1.333529999999999973e+03 -5.622409999999999854e+02 -3.766870000000000118e+02 -5.620270000000000437e+02 -8.848730000000000473e+02 -1.412139999999999986e+02 2.319250000000000114e+02 7.323579999999999472e+02 6.797300000000000000e+04 8.585950000000000000e+04 3.252109999999999854e+04 6.977260000000000218e+03 -5.697770000000000437e+03 4.755679999999999836e+02 2.077719999999999800e+03 5.394140000000000327e+03 1.502220000000000073e+04 -6.710210000000000036e+03 4.080230000000000246e+02 2.411059999999999945e+03 -1.293430000000000064e+03 3.904989999999999782e+03 7.298790000000000333e+00 -1.604200000000000045e+03 1.517319999999999936e+03 1.094589999999999918e+03 1.009309999999999945e+03 3.392149999999999750e+02 -1.184830000000000041e+02 1.086470000000000027e+03 2.520970000000000084e+02 -5.251340000000000146e+02 4.493240000000000123e+02 5.677200000000000273e+02 4.644119999999999777e+02 5.109270000000000209e+02 -1.451430000000000007e+02 4.193190000000000168e+02
3.023770000000000073e+04 2.647679999999999927e+04 2.071390000000000146e+04 8.724889999999999418e+03 3.504050000000000182e+03 6.218130000000000109e+03 9.154510000000000218e+03 1.016289999999999964e+04 1.774540000000000146e+04 3.902709999999999854e+04 1.037029999999999927e+04 1.953839999999999918e+03 4.669639999999999986e+02 1.867960000000000036e+03 1.679960000000000036e+03 1.091529999999999973e+03 1.061289999999999964e+03 7.988999999999999773e+02 1.054460000000000036e+03 1.304670000000000073e+03 8.665220000000000482e+02 4.212620000000000005e+02 3.269289999999999736e+02 7.588630000000000564e+02 6.527340000000000373e+02 5.048980000000000246e+02 -4.951080000000000325e+01 -5.376480000000000103e+01 2.977809999999999846e+01 2.227439999999999998e+02 -5.155469999999999709e+04 1.979159999999999854e+04 4.422809999999999854e+04 1.845000000000000000e+04 1.138320000000000073e+04 -3.637260000000000218e+03 8.558639999999999418e+03 6.154319999999999709e+03 1.338910000000000036e+04 2.446650000000000000e+04 1.641130000000000109e+03 -2.934900000000000091e+03 1.318109999999999900e+03 1.066460000000000036e+03 7.630069999999999482e+02 -2.698039999999999736e+02 1.534069999999999936e+03 -1.696089999999999918e+03 -2.199410000000000025e+02 7.285380000000000109e+02 4.566410000000000196e+02 -3.489100000000000250e+02 7.369640000000000555e+02 3.492060000000000031e+01 2.648940000000000055e+02 5.690599999999999454e+02 1.792470000000000141e+02 4.895900000000000141e+00 -2.431469999999999914e+02 6.699710000000000036e+02 -1.710750000000000000e+04 -1.128920000000000073e+04 -1.135990000000000009e+03 7.459089999999999918e+02 -1.601770000000000073e+04 -1.032379999999999927e+04 4.175390000000000327e+03 -6.202000000000000000e+03 2.101460000000000036e+03 3.679309999999999832e+02 -3.545380000000000109e+03 -1.533750000000000000e+02 4.427259999999999991e+02 5.429850000000000136e+02 3.669440000000000168e+01 -5.122579999999999956e+01 -1.334099999999999909e+03 -5.010179999999999723e+02 4.681519999999999868e+02 1.114380000000000109e+03 8.229289999999999736e+02 1.770589999999999918e+03 1.277440000000000055e+03 -3.389340000000000259e+02 -1.039650000000000091e+03 2.210780000000000030e+02 5.427580000000000382e+02 3.777880000000000109e+02 -3.117350000000000136e+02 5.210499999999999545e+02
4.547359999999999854e+04 3.393540000000000146e+04 2.128190000000000146e+04 7.250489999999999782e+03 3.659389999999999873e+03 4.356460000000000036e+03 4.314900000000000091e+02 7.398970000000000482e+02 2.168340000000000146e+03 1.037029999999999927e+04 2.490090000000000146e+04 6.729180000000000291e+03 1.585930000000000064e+03 2.110210000000000036e+03 8.260090000000000146e+02 8.938310000000000173e+02 1.759470000000000027e+02 -7.671179999999999666e+01 2.867649999999999864e+02 4.535459999999999923e+02 5.036370000000000005e+02 5.855349999999999682e+02 1.117129999999999939e+02 3.185140000000000100e+02 1.276420000000000066e+01 1.555159999999999911e+02 -5.046869999999999834e+01 2.218880000000000052e+01 1.099430000000000085e+01 6.775560000000000116e+01 3.217740000000000146e+04 7.619500000000000000e+04 4.754550000000000000e+04 3.290959999999999854e+04 2.051109999999999854e+04 9.720540000000000873e+03 7.652979999999999563e+03 2.379800000000000182e+03 -8.279500000000000455e+02 5.653060000000000400e+03 1.706959999999999854e+04 3.897250000000000000e+03 3.118880000000000109e+03 6.950320000000000391e+02 8.639750000000000227e+02 2.092110000000000127e+02 1.086319999999999936e+03 -6.158780000000000427e+02 4.315289999999999964e+02 -5.995979999999999563e+02 1.488160000000000025e+02 2.986030000000000086e+02 3.187180000000000177e+02 -4.780529999999999973e+02 9.711220000000000141e+01 7.455189999999999984e+00 1.238160000000000025e+02 -1.172349999999999994e+02 -2.270579999999999927e+02 5.993209999999999837e+01 -1.959990000000000146e+04 -6.678779999999999745e+03 2.252920000000000073e+04 -8.701559999999999491e+03 6.953680000000000291e+03 9.020290000000000873e+03 4.082289999999999964e+03 7.863479999999999563e+03 -1.257670000000000073e+03 6.011499999999999773e+02 1.568789999999999964e+03 1.369480000000000018e+03 1.199809999999999945e+03 8.646970000000000027e+02 1.931630000000000109e+03 3.287290000000000134e+01 -5.682930000000000064e+02 2.495519999999999925e+02 -1.594799999999999898e+02 -7.669539999999999509e+02 2.773690000000000282e+02 8.368289999999999509e+02 2.276210000000000093e+02 -9.209339999999999691e+02 -5.952999999999999545e+02 -6.633549999999999613e+01 2.405720000000000027e+02 -3.176569999999999823e+02 -9.420420000000000300e+02 -1.289149999999999920e+02
9.021829999999999927e+02 9.074180000000000064e+02 5.932750000000000000e+03 3.462650000000000091e+03 4.120819999999999709e+03 2.095020000000000095e+02 1.170769999999999982e+03 2.091680000000000064e+02 3.324900000000000091e+02 1.953839999999999918e+03 6.729180000000000291e+03 1.839920000000000073e+04 4.830170000000000073e+03 1.690460000000000036e+03 5.352659999999999627e+02 5.338529999999999518e+02 7.173819999999999482e+02 2.001730000000000018e+02 8.754139999999999873e+02 5.435230000000000246e+02 1.830819999999999936e+02 1.601079999999999970e+01 2.199869999999999948e+02 3.818140000000000214e+02 2.105449999999999875e+02 3.232440000000000282e+02 1.661049999999999898e+02 3.899979999999999905e+02 -5.247220000000000084e+01 2.433189999999999884e+02 4.036490000000000146e+04 1.792870000000000073e+04 2.677750000000000000e+04 8.245659999999999854e+03 6.117779999999999745e+03 -2.116000000000000000e+03 -1.798579999999999927e+03 2.214780000000000200e+03 -2.610420000000000073e+03 8.714880000000000564e+02 2.074869999999999891e+03 1.423150000000000000e+04 2.831219999999999800e+03 -1.377119999999999891e+02 -8.495789999999999509e+02 3.544900000000000091e+02 1.956430000000000064e+03 4.365099999999999909e+02 8.504260000000000446e+02 2.589669999999999845e+02 -1.220100000000000051e+02 -3.219010000000000105e+02 -2.145579999999999927e+02 -3.633690000000000282e+02 4.327350000000000136e+02 -1.675769999999999982e+01 1.064150000000000063e+02 2.953750000000000000e+02 3.442239999999999895e+02 3.045419999999999732e+02 -8.174369999999999891e+03 -1.383060000000000036e+04 5.357669999999999709e+04 1.450319999999999965e+01 -1.648650000000000000e+04 6.356190000000000282e+02 1.687589999999999918e+03 1.342320000000000073e+04 -2.064199999999999818e+03 2.140010000000000218e+03 -1.426269999999999982e+03 3.166030000000000200e+03 -1.957759999999999991e+03 7.605940000000000509e+02 2.148409999999999854e+03 -8.772110000000000127e+02 1.011429999999999950e+03 -7.090910000000000046e+00 -6.641530000000000200e+02 -5.976029999999999518e+02 -4.080380000000000109e+02 1.048700000000000045e+02 2.429470000000000027e+02 4.538870000000000005e+02 2.045490000000000066e+02 2.264639999999999986e+02 -4.300489999999999782e+02 -3.807070000000000221e+01 -3.902669999999999959e+02 -6.922219999999999800e+02
1.518200000000000045e+03 2.650679999999999836e+03 5.483430000000000291e+03 3.293610000000000127e+03 5.690680000000000291e+03 1.249130000000000109e+03 8.536180000000000518e+02 1.347369999999999891e+03 -2.240639999999999930e+02 4.669639999999999986e+02 1.585930000000000064e+03 4.830170000000000073e+03 1.370320000000000073e+04 4.033030000000000200e+03 1.396140000000000100e+03 8.040720000000000027e+02 1.275369999999999891e+03 4.033039999999999736e+02 7.410180000000000291e+02 5.131939999999999600e+02 4.878679999999999950e+02 4.930760000000000218e+02 6.050019999999999527e+02 5.747939999999999827e+01 3.546019999999999754e+02 1.048730000000000047e+02 1.705649999999999977e+02 2.493919999999999959e+02 -3.058139999999999858e+01 2.197789999999999964e+02 4.443200000000000000e+04 2.029479999999999927e+04 1.625879999999999927e+04 3.367889999999999873e+03 3.396980000000000018e+03 -7.102010000000000218e+02 -1.672099999999999909e+03 4.247079999999999927e+03 -2.263110000000000127e+03 3.380799999999999841e+02 -4.945470000000000255e+02 1.514539999999999964e+03 7.667619999999999891e+03 2.064059999999999945e+03 1.133690000000000055e+03 -5.139059999999999491e+02 1.038480000000000018e+03 -1.814759999999999991e+02 1.811500000000000057e+02 4.206390000000000100e+02 1.050250000000000000e+03 4.132049999999999841e+02 -1.351850000000000023e+02 -3.237710000000000150e+02 2.784370000000000118e+02 -3.290960000000000036e+02 -6.901879999999999882e+01 -2.075130000000000052e+02 1.886370000000000005e+02 5.680489999999999817e+00 -7.869350000000000364e+03 9.139589999999999748e+01 1.207210000000000036e+03 -1.242489999999999964e+04 -5.167260000000000218e+03 -1.137089999999999964e+04 -1.441589999999999918e+03 6.253029999999999745e+03 -2.280269999999999982e+03 -1.123839999999999918e+03 -8.210869999999999891e+02 1.295680000000000064e+03 1.258240000000000009e+03 -6.611050000000000182e+02 8.894710000000000605e+01 -3.481909999999999741e+02 -3.916989999999999839e+01 -1.284150000000000091e+03 -9.250289999999999964e+02 8.903780000000000427e+02 -3.268240000000000123e+02 7.134659999999999513e+01 3.027929999999999922e+01 -1.245379999999999967e+02 -2.448899999999999864e+02 -2.054890000000000043e+02 -2.409039999999999964e+02 2.292079999999999984e+02 -1.600029999999999859e+02 -5.759009999999999962e+01
-6.501819999999999709e+03 1.618410000000000036e+04 1.940019999999999982e+03 -8.707099999999999795e+01 4.948520000000000437e+03 4.345949999999999818e+03 1.214670000000000073e+03 9.469009999999999536e+02 6.638760000000000616e+01 1.867960000000000036e+03 2.110210000000000036e+03 1.690460000000000036e+03 4.033030000000000200e+03 1.049610000000000036e+04 2.591469999999999800e+03 7.778220000000000027e+02 9.852839999999999918e+02 8.025879999999999654e+02 6.431079999999999472e+02 4.427040000000000077e+02 4.339130000000000109e+02 3.772939999999999827e+02 5.342870000000000346e+02 3.423210000000000264e+02 3.247379999999999995e+02 1.448830000000000098e+02 9.165959999999999752e+01 -4.025690000000000168e+01 1.307319999999999993e+02 2.167930000000000064e+02 2.316150000000000000e+04 1.626000000000000000e+04 1.376049999999999955e+03 -1.031860000000000036e+04 3.189780000000000200e+03 3.493539999999999964e+03 -8.858500000000000227e+02 -1.192450000000000045e+03 -1.245619999999999891e+03 7.090399999999999636e+02 3.498840000000000146e+02 4.566250000000000000e+02 9.727279999999999518e+02 6.789300000000000182e+03 1.474450000000000045e+03 -7.144850000000000136e+02 -3.212029999999999745e+02 -2.849089999999999918e+02 5.846029999999999518e+02 2.217059999999999889e+02 9.047820000000000391e+02 5.260710000000000264e+02 -9.873470000000000368e+01 1.457659999999999911e+02 1.546839999999999975e+02 -1.924929999999999950e+02 -1.703180000000000121e+02 -1.043689999999999998e+02 -3.550419999999999732e+02 -4.538539999999999850e+02 -2.884370000000000073e+04 -1.687570000000000073e+04 5.581050000000000182e+03 -5.154409999999999854e+03 2.774269999999999982e+03 -7.568529999999999745e+03 -2.840760000000000218e+03 9.538299999999999557e-01 -3.382150000000000091e+03 -9.465349999999999682e+02 -5.583010000000000446e+02 5.078369999999999891e+02 -9.598309999999999675e+00 1.221089999999999918e+03 1.258569999999999922e+01 -1.323640000000000100e+03 -1.096809999999999945e+03 5.431000000000000227e+02 -5.186569999999999681e+01 4.383210000000000264e+02 1.108430000000000064e+03 5.256720000000000255e+02 8.995579999999999927e+02 6.983339999999999748e+01 -8.616450000000000387e+01 -1.198719999999999999e+02 -2.969219999999999970e+01 -1.655840000000000032e+02 -8.647719999999999629e+01 -1.578660000000000139e+02
-3.746429999999999836e+03 2.173379999999999927e+04 4.298050000000000182e+03 2.955409999999999854e+03 4.307090000000000146e+03 2.336920000000000073e+03 3.362559999999999945e+03 2.191329999999999927e+03 4.983679999999999950e+02 1.679960000000000036e+03 8.260090000000000146e+02 5.352659999999999627e+02 1.396140000000000100e+03 2.591469999999999800e+03 8.642840000000000146e+03 2.744000000000000000e+03 1.009490000000000009e+03 6.641570000000000391e+02 5.639710000000000036e+02 4.797029999999999745e+02 6.287430000000000518e+02 4.574300000000000068e+02 4.833460000000000036e+02 2.726770000000000209e+02 3.104649999999999750e+02 1.156320000000000050e+02 1.617210000000000036e+02 1.149260000000000019e+02 2.947099999999999795e+02 3.371949999999999932e+02 7.502750000000000000e+03 3.453180000000000291e+04 4.407000000000000000e+03 -4.236659999999999854e+03 3.552590000000000146e+03 1.061309999999999945e+03 3.318659999999999854e+03 1.340210000000000036e+03 -6.736159999999999854e+02 1.658990000000000009e+03 4.861309999999999718e+02 9.401820000000000164e+02 1.028329999999999927e+03 2.079840000000000146e+03 6.200479999999999563e+03 7.357400000000000091e+02 -1.188640000000000043e+02 2.793269999999999982e+02 -1.393360000000000127e+02 2.171299999999999955e+02 6.868669999999999618e+02 3.956750000000000114e+02 -6.464390000000000214e+01 -1.146560000000000059e+02 1.623400000000000176e+01 -9.963720000000000709e+01 -1.056389999999999958e+02 1.248179999999999978e+02 1.539499999999999957e+01 7.705729999999999791e+01 1.770180000000000007e+02 1.035289999999999964e+04 2.567849999999999909e+03 5.624289999999999964e+03 6.189590000000000146e+03 -3.229380000000000109e+03 2.629190000000000055e+03 -2.981719999999999800e+03 -6.805040000000000191e+02 -3.329659999999999854e+03 -2.397039999999999964e+03 -4.824300000000000068e+02 1.991479999999999961e+02 -2.086169999999999902e+02 1.333000000000000000e+03 -9.588690000000000282e+02 -1.792049999999999955e+03 -5.485059999999999718e+02 -8.055739999999999554e+02 7.358880000000000337e+02 8.779959999999999809e+02 5.220230000000000246e+02 4.132250000000000227e+02 4.198329999999999984e+01 -2.335219999999999914e+02 -2.447640000000000100e+02 5.727279999999999518e+02 3.057830000000000155e+02 5.216799999999999500e+02 6.787839999999999918e+02
2.795329999999999927e+03 8.459639999999999418e+03 2.280449999999999818e+03 3.191050000000000182e+03 5.893939999999999600e+03 3.275510000000000218e+03 1.850259999999999991e+03 9.060969999999999800e+02 -2.376409999999999911e+02 1.091529999999999973e+03 8.938310000000000173e+02 5.338529999999999518e+02 8.040720000000000027e+02 7.778220000000000027e+02 2.744000000000000000e+03 7.314489999999999782e+03 2.481199999999999818e+03 9.847409999999999854e+02 4.878700000000000045e+02 5.374189999999999827e+02 3.311109999999999900e+02 5.123819999999999482e+02 4.155190000000000055e+02 2.071310000000000002e+02 2.651190000000000282e+02 2.430029999999999859e+02 3.149839999999999804e+02 3.866100000000000136e+02 2.632479999999999905e+02 3.351560000000000059e+02 3.669830000000000291e+04 2.386559999999999854e+04 9.788930000000000291e+03 2.063219999999999800e+03 9.461190000000000509e+03 8.711020000000000437e+03 5.317380000000000109e+03 4.520270000000000437e+03 6.401660000000000537e+02 1.549880000000000109e+03 9.941340000000000146e+02 -4.599540000000000077e+02 -4.392320000000000277e+02 9.040249999999999773e+02 2.386659999999999854e+03 4.231189999999999600e+03 1.059569999999999936e+03 -3.657470000000000141e+02 -9.303430000000000177e+01 2.468909999999999911e+02 6.488429999999999609e+01 -1.236700000000000017e+02 -5.454329999999999927e+02 -1.197439999999999927e+01 3.240570000000000164e+02 9.742109999999999559e+01 5.486779999999999973e+02 1.074309999999999974e+02 -2.115879999999999939e+01 2.487740000000000009e+02 -1.801059999999999945e+03 2.159820000000000164e+03 7.918560000000000400e+03 -1.215570000000000073e+04 3.837110000000000127e+03 2.658820000000000164e+03 5.327609999999999673e+02 8.130149999999999864e+02 1.631000000000000000e+03 -8.931230000000000473e+02 1.186630000000000109e+03 -5.277960000000000491e+02 5.501440000000000197e+01 7.321720000000000255e+02 4.394830000000000041e+02 1.500839999999999918e+03 2.848009999999999877e+02 3.346620000000000061e+01 2.321080000000000041e+02 -2.293909999999999911e+02 3.751499999999999773e+02 -7.431340000000000146e+02 -1.697640000000000171e+01 3.279599999999999795e+02 7.864729999999999563e+02 9.208069999999999311e+01 -2.719560000000000173e+02 -9.900690000000000879e+00 5.260960000000000036e+02 6.452460000000000662e+01
4.453680000000000291e+03 4.464539999999999964e+03 4.799460000000000036e+03 3.416019999999999982e+03 2.911010000000000218e+03 2.791940000000000055e+03 1.110640000000000100e+03 2.583799999999999955e+02 2.280750000000000099e+01 1.061289999999999964e+03 1.759470000000000027e+02 7.173819999999999482e+02 1.275369999999999891e+03 9.852839999999999918e+02 1.009490000000000009e+03 2.481199999999999818e+03 6.363039999999999964e+03 2.280619999999999891e+03 7.457459999999999809e+02 4.758530000000000086e+02 2.770819999999999936e+02 5.225549999999999500e+02 4.859449999999999932e+02 3.304069999999999823e+02 3.398879999999999768e+02 2.893949999999999818e+02 2.343880000000000052e+02 1.621030000000000086e+02 1.150430000000000064e+02 2.108249999999999886e+02 2.376320000000000073e+04 2.893440000000000146e+04 5.003729999999999563e+03 -2.362679999999999936e+01 6.518069999999999709e+03 6.655449999999999818e+03 1.627450000000000045e+03 1.738259999999999991e+03 1.192380000000000109e+03 1.116799999999999955e+03 1.033490000000000009e+03 5.725700000000000500e+02 8.411059999999999945e+02 2.025070000000000050e+02 6.303730000000000473e+02 9.585009999999999764e+02 3.386730000000000018e+03 4.012939999999999827e+02 -5.218439999999999657e+01 4.476030000000000086e+02 6.661559999999999491e+02 5.001490000000000009e+02 -4.186290000000000333e+01 1.891459999999999866e+02 1.347810000000000059e+02 2.457400000000000091e+02 3.547640000000000100e+02 2.733729999999999905e+01 5.146949999999999648e+01 2.448100000000000023e+02 1.077439999999999964e+04 2.879020000000000073e+04 -7.852279999999999745e+03 -1.117320000000000073e+04 1.752700000000000045e+03 -2.696690000000000055e+03 -1.270220000000000027e+03 1.927289999999999964e+03 3.770269999999999868e+02 -2.012130000000000109e+03 1.255589999999999918e+03 -6.770589999999999691e+02 1.080869999999999891e+03 7.264370000000000118e+02 -4.827629999999999768e+02 6.887599999999999909e+02 2.559670000000000130e+02 3.345380000000000109e+02 1.014830000000000041e+02 3.182230000000000132e+02 2.019509999999999934e+02 -6.019560000000000173e+02 4.529719999999999800e+02 1.789300000000000068e+02 -7.373930000000000007e+01 8.432729999999999393e+01 2.581549999999999727e+02 6.199260000000000446e+02 1.547779999999999916e+02 2.706659999999999968e+02
