1.930750000000000000e+08 3.991340000000000000e+07 4.159430000000000000e+06 2.356260000000000000e+05 -5.958010000000000000e+05 -5.500050000000000000e+05 -3.301330000000000000e+05 5.114710000000000000e+05 -2.884860000000000000e+05 -1.583220000000000073e+04 -1.577810000000000000e+05 1.318230000000000000e+05 1.975000000000000000e+05 -1.358890000000000000e+05 -1.076920000000000000e+05 -1.695420000000000073e+04 -7.985130000000000291e+04 -7.280830000000000291e+04 -1.178820000000000073e+04 -8.682389999999999418e+04 -6.885910000000000582e+04 2.551620000000000073e+04 4.464580000000000291e+04 6.230119999999999709e+04 -8.218370000000000800e+03 1.950729999999999927e+04 -2.203159999999999854e+04 -4.467199999999999818e+03 -1.105829999999999927e+04 -6.311150000000000000e+04 1.582230000000000000e+08 8.220130000000000000e+07 1.353640000000000000e+07 2.060810000000000000e+06 -5.809359999999999854e+04 1.135490000000000000e+06 2.107560000000000000e+05 1.820490000000000000e+06 -4.479480000000000000e+05 -5.152220000000000000e+05 -5.883450000000000000e+04 1.330860000000000000e+05 8.871600000000000000e+04 -9.754550000000000000e+04 -1.051470000000000000e+05 9.293380000000000291e+04 2.848559999999999854e+04 -4.760350000000000000e+04 -4.145530000000000291e+04 3.095090000000000146e+04 -1.128200000000000000e+04 3.934590000000000146e+04 -5.238109999999999854e+04 1.050210000000000000e+05 -4.172740000000000146e+04 6.269869999999999709e+04 -1.023570000000000000e+05 -9.956920000000000073e+03 1.673929999999999927e+04 -7.185419999999999709e+04 0.000000000000000000e+00 0.000000000000000000e+00 0.000000000000000000e+00 0.000000000000000000e+00 0.000000000000000000e+00 0.000000000000000000e+00 0.000000000000000000e+00 0.000000000000000000e+00 0.000000000000000000e+00 0.000000000000000000e+00 0.000000000000000000e+00 0.000000000000000000e+00 0.000000000000000000e+00 0.000000000000000000e+00 0.000000000000000000e+00 0.000000000000000000e+00 0.000000000000000000e+00 0.000000000000000000e+00 0.000000000000000000e+00 0.000000000000000000e+00 0.000000000000000000e+00 0.000000000000000000e+00 0.000000000000000000e+00 0.000000000000000000e+00 0.000000000000000000e+00 0.000000000000000000e+00 0.000000000000000000e+00 0.000000000000000000e+00 0.000000000000000000e+00 0.000000000000000000e+00
3.991340000000000000e+07 4.714320000000000000e+07 9.803520000000000000e+06 9.900000000000000000e+05 5.893790000000000000e+05 2.652470000000000000e+05 2.119129999999999927e+04 1.499060000000000000e+05 9.986030000000000291e+04 1.519920000000000000e+05 1.118130000000000000e+05 2.237850000000000000e+05 1.044130000000000000e+05 1.030430000000000000e+05 5.857419999999999709e+04 1.061530000000000000e+05 4.342419999999999709e+04 1.765279999999999927e+04 3.878180000000000291e+04 3.348730000000000291e+04 8.039090000000000146e+03 4.615730000000000291e+04 7.113119999999999709e+04 4.248630000000000291e+04 2.344609999999999854e+04 4.261559999999999854e+04 3.803100000000000000e+04 -1.237950000000000045e+03 2.468320000000000073e+04 5.021210000000000036e+03 2.414910000000000000e+07 5.838730000000000000e+07 2.011190000000000000e+07 2.801000000000000000e+06 8.469060000000000000e+05 6.963430000000000000e+05 1.690660000000000000e+05 2.362030000000000000e+05 1.086070000000000000e+05 2.863730000000000000e+05 2.673240000000000000e+05 2.344680000000000000e+05 9.678339999999999418e+04 2.108380000000000000e+05 1.932530000000000000e+05 2.191160000000000000e+05 1.092720000000000000e+05 6.780939999999999418e+04 2.246259999999999854e+04 7.377500000000000000e+04 9.406650000000000000e+04 8.658169999999999709e+04 1.400019999999999982e+03 1.759770000000000073e+04 3.022950000000000000e+04 5.206900000000000000e+04 3.122770000000000073e+04 -3.067550000000000000e+04 6.182830000000000291e+04 6.128119999999999891e+03 0.000000000000000000e+00 0.000000000000000000e+00 0.000000000000000000e+00 0.000000000000000000e+00 0.000000000000000000e+00 0.000000000000000000e+00 0.000000000000000000e+00 0.000000000000000000e+00 0.000000000000000000e+00 0.000000000000000000e+00 0.000000000000000000e+00 0.000000000000000000e+00 0.000000000000000000e+00 0.000000000000000000e+00 0.000000000000000000e+00 0.000000000000000000e+00 0.000000000000000000e+00 0.000000000000000000e+00 0.000000000000000000e+00 0.000000000000000000e+00 0.000000000000000000e+00 0.000000000000000000e+00 0.000000000000000000e+00 0.000000000000000000e+00 0.000000000000000000e+00 0.000000000000000000e+00 0.000000000000000000e+00 0.000000000000000000e+00 0.000000000000000000e+00 0.000000000000000000e+00
4.159430000000000000e+06 9.803520000000000000e+06 1.486440000000000000e+07 3.448730000000000000e+06 7.319100000000000000e+05 1.173790000000000000e+05 7.090469999999999709e+04 1.665370000000000000e+05 6.149730000000000291e+04 2.725979999999999927e+04 5.205959999999999854e+04 6.869980000000000291e+04 3.127920000000000073e+04 3.094170000000000073e+04 5.495940000000000146e+04 3.069479999999999927e+04 3.234429999999999927e+04 2.529150000000000000e+04 3.617080000000000291e+04 4.086269999999999709e+04 6.314159999999999854e+03 1.337389999999999964e+04 5.094180000000000291e+04 2.737720000000000073e+04 8.192510000000000218e+03 1.782840000000000146e+04 1.427760000000000036e+04 -2.046100000000000136e+02 1.770150000000000000e+04 4.231109999999999673e+03 1.413520000000000000e+06 9.666970000000000000e+06 1.996350000000000000e+07 5.961900000000000000e+06 1.013940000000000000e+06 7.378069999999999709e+04 3.041470000000000000e+05 5.360520000000000000e+05 1.800330000000000000e+05 1.845940000000000000e+05 1.457460000000000000e+05 1.431520000000000000e+05 1.040280000000000000e+05 8.026689999999999418e+04 8.282980000000000291e+04 1.246450000000000000e+05 5.734609999999999854e+04 1.029230000000000000e+05 5.731980000000000291e+04 6.865210000000000582e+04 3.851359999999999854e+04 4.448880000000000291e+04 5.353840000000000146e+04 3.446280000000000291e+04 7.080289999999999964e+03 3.266640000000000146e+04 1.944090000000000146e+04 -1.376380000000000109e+03 6.724180000000000291e+03 -7.581119999999999891e+03 0.000000000000000000e+00 0.000000000000000000e+00 0.000000000000000000e+00 0.000000000000000000e+00 0.000000000000000000e+00 0.000000000000000000e+00 0.000000000000000000e+00 0.000000000000000000e+00 0.000000000000000000e+00 0.000000000000000000e+00 0.000000000000000000e+00 0.000000000000000000e+00 0.000000000000000000e+00 0.000000000000000000e+00 0.000000000000000000e+00 0.000000000000000000e+00 0.000000000000000000e+00 0.000000000000000000e+00 0.000000000000000000e+00 0.000000000000000000e+00 0.000000000000000000e+00 0.000000000000000000e+00 0.000000000000000000e+00 0.000000000000000000e+00 0.000000000000000000e+00 0.000000000000000000e+00 0.000000000000000000e+00 0.000000000000000000e+00 0.000000000000000000e+00 0.000000000000000000e+00
2.356260000000000000e+05 9.900000000000000000e+05 3.448730000000000000e+06 5.639410000000000000e+06 1.229620000000000000e+06 1.318870000000000000e+05 9.467219999999999345e+03 4.852640000000000146e+04 7.797260000000000582e+04 5.411190000000000146e+04 4.486630000000000291e+04 2.947859999999999854e+04 4.516769999999999709e+04 2.706640000000000146e+04 4.628859999999999854e+04 4.254750000000000000e+04 2.459640000000000146e+04 1.475539999999999964e+04 9.388500000000000000e+03 1.641459999999999854e+04 1.705009999999999854e+04 1.219260000000000036e+04 2.431820000000000073e+04 2.310629999999999927e+04 7.836159999999999854e+03 1.232450000000000000e+04 6.753890000000000327e+03 1.042139999999999964e+04 1.633139999999999964e+04 1.320729999999999927e+04 -2.971340000000000000e+05 -1.182510000000000000e+05 4.178330000000000000e+06 7.665510000000000000e+06 2.201400000000000000e+06 2.195140000000000000e+05 1.229620000000000000e+05 1.403310000000000000e+05 1.021160000000000000e+05 9.598330000000000291e+04 1.855530000000000000e+05 1.000160000000000000e+05 9.327030000000000291e+04 3.455009999999999854e+04 4.816859999999999854e+04 7.267339999999999418e+04 5.518559999999999854e+04 2.886690000000000146e+04 -1.069870000000000073e+04 3.184900000000000000e+04 3.181970000000000073e+04 2.159790000000000146e+04 2.860559999999999854e+04 2.578940000000000146e+04 7.562130000000000109e+03 3.126979999999999927e+04 1.780059999999999854e+04 3.168820000000000073e+04 1.660700000000000000e+04 2.256179999999999927e+04 0.000000000000000000e+00 0.000000000000000000e+00 0.000000000000000000e+00 0.000000000000000000e+00 0.000000000000000000e+00 0.000000000000000000e+00 0.000000000000000000e+00 0.000000000000000000e+00 0.000000000000000000e+00 0.000000000000000000e+00 0.000000000000000000e+00 0.000000000000000000e+00 0.000000000000000000e+00 0.000000000000000000e+00 0.000000000000000000e+00 0.000000000000000000e+00 0.000000000000000000e+00 0.000000000000000000e+00 0.000000000000000000e+00 0.000000000000000000e+00 0.000000000000000000e+00 0.000000000000000000e+00 0.000000000000000000e+00 0.000000000000000000e+00 0.000000000000000000e+00 0.000000000000000000e+00 0.000000000000000000e+00 0.000000000000000000e+00 0.000000000000000000e+00 0.000000000000000000e+00
-5.958010000000000000e+05 5.893790000000000000e+05 7.319100000000000000e+05 1.229620000000000000e+06 2.199880000000000000e+06 5.220160000000000000e+05 1.165350000000000000e+05 8.466960000000000582e+04 1.089900000000000000e+05 7.222500000000000000e+04 6.060240000000000146e+04 4.151040000000000146e+04 4.889059999999999854e+04 4.453609999999999854e+04 5.092390000000000146e+04 3.921450000000000000e+04 3.543169999999999709e+04 3.206120000000000073e+04 1.659329999999999927e+04 2.219970000000000073e+04 2.007020000000000073e+04 1.601510000000000036e+04 1.751900000000000000e+04 1.775920000000000073e+04 1.232039999999999964e+04 1.388020000000000073e+04 7.984010000000000218e+03 7.985310000000000400e+03 9.706829999999999927e+03 1.019079999999999927e+04 7.651250000000000000e+04 3.881230000000000000e+05 1.209600000000000000e+06 1.783310000000000000e+06 2.906210000000000000e+06 8.622690000000000000e+05 2.200290000000000000e+05 2.128700000000000000e+05 1.893360000000000000e+05 1.533510000000000000e+05 1.245530000000000000e+05 1.073820000000000000e+05 6.725539999999999418e+04 7.039019999999999709e+04 5.057409999999999854e+04 4.416109999999999854e+04 6.473350000000000000e+04 4.871209999999999854e+04 2.419740000000000146e+04 4.925069999999999709e+04 3.144150000000000000e+04 2.112350000000000000e+04 2.982470000000000073e+04 2.032559999999999854e+04 1.749740000000000146e+04 2.082529999999999927e+04 9.768129999999999200e+03 6.971289999999999964e+03 7.692689999999999600e+03 1.236400000000000000e+04 0.000000000000000000e+00 0.000000000000000000e+00 0.000000000000000000e+00 0.000000000000000000e+00 0.000000000000000000e+00 0.000000000000000000e+00 0.000000000000000000e+00 0.000000000000000000e+00 0.000000000000000000e+00 0.000000000000000000e+00 0.000000000000000000e+00 0.000000000000000000e+00 0.000000000000000000e+00 0.000000000000000000e+00 0.000000000000000000e+00 0.000000000000000000e+00 0.000000000000000000e+00 0.000000000000000000e+00 0.000000000000000000e+00 0.000000000000000000e+00 0.000000000000000000e+00 0.000000000000000000e+00 0.000000000000000000e+00 0.000000000000000000e+00 0.000000000000000000e+00 0.000000000000000000e+00 0.000000000000000000e+00 0.000000000000000000e+00 0.000000000000000000e+00 0.000000000000000000e+00
-5.500050000000000000e+05 2.652470000000000000e+05 1.173790000000000000e+05 1.318870000000000000e+05 5.220160000000000000e+05 1.149480000000000000e+06 3.564320000000000000e+05 1.107440000000000000e+05 8.942260000000000582e+04 4.802269999999999709e+04 3.523590000000000146e+04 3.557469999999999709e+04 4.121700000000000000e+04 4.793650000000000000e+04 3.989580000000000291e+04 3.107270000000000073e+04 2.601750000000000000e+04 1.874050000000000000e+04 1.351760000000000036e+04 1.458079999999999927e+04 1.254220000000000073e+04 6.420350000000000364e+03 1.141479999999999927e+04 5.717609999999999673e+03 4.378710000000000036e+03 6.401609999999999673e+03 7.001409999999999854e+03 4.418180000000000291e+03 6.382659999999999854e+03 5.991350000000000364e+03 -1.543170000000000000e+05 3.204480000000000000e+05 1.860630000000000000e+05 9.492239999999999418e+04 6.057520000000000000e+05 1.562930000000000000e+06 6.076490000000000000e+05 2.383340000000000000e+05 1.328010000000000000e+05 7.353410000000000582e+04 3.092900000000000000e+04 6.384650000000000000e+04 3.905930000000000291e+04 6.334480000000000291e+04 4.836590000000000146e+04 3.324509999999999854e+04 3.987119999999999709e+04 3.809750000000000000e+04 3.230550000000000000e+04 3.393130000000000291e+04 2.862970000000000073e+04 2.104650000000000000e+04 3.347650000000000000e+04 1.192929999999999927e+04 1.467369999999999891e+03 4.742800000000000182e+03 1.283439999999999964e+04 5.169279999999999973e+02 3.274039999999999964e+03 4.195770000000000437e+03 0.000000000000000000e+00 0.000000000000000000e+00 0.000000000000000000e+00 0.000000000000000000e+00 0.000000000000000000e+00 0.000000000000000000e+00 0.000000000000000000e+00 0.000000000000000000e+00 0.000000000000000000e+00 0.000000000000000000e+00 0.000000000000000000e+00 0.000000000000000000e+00 0.000000000000000000e+00 0.000000000000000000e+00 0.000000000000000000e+00 0.000000000000000000e+00 0.000000000000000000e+00 0.000000000000000000e+00 0.000000000000000000e+00 0.000000000000000000e+00 0.000000000000000000e+00 0.000000000000000000e+00 0.000000000000000000e+00 0.000000000000000000e+00 0.000000000000000000e+00 0.000000000000000000e+00 0.000000000000000000e+00 0.000000000000000000e+00 0.000000000000000000e+00 0.000000000000000000e+00
-3.301330000000000000e+05 2.119129999999999927e+04 7.090469999999999709e+04 9.467219999999999345e+03 1.165350000000000000e+05 3.564320000000000000e+05 7.175010000000000000e+05 1.833020000000000000e+05 7.128169999999999709e+04 3.791690000000000146e+04 2.468209999999999854e+04 1.977659999999999854e+04 3.642350000000000000e+04 2.546670000000000073e+04 2.567259999999999854e+04 2.528420000000000073e+04 1.978229999999999927e+04 2.151559999999999854e+04 1.379670000000000073e+04 9.364719999999999345e+03 1.133220000000000073e+04 9.027750000000000000e+03 9.011520000000000437e+03 7.038659999999999854e+03 5.241289999999999964e+03 5.901239999999999782e+03 4.471170000000000073e+03 3.456110000000000127e+03 6.306729999999999563e+03 4.473470000000000255e+03 -3.203150000000000000e+05 -2.566090000000000000e+05 -1.303540000000000000e+05 -1.547600000000000000e+05 1.386720000000000000e+05 5.395940000000000000e+05 9.491400000000000000e+05 3.493660000000000000e+05 1.066630000000000000e+05 7.827219999999999709e+04 5.167250000000000000e+04 6.213959999999999854e+04 5.719330000000000291e+04 4.889800000000000000e+04 3.962809999999999854e+04 5.101990000000000146e+04 3.956759999999999854e+04 3.433300000000000000e+04 2.034559999999999854e+04 1.373310000000000036e+04 2.515450000000000000e+04 2.219120000000000073e+04 2.204750000000000000e+04 1.797850000000000000e+04 8.412920000000000300e+02 2.282460000000000036e+03 9.743200000000000728e+03 3.621219999999999800e+03 4.581460000000000036e+03 6.635800000000000182e+03 0.000000000000000000e+00 0.000000000000000000e+00 0.000000000000000000e+00 0.000000000000000000e+00 0.000000000000000000e+00 0.000000000000000000e+00 0.000000000000000000e+00 0.000000000000000000e+00 0.000000000000000000e+00 0.000000000000000000e+00 0.000000000000000000e+00 0.000000000000000000e+00 0.000000000000000000e+00 0.000000000000000000e+00 0.000000000000000000e+00 0.000000000000000000e+00 0.000000000000000000e+00 0.000000000000000000e+00 0.000000000000000000e+00 0.000000000000000000e+00 0.000000000000000000e+00 0.000000000000000000e+00 0.000000000000000000e+00 0.000000000000000000e+00 0.000000000000000000e+00 0.000000000000000000e+00 0.000000000000000000e+00 0.000000000000000000e+00 0.000000000000000000e+00 0.000000000000000000e+00
5.114710000000000000e+05 1.499060000000000000e+05 1.665370000000000000e+05 4.852640000000000146e+04 8.466960000000000582e+04 1.107440000000000000e+05 1.833020000000000000e+05 4.227100000000000000e+05 1.253260000000000000e+05 3.966959999999999854e+04 2.155090000000000146e+04 3.185179999999999927e+04 3.372230000000000291e+04 2.510090000000000146e+04 1.400339999999999964e+04 1.232760000000000036e+04 1.370650000000000000e+04 1.704020000000000073e+04 1.211820000000000073e+04 1.332000000000000000e+04 9.384540000000000873e+03 9.800629999999999200e+03 8.706200000000000728e+03 6.369340000000000146e+03 5.253409999999999854e+03 4.811729999999999563e+03 2.642670000000000073e+03 4.635090000000000146e+03 4.623539999999999964e+03 1.849890000000000100e+03 3.091390000000000000e+05 2.418220000000000000e+05 -6.985769999999999709e+04 3.203050000000000000e+04 1.248720000000000073e+04 1.495860000000000000e+05 2.568350000000000000e+05 5.398420000000000000e+05 2.101520000000000000e+05 5.490569999999999709e+04 2.315200000000000000e+04 5.409669999999999709e+04 4.062219999999999709e+04 2.392290000000000146e+04 2.093879999999999927e+04 1.434700000000000000e+04 1.622470000000000073e+04 2.433379999999999927e+04 1.747379999999999927e+04 1.505460000000000036e+04 1.000339999999999964e+04 1.615410000000000036e+04 1.271110000000000036e+04 1.327520000000000073e+04 -1.437900000000000091e+03 1.945759999999999991e+03 1.566269999999999982e+03 6.350500000000000000e+03 3.520789999999999964e+03 6.401270000000000437e+03 0.000000000000000000e+00 0.000000000000000000e+00 0.000000000000000000e+00 0.000000000000000000e+00 0.000000000000000000e+00 0.000000000000000000e+00 0.000000000000000000e+00 0.000000000000000000e+00 0.000000000000000000e+00 0.000000000000000000e+00 0.000000000000000000e+00 0.000000000000000000e+00 0.000000000000000000e+00 0.000000000000000000e+00 0.000000000000000000e+00 0.000000000000000000e+00 0.000000000000000000e+00 0.000000000000000000e+00 0.000000000000000000e+00 0.000000000000000000e+00 0.000000000000000000e+00 0.000000000000000000e+00 0.000000000000000000e+00 0.000000000000000000e+00 0.000000000000000000e+00 0.000000000000000000e+00 0.000000000000000000e+00 0.000000000000000000e+00 0.000000000000000000e+00 0.000000000000000000e+00
-2.884860000000000000e+05 9.986030000000000291e+04 6.149730000000000291e+04 7.797260000000000582e+04 1.089900000000000000e+05 8.942260000000000582e+04 7.128169999999999709e+04 1.253260000000000000e+05 2.709080000000000000e+05 8.229560000000000582e+04 2.402090000000000146e+04 2.578770000000000073e+04 2.853790000000000146e+04 2.284300000000000000e+04 1.780790000000000146e+04 1.354910000000000036e+04 1.161539999999999964e+04 1.336779999999999927e+04 7.366310000000000400e+03 1.128479999999999927e+04 9.478200000000000728e+03 8.576909999999999854e+03 8.382979999999999563e+03 8.269690000000000509e+03 6.654460000000000036e+03 6.529979999999999563e+03 5.051319999999999709e+03 4.175329999999999927e+03 5.207149999999999636e+03 3.628820000000000164e+03 -8.580050000000000000e+05 5.338550000000000000e+04 6.199850000000000000e+04 1.806280000000000000e+05 8.265760000000000582e+04 5.811990000000000146e+04 8.178600000000000000e+04 1.730630000000000000e+05 3.687320000000000000e+05 1.145480000000000000e+05 3.321419999999999709e+04 3.844500000000000000e+04 3.320430000000000291e+04 1.771529999999999927e+04 1.373250000000000000e+04 5.800199999999999818e+03 1.144679999999999927e+04 2.022159999999999854e+04 6.319329999999999927e+03 1.241729999999999927e+04 1.374620000000000073e+04 1.267960000000000036e+04 7.144649999999999636e+03 8.257770000000000437e+03 5.064079999999999927e+03 4.518479999999999563e+03 6.610170000000000073e+03 3.755309999999999945e+03 2.690510000000000218e+03 2.451349999999999909e+03 0.000000000000000000e+00 0.000000000000000000e+00 0.000000000000000000e+00 0.000000000000000000e+00 0.000000000000000000e+00 0.000000000000000000e+00 0.000000000000000000e+00 0.000000000000000000e+00 0.000000000000000000e+00 0.000000000000000000e+00 0.000000000000000000e+00 0.000000000000000000e+00 0.000000000000000000e+00 0.000000000000000000e+00 0.000000000000000000e+00 0.000000000000000000e+00 0.000000000000000000e+00 0.000000000000000000e+00 0.000000000000000000e+00 0.000000000000000000e+00 0.000000000000000000e+00 0.000000000000000000e+00 0.000000000000000000e+00 0.000000000000000000e+00 0.000000000000000000e+00 0.000000000000000000e+00 0.000000000000000000e+00 0.000000000000000000e+00 0.000000000000000000e+00 0.000000000000000000e+00
-1.583220000000000073e+04 1.519920000000000000e+05 2.725979999999999927e+04 5.411190000000000146e+04 7.222500000000000000e+04 4.802269999999999709e+04 3.791690000000000146e+04 3.966959999999999854e+04 8.229560000000000582e+04 1.573550000000000000e+05 4.645359999999999854e+04 2.056390000000000146e+04 1.844540000000000146e+04 1.597060000000000036e+04 1.477160000000000036e+04 1.011839999999999964e+04 1.198989999999999964e+04 8.893739999999999782e+03 7.664689999999999600e+03 9.542819999999999709e+03 6.116890000000000327e+03 6.363920000000000073e+03 7.412869999999999891e+03 6.417979999999999563e+03 3.840559999999999945e+03 5.394869999999999891e+03 4.008420000000000073e+03 3.540019999999999982e+03 4.510100000000000364e+03 2.692239999999999782e+03 -5.742070000000000000e+05 7.090930000000000291e+04 1.472900000000000000e+05 1.637580000000000000e+05 3.234490000000000146e+04 3.669650000000000000e+04 7.337319999999999709e+04 7.245319999999999709e+04 1.126080000000000000e+05 1.985150000000000000e+05 6.732050000000000000e+04 2.207870000000000073e+04 1.251510000000000036e+04 1.451179999999999927e+04 1.518700000000000000e+04 1.179750000000000000e+04 9.922870000000000800e+03 1.384100000000000000e+04 3.983400000000000091e+03 6.135390000000000327e+03 6.079989999999999782e+03 6.535250000000000000e+03 1.928099999999999909e+03 6.318260000000000218e+03 5.737319999999999709e+03 4.504500000000000000e+03 9.073610000000000582e+03 4.974460000000000036e+03 4.525569999999999709e+03 4.079909999999999854e+03 0.000000000000000000e+00 0.000000000000000000e+00 0.000000000000000000e+00 0.000000000000000000e+00 0.000000000000000000e+00 0.000000000000000000e+00 0.000000000000000000e+00 0.000000000000000000e+00 0.000000000000000000e+00 0.000000000000000000e+00 0.000000000000000000e+00 0.000000000000000000e+00 0.000000000000000000e+00 0.000000000000000000e+00 0.000000000000000000e+00 0.000000000000000000e+00 0.000000000000000000e+00 0.000000000000000000e+00 0.000000000000000000e+00 0.000000000000000000e+00 0.000000000000000000e+00 0.000000000000000000e+00 0.000000000000000000e+00 0.000000000000000000e+00 0.000000000000000000e+00 0.000000000000000000e+00 0.000000000000000000e+00 0.000000000000000000e+00 0.000000000000000000e+00 0.000000000000000000e+00
-1.577810000000000000e+05 1.118130000000000000e+05 5.205959999999999854e+04 4.486630000000000291e+04 6.060240000000000146e+04 3.523590000000000146e+04 2.468209999999999854e+04 2.155090000000000146e+04 2.402090000000000146e+04 4.645359999999999854e+04 1.067560000000000000e+05 3.448919999999999709e+04 1.453450000000000000e+04 1.186010000000000036e+04 1.363379999999999927e+04 1.036589999999999964e+04 9.419840000000000146e+03 5.837869999999999891e+03 5.936119999999999891e+03 6.072329999999999927e+03 4.578409999999999854e+03 6.027220000000000255e+03 6.242020000000000437e+03 4.867689999999999600e+03 3.208679999999999836e+03 2.914210000000000036e+03 2.718050000000000182e+03 3.261730000000000018e+03 3.008579999999999927e+03 2.283050000000000182e+03 -4.716880000000000000e+05 -6.226369999999999709e+04 1.672390000000000000e+05 8.002130000000000291e+04 4.854590000000000146e+04 2.811290000000000146e+04 3.639700000000000000e+04 1.972470000000000073e+04 1.730570000000000073e+04 6.677400000000000000e+04 1.333990000000000000e+05 4.511200000000000000e+04 2.105609999999999854e+04 1.674909999999999854e+04 9.858440000000000509e+03 1.409879999999999927e+04 1.333210000000000036e+04 1.024020000000000073e+04 4.973000000000000000e+03 7.516479999999999563e+03 4.549500000000000000e+03 5.854640000000000327e+03 7.086630000000000109e+03 6.261899999999999636e+03 5.815859999999999673e+03 5.946239999999999782e+03 3.772880000000000109e+03 2.723489999999999782e+03 4.498609999999999673e+03 1.138670000000000073e+03 0.000000000000000000e+00 0.000000000000000000e+00 0.000000000000000000e+00 0.000000000000000000e+00 0.000000000000000000e+00 0.000000000000000000e+00 0.000000000000000000e+00 0.000000000000000000e+00 0.000000000000000000e+00 0.000000000000000000e+00 0.000000000000000000e+00 0.000000000000000000e+00 0.000000000000000000e+00 0.000000000000000000e+00 0.000000000000000000e+00 0.000000000000000000e+00 0.000000000000000000e+00 0.000000000000000000e+00 0.000000000000000000e+00 0.000000000000000000e+00 0.000000000000000000e+00 0.000000000000000000e+00 0.000000000000000000e+00 0.000000000000000000e+00 0.000000000000000000e+00 0.000000000000000000e+00 0.000000000000000000e+00 0.000000000000000000e+00 0.000000000000000000e+00 0.000000000000000000e+00
1.318230000000000000e+05 2.237850000000000000e+05 6.869980000000000291e+04 2.947859999999999854e+04 4.151040000000000146e+04 3.557469999999999709e+04 1.977659999999999854e+04 3.185179999999999927e+04 2.578770000000000073e+04 2.056390000000000146e+04 3.448919999999999709e+04 7.185130000000000291e+04 2.771179999999999927e+04 1.315700000000000000e+04 1.014070000000000073e+04 7.121409999999999854e+03 8.419790000000000873e+03 5.858609999999999673e+03 4.949649999999999636e+03 5.597750000000000000e+03 4.104779999999999745e+03 5.199039999999999964e+03 5.130930000000000291e+03 4.025619999999999891e+03 2.160849999999999909e+03 2.285079999999999927e+03 2.810769999999999982e+03 2.472590000000000146e+03 2.153170000000000073e+03 1.708599999999999909e+03 1.819130000000000000e+05 2.948900000000000000e+05 7.174810000000000582e+04 2.142240000000000146e+04 -1.057810000000000036e+04 1.982720000000000073e+04 5.321150000000000000e+04 7.150639999999999418e+04 2.740050000000000000e+04 2.924490000000000146e+04 4.865150000000000000e+04 8.986189999999999418e+04 3.423580000000000291e+04 1.408760000000000036e+04 1.228889999999999964e+04 5.324140000000000327e+03 6.744069999999999709e+03 9.994379999999999200e+03 1.003339999999999964e+04 9.396649999999999636e+03 5.693350000000000364e+03 6.066510000000000218e+03 6.559739999999999782e+03 5.149159999999999854e+03 3.518820000000000164e+03 1.372210000000000036e+03 3.346460000000000036e+03 2.075000000000000000e+03 2.317730000000000018e+03 1.232150000000000091e+03 0.000000000000000000e+00 0.000000000000000000e+00 0.000000000000000000e+00 0.000000000000000000e+00 0.000000000000000000e+00 0.000000000000000000e+00 0.000000000000000000e+00 0.000000000000000000e+00 0.000000000000000000e+00 0.000000000000000000e+00 0.000000000000000000e+00 0.000000000000000000e+00 0.000000000000000000e+00 0.000000000000000000e+00 0.000000000000000000e+00 0.000000000000000000e+00 0.000000000000000000e+00 0.000000000000000000e+00 0.000000000000000000e+00 0.000000000000000000e+00 0.000000000000000000e+00 0.000000000000000000e+00 0.000000000000000000e+00 0.000000000000000000e+00 0.000000000000000000e+00 0.000000000000000000e+00 0.000000000000000000e+00 0.000000000000000000e+00 0.000000000000000000e+00 0.000000000000000000e+00
1.975000000000000000e+05 1.044130000000000000e+05 3.127920000000000073e+04 4.516769999999999709e+04 4.889059999999999854e+04 4.121700000000000000e+04 3.642350000000000000e+04 3.372230000000000291e+04 2.853790000000000146e+04 1.844540000000000146e+04 1.453450000000000000e+04 2.771179999999999927e+04 6.123800000000000000e+04 2.279959999999999854e+04 1.187789999999999964e+04 9.123159999999999854e+03 6.555289999999999964e+03 5.414109999999999673e+03 6.296399999999999636e+03 5.440420000000000073e+03 4.115430000000000291e+03 4.136239999999999782e+03 4.708470000000000255e+03 4.124399999999999636e+03 2.479699999999999818e+03 3.231619999999999891e+03 2.384670000000000073e+03 2.776119999999999891e+03 2.730289999999999964e+03 2.003970000000000027e+03 9.478989999999999418e+04 9.969350000000000000e+04 7.979819999999999709e+04 5.817069999999999709e+04 1.271920000000000073e+04 5.245990000000000146e+04 7.190080000000000291e+04 4.920350000000000000e+04 2.898300000000000000e+04 3.187470000000000073e+04 1.961879999999999927e+04 3.903119999999999709e+04 7.048789999999999418e+04 2.766159999999999854e+04 1.505989999999999964e+04 1.059450000000000000e+04 7.728720000000000255e+03 7.905060000000000400e+03 1.021160000000000036e+04 8.074170000000000073e+03 4.790399999999999636e+03 6.547310000000000400e+03 6.784630000000000109e+03 5.184409999999999854e+03 3.531090000000000146e+03 2.924070000000000164e+03 3.264570000000000164e+03 3.576440000000000055e+03 3.678860000000000127e+03 3.240159999999999854e+03 0.000000000000000000e+00 0.000000000000000000e+00 0.000000000000000000e+00 0.000000000000000000e+00 0.000000000000000000e+00 0.000000000000000000e+00 0.000000000000000000e+00 0.000000000000000000e+00 0.000000000000000000e+00 0.000000000000000000e+00 0.000000000000000000e+00 0.000000000000000000e+00 0.000000000000000000e+00 0.000000000000000000e+00 0.000000000000000000e+00 0.000000000000000000e+00 0.000000000000000000e+00 0.000000000000000000e+00 0.000000000000000000e+00 0.000000000000000000e+00 0.000000000000000000e+00 0.000000000000000000e+00 0.000000000000000000e+00 0.000000000000000000e+00 0.000000000000000000e+00 0.000000000000000000e+00 0.000000000000000000e+00 0.000000000000000000e+00 0.000000000000000000e+00 0.000000000000000000e+00
-1.358890000000000000e+05 1.030430000000000000e+05 3.094170000000000073e+04 2.706640000000000146e+04 4.453609999999999854e+04 4.793650000000000000e+04 2.546670000000000073e+04 2.510090000000000146e+04 2.284300000000000000e+04 1.597060000000000036e+04 1.186010000000000036e+04 1.315700000000000000e+04 2.279959999999999854e+04 4.888319999999999709e+04 1.847129999999999927e+04 8.432469999999999345e+03 8.445489999999999782e+03 6.440229999999999563e+03 6.209920000000000073e+03 5.458869999999999891e+03 3.498420000000000073e+03 5.034029999999999745e+03 4.967329999999999927e+03 4.229010000000000218e+03 3.612420000000000073e+03 3.834690000000000055e+03 3.373809999999999945e+03 4.159630000000000109e+03 3.465340000000000146e+03 2.490010000000000218e+03 -3.631380000000000000e+05 -1.667179999999999927e+04 6.563269999999999709e+04 6.698519999999999709e+04 1.871679999999999927e+04 4.088709999999999854e+04 4.531980000000000291e+04 3.379200000000000000e+04 2.979159999999999854e+04 2.359500000000000000e+04 1.427189999999999964e+04 1.718979999999999927e+04 2.868759999999999854e+04 5.697459999999999854e+04 2.251259999999999854e+04 7.573680000000000291e+03 1.202679999999999927e+04 8.229159999999999854e+03 6.402069999999999709e+03 5.074979999999999563e+03 1.418319999999999936e+03 5.595220000000000255e+03 5.772800000000000182e+03 4.909510000000000218e+03 5.310359999999999673e+03 2.575699999999999818e+03 3.044190000000000055e+03 3.792150000000000091e+03 4.180180000000000291e+03 2.969750000000000000e+03 0.000000000000000000e+00 0.000000000000000000e+00 0.000000000000000000e+00 0.000000000000000000e+00 0.000000000000000000e+00 0.000000000000000000e+00 0.000000000000000000e+00 0.000000000000000000e+00 0.000000000000000000e+00 0.000000000000000000e+00 0.000000000000000000e+00 0.000000000000000000e+00 0.000000000000000000e+00 0.000000000000000000e+00 0.000000000000000000e+00 0.000000000000000000e+00 0.000000000000000000e+00 0.000000000000000000e+00 0.000000000000000000e+00 0.000000000000000000e+00 0.000000000000000000e+00 0.000000000000000000e+00 0.000000000000000000e+00 0.000000000000000000e+00 0.000000000000000000e+00 0.000000000000000000e+00 0.000000000000000000e+00 0.000000000000000000e+00 0.000000000000000000e+00 0.000000000000000000e+00
-1.076920000000000000e+05 5.857419999999999709e+04 5.495940000000000146e+04 4.628859999999999854e+04 5.092390000000000146e+04 3.989580000000000291e+04 2.567259999999999854e+04 1.400339999999999964e+04 1.780790000000000146e+04 1.477160000000000036e+04 1.363379999999999927e+04 1.014070000000000073e+04 1.187789999999999964e+04 1.847129999999999927e+04 3.948959999999999854e+04 1.392770000000000073e+04 8.088069999999999709e+03 6.076020000000000437e+03 4.637409999999999854e+03 5.683119999999999891e+03 3.727119999999999891e+03 4.425619999999999891e+03 3.918230000000000018e+03 3.885010000000000218e+03 2.527489999999999782e+03 3.238039999999999964e+03 2.471480000000000018e+03 2.940510000000000218e+03 2.617340000000000146e+03 2.143820000000000164e+03 -3.310870000000000000e+05 -4.381109999999999673e+03 4.475250000000000000e+04 9.079510000000000582e+04 1.158879999999999927e+04 3.406919999999999709e+04 3.502290000000000146e+04 2.709679999999999927e+04 2.215209999999999854e+04 2.875540000000000146e+04 1.447879999999999927e+04 1.487700000000000000e+04 1.340439999999999964e+04 2.435350000000000000e+04 4.782669999999999709e+04 2.028350000000000000e+04 1.052300000000000000e+04 9.048280000000000655e+03 6.375350000000000364e+03 8.251690000000000509e+03 5.713180000000000291e+03 4.512579999999999927e+03 4.554470000000000255e+03 5.254180000000000291e+03 3.486000000000000000e+03 2.110730000000000018e+03 2.669800000000000182e+03 4.043250000000000000e+03 2.523039999999999964e+03 2.095360000000000127e+03 0.000000000000000000e+00 0.000000000000000000e+00 0.000000000000000000e+00 0.000000000000000000e+00 0.000000000000000000e+00 0.000000000000000000e+00 0.000000000000000000e+00 0.000000000000000000e+00 0.000000000000000000e+00 0.000000000000000000e+00 0.000000000000000000e+00 0.000000000000000000e+00 0.000000000000000000e+00 0.000000000000000000e+00 0.000000000000000000e+00 0.000000000000000000e+00 0.000000000000000000e+00 0.000000000000000000e+00 0.000000000000000000e+00 0.000000000000000000e+00 0.000000000000000000e+00 0.000000000000000000e+00 0.000000000000000000e+00 0.000000000000000000e+00 0.000000000000000000e+00 0.000000000000000000e+00 0.000000000000000000e+00 0.000000000000000000e+00 0.000000000000000000e+00 0.000000000000000000e+00
-1.695420000000000073e+04 1.061530000000000000e+05 3.069479999999999927e+04 4.254750000000000000e+04 3.921450000000000000e+04 3.107270000000000073e+04 2.528420000000000073e+04 1.232760000000000036e+04 1.354910000000000036e+04 1.011839999999999964e+04 1.036589999999999964e+04 7.121409999999999854e+03 9.123159999999999854e+03 8.432469999999999345e+03 1.392770000000000073e+04 2.922659999999999854e+04 1.113939999999999964e+04 4.932010000000000218e+03 3.332800000000000182e+03 3.892989999999999782e+03 4.215779999999999745e+03 3.545480000000000018e+03 3.489679999999999836e+03 3.223510000000000218e+03 2.260320000000000164e+03 2.686179999999999836e+03 1.895859999999999900e+03 1.854599999999999909e+03 1.596710000000000036e+03 1.635109999999999900e+03 -1.787670000000000000e+05 2.388700000000000000e+04 6.095740000000000146e+04 5.561490000000000146e+04 2.399550000000000000e+04 4.331970000000000255e+03 2.307920000000000073e+04 1.210720000000000073e+04 1.874959999999999854e+04 1.933879999999999927e+04 1.318129999999999927e+04 1.533439999999999964e+04 1.359700000000000000e+04 1.264110000000000036e+04 1.770909999999999854e+04 3.495180000000000291e+04 1.472300000000000000e+04 5.623279999999999745e+03 2.115150000000000091e+03 5.677479999999999563e+03 5.266729999999999563e+03 4.090579999999999927e+03 3.148190000000000055e+03 3.610489999999999782e+03 2.668579999999999927e+03 2.624230000000000018e+03 1.629890000000000100e+03 3.027500000000000000e+03 2.727289999999999964e+03 1.603890000000000100e+03 0.000000000000000000e+00 0.000000000000000000e+00 0.000000000000000000e+00 0.000000000000000000e+00 0.000000000000000000e+00 0.000000000000000000e+00 0.000000000000000000e+00 0.000000000000000000e+00 0.000000000000000000e+00 0.000000000000000000e+00 0.000000000000000000e+00 0.000000000000000000e+00 0.000000000000000000e+00 0.000000000000000000e+00 0.000000000000000000e+00 0.000000000000000000e+00 0.000000000000000000e+00 0.000000000000000000e+00 0.000000000000000000e+00 0.000000000000000000e+00 0.000000000000000000e+00 0.000000000000000000e+00 0.000000000000000000e+00 0.000000000000000000e+00 0.000000000000000000e+00 0.000000000000000000e+00 0.000000000000000000e+00 0.000000000000000000e+00 0.000000000000000000e+00 0.000000000000000000e+00
-7.985130000000000291e+04 4.342419999999999709e+04 3.234429999999999927e+04 2.459640000000000146e+04 3.543169999999999709e+04 2.601750000000000000e+04 1.978229999999999927e+04 1.370650000000000000e+04 1.161539999999999964e+04 1.198989999999999964e+04 9.419840000000000146e+03 8.419790000000000873e+03 6.555289999999999964e+03 8.445489999999999782e+03 8.088069999999999709e+03 1.113939999999999964e+04 2.343809999999999854e+04 8.744260000000000218e+03 4.484260000000000218e+03 4.615250000000000000e+03 3.962420000000000073e+03 4.088050000000000182e+03 3.212900000000000091e+03 2.384840000000000146e+03 2.297650000000000091e+03 2.416849999999999909e+03 2.023859999999999900e+03 2.218929999999999836e+03 2.407809999999999945e+03 1.785009999999999991e+03 -2.158320000000000000e+05 -2.109970000000000073e+04 4.229469999999999709e+04 2.815359999999999854e+04 1.888009999999999854e+04 2.924879999999999927e+04 2.310559999999999854e+04 1.800750000000000000e+04 1.563229999999999927e+04 1.778120000000000073e+04 1.222670000000000073e+04 1.336560000000000036e+04 6.081760000000000218e+03 9.885870000000000800e+03 8.654149999999999636e+03 1.170129999999999927e+04 2.667450000000000000e+04 1.290260000000000036e+04 4.481390000000000327e+03 5.385979999999999563e+03 3.309780000000000200e+03 4.374979999999999563e+03 3.215480000000000018e+03 2.584769999999999982e+03 1.645440000000000055e+03 1.078740000000000009e+03 1.259910000000000082e+03 1.981529999999999973e+03 2.726619999999999891e+03 1.471450000000000045e+03 0.000000000000000000e+00 0.000000000000000000e+00 0.000000000000000000e+00 0.000000000000000000e+00 0.000000000000000000e+00 0.000000000000000000e+00 0.000000000000000000e+00 0.000000000000000000e+00 0.000000000000000000e+00 0.000000000000000000e+00 0.000000000000000000e+00 0.000000000000000000e+00 0.000000000000000000e+00 0.000000000000000000e+00 0.000000000000000000e+00 0.000000000000000000e+00 0.000000000000000000e+00 0.000000000000000000e+00 0.000000000000000000e+00 0.000000000000000000e+00 0.000000000000000000e+00 0.000000000000000000e+00 0.000000000000000000e+00 0.000000000000000000e+00 0.000000000000000000e+00 0.000000000000000000e+00 0.000000000000000000e+00 0.000000000000000000e+00 0.000000000000000000e+00 0.000000000000000000e+00
