2.502420000000000000e+08 4.937730000000000000e+07 -1.278940000000000000e+06 3.253560000000000000e+05 6.114650000000000000e+05 4.923250000000000000e+05 7.128550000000000000e+05 9.994919999999999709e+04 -3.235070000000000000e+05 -3.161140000000000000e+05 4.851560000000000000e+05 7.108060000000000582e+04 2.041370000000000000e+05 -1.015590000000000000e+05 -1.722910000000000000e+05 9.832380000000000291e+04 2.035440000000000146e+04 -3.612869999999999709e+04 -2.785109999999999854e+04 -4.859369999999999891e+03 9.586669999999999709e+04 8.416299999999999272e+03 1.087950000000000000e+04 -5.744090000000000146e+04 4.883359999999999854e+04 -2.701570000000000073e+04 5.723699999999999818e+03 -1.487770000000000073e+04 1.798240000000000146e+04 -4.658969999999999709e+04 2.072730000000000000e+08 9.581750000000000000e+07 6.156660000000000000e+05 -6.035230000000000000e+06 1.715090000000000000e+06 1.547470000000000000e+06 5.574970000000000000e+05 -1.782420000000000000e+05 -1.330870000000000000e+06 -7.978960000000000000e+05 7.076540000000000000e+05 6.821950000000000000e+05 3.187560000000000000e+05 -4.239160000000000000e+05 -1.664920000000000000e+05 1.138710000000000000e+05 2.154580000000000000e+05 -1.057930000000000000e+05 -7.843110000000000582e+04 -1.967490000000000000e+05 2.755810000000000000e+05 -1.208530000000000000e+05 -2.014720000000000073e+04 -2.559829999999999927e+04 -9.447460000000000582e+04 5.869250000000000000e+03 7.114089999999999418e+04 -1.588590000000000000e+05 -1.799470000000000073e+04 6.242750000000000000e+04 0.000000000000000000e+00 0.000000000000000000e+00 0.000000000000000000e+00 0.000000000000000000e+00 0.000000000000000000e+00 0.000000000000000000e+00 0.000000000000000000e+00 0.000000000000000000e+00 0.000000000000000000e+00 0.000000000000000000e+00 0.000000000000000000e+00 0.000000000000000000e+00 0.000000000000000000e+00 0.000000000000000000e+00 0.000000000000000000e+00 0.000000000000000000e+00 0.000000000000000000e+00 0.000000000000000000e+00 0.000000000000000000e+00 0.000000000000000000e+00 0.000000000000000000e+00 0.000000000000000000e+00 0.000000000000000000e+00 0.000000000000000000e+00 0.000000000000000000e+00 0.000000000000000000e+00 0.000000000000000000e+00 0.000000000000000000e+00 0.000000000000000000e+00 0.000000000000000000e+00
4.937730000000000000e+07 8.318290000000000000e+07 1.438720000000000000e+07 2.365920000000000000e+06 1.219210000000000000e+06 -5.948310000000000400e+03 4.759450000000000000e+05 4.874100000000000000e+05 2.310810000000000000e+05 1.256650000000000000e+05 2.501780000000000000e+05 5.590780000000000291e+04 2.671220000000000000e+05 1.177740000000000000e+05 1.898459999999999854e+04 1.403250000000000000e+05 1.186250000000000000e+05 6.377930000000000291e+04 2.966809999999999854e+04 9.285710000000000582e+04 5.736769999999999709e+04 2.292009999999999854e+04 5.924359999999999854e+04 3.407900000000000000e+04 6.449830000000000291e+04 1.005179999999999927e+04 2.256040000000000146e+04 3.621840000000000146e+04 2.551009999999999854e+04 8.917229999999999563e+02 4.425480000000000000e+07 1.043560000000000000e+08 2.317630000000000000e+07 -1.744390000000000146e+04 1.176940000000000000e+06 8.453850000000000000e+05 5.664660000000000000e+05 6.429070000000000000e+05 -2.644000000000000000e+05 -1.890170000000000000e+05 3.749210000000000000e+05 1.505570000000000000e+05 4.603850000000000000e+05 1.991060000000000000e+05 3.387380000000000291e+04 1.731980000000000000e+05 1.249020000000000000e+05 4.592759999999999854e+04 1.098460000000000000e+05 2.084730000000000000e+05 1.626340000000000000e+05 4.379800000000000000e+04 1.163200000000000000e+05 1.078790000000000000e+05 1.074770000000000000e+05 -4.398519999999999709e+04 7.942569999999999709e+04 5.561609999999999854e+04 5.476609999999999854e+04 1.629920000000000073e+03 0.000000000000000000e+00 0.000000000000000000e+00 0.000000000000000000e+00 0.000000000000000000e+00 0.000000000000000000e+00 0.000000000000000000e+00 0.000000000000000000e+00 0.000000000000000000e+00 0.000000000000000000e+00 0.000000000000000000e+00 0.000000000000000000e+00 0.000000000000000000e+00 0.000000000000000000e+00 0.000000000000000000e+00 0.000000000000000000e+00 0.000000000000000000e+00 0.000000000000000000e+00 0.000000000000000000e+00 0.000000000000000000e+00 0.000000000000000000e+00 0.000000000000000000e+00 0.000000000000000000e+00 0.000000000000000000e+00 0.000000000000000000e+00 0.000000000000000000e+00 0.000000000000000000e+00 0.000000000000000000e+00 0.000000000000000000e+00 0.000000000000000000e+00 0.000000000000000000e+00
-1.278940000000000000e+06 1.438720000000000000e+07 2.655530000000000000e+07 5.279090000000000000e+06 9.680680000000000000e+05 -1.787830000000000000e+05 -2.669790000000000000e+05 1.063009999999999991e+03 1.139440000000000000e+05 5.836890000000000146e+04 1.756490000000000000e+05 1.284270000000000000e+05 1.371580000000000000e+05 1.180560000000000000e+05 8.482060000000000582e+04 1.293050000000000000e+05 1.175980000000000000e+05 6.080300000000000000e+04 5.645980000000000291e+04 5.267090000000000146e+04 4.990740000000000146e+04 3.819540000000000146e+04 5.252080000000000291e+04 4.343200000000000000e+04 5.538780000000000291e+04 5.000150000000000000e+04 3.068229999999999927e+04 1.761040000000000146e+04 1.691790000000000146e+04 -8.350339999999999918e+02 3.463090000000000000e+06 1.987600000000000000e+07 3.708830000000000000e+07 9.739220000000000000e+06 1.928710000000000000e+06 6.998000000000000000e+05 -1.125920000000000000e+05 9.770480000000000291e+04 2.817530000000000000e+05 1.522190000000000000e+05 3.402680000000000000e+05 1.734860000000000000e+05 4.280730000000000291e+04 7.463910000000000582e+04 3.801500000000000000e+04 9.086650000000000000e+04 5.357909999999999854e+04 1.248860000000000000e+05 9.393610000000000582e+04 1.304860000000000000e+05 4.621850000000000000e+04 1.813850000000000000e+04 4.602969999999999709e+04 2.573979999999999927e+04 7.774869999999999709e+04 -1.943559999999999854e+04 1.815579999999999927e+04 3.753869999999999709e+04 4.070919999999999709e+04 5.010069999999999709e+04 0.000000000000000000e+00 0.000000000000000000e+00 0.000000000000000000e+00 0.000000000000000000e+00 0.000000000000000000e+00 0.000000000000000000e+00 0.000000000000000000e+00 0.000000000000000000e+00 0.000000000000000000e+00 0.000000000000000000e+00 0.000000000000000000e+00 0.000000000000000000e+00 0.000000000000000000e+00 0.000000000000000000e+00 0.000000000000000000e+00 0.000000000000000000e+00 0.000000000000000000e+00 0.000000000000000000e+00 0.000000000000000000e+00 0.000000000000000000e+00 0.000000000000000000e+00 0.000000000000000000e+00 0.000000000000000000e+00 0.000000000000000000e+00 0.000000000000000000e+00 0.000000000000000000e+00 0.000000000000000000e+00 0.000000000000000000e+00 0.000000000000000000e+00 0.000000000000000000e+00
3.253560000000000000e+05 2.365920000000000000e+06 5.279090000000000000e+06 1.034010000000000000e+07 2.436300000000000000e+06 4.551540000000000000e+05 3.261730000000000000e+05 1.016920000000000000e+05 2.860720000000000000e+05 5.075230000000000291e+04 1.623670000000000000e+05 1.185310000000000000e+05 9.711169999999999709e+04 7.677730000000000291e+04 2.029570000000000073e+04 8.793239999999999418e+04 4.253359999999999854e+04 6.192940000000000146e+04 2.272309999999999854e+04 3.661340000000000146e+04 3.749130000000000291e+04 2.726779999999999927e+04 3.289680000000000291e+04 3.452540000000000146e+04 3.621730000000000291e+04 4.194290000000000146e+04 1.081479999999999927e+04 1.932229999999999927e+04 1.471129999999999927e+04 1.669690000000000146e+04 1.081210000000000000e+06 3.338140000000000000e+06 7.159020000000000000e+06 1.486880000000000000e+07 3.917930000000000000e+06 5.855180000000000000e+05 3.097290000000000000e+05 1.674580000000000000e+05 4.835030000000000000e+05 1.275190000000000000e+05 1.130660000000000000e+05 2.211300000000000000e+05 1.614500000000000000e+05 -4.748700000000000000e+04 -8.222610000000000582e+04 9.917889999999999418e+04 1.195440000000000000e+05 1.312020000000000000e+05 4.567930000000000291e+03 3.646730000000000291e+04 5.111969999999999709e+04 3.669990000000000146e+04 3.069740000000000146e+04 4.720100000000000000e+04 4.445130000000000291e+04 4.341600000000000000e+04 3.331960000000000036e+03 1.156570000000000073e+04 4.305609999999999854e+04 3.996759999999999854e+04 0.000000000000000000e+00 0.000000000000000000e+00 0.000000000000000000e+00 0.000000000000000000e+00 0.000000000000000000e+00 0.000000000000000000e+00 0.000000000000000000e+00 0.000000000000000000e+00 0.000000000000000000e+00 0.000000000000000000e+00 0.000000000000000000e+00 0.000000000000000000e+00 0.000000000000000000e+00 0.000000000000000000e+00 0.000000000000000000e+00 0.000000000000000000e+00 0.000000000000000000e+00 0.000000000000000000e+00 0.000000000000000000e+00 0.000000000000000000e+00 0.000000000000000000e+00 0.000000000000000000e+00 0.000000000000000000e+00 0.000000000000000000e+00 0.000000000000000000e+00 0.000000000000000000e+00 0.000000000000000000e+00 0.000000000000000000e+00 0.000000000000000000e+00 0.000000000000000000e+00
6.114650000000000000e+05 1.219210000000000000e+06 9.680680000000000000e+05 2.436300000000000000e+06 4.520010000000000000e+06 9.588870000000000000e+05 1.508970000000000000e+05 2.147640000000000000e+05 1.859190000000000000e+05 9.599910000000000582e+04 1.366420000000000000e+05 1.427440000000000000e+05 9.621850000000000000e+04 5.635140000000000146e+04 5.119869999999999709e+04 3.645369999999999709e+04 3.726919999999999709e+04 2.722440000000000146e+04 4.656670000000000073e+03 1.644600000000000000e+04 2.465459999999999854e+04 3.359040000000000146e+04 1.685520000000000073e+04 1.801200000000000000e+04 2.445540000000000146e+04 1.197450000000000000e+04 3.812929999999999836e+03 1.254500000000000000e+04 1.033560000000000036e+04 6.506439999999999600e+03 -2.545280000000000000e+05 1.853630000000000000e+06 1.252820000000000000e+06 3.935550000000000000e+06 6.257810000000000000e+06 1.509740000000000000e+06 2.168570000000000000e+05 2.962080000000000000e+05 4.024450000000000000e+05 1.972960000000000000e+05 1.316320000000000000e+05 2.818110000000000000e+05 1.985550000000000000e+05 7.693680000000000518e+01 4.572750000000000000e+04 5.639900000000000000e+04 5.914840000000000146e+04 6.888560000000000582e+04 -1.565589999999999964e+04 6.052769999999999709e+04 4.173390000000000146e+04 4.375880000000000291e+04 8.378129999999999200e+03 3.107400000000000000e+04 3.814519999999999709e+04 2.027090000000000146e+04 1.017689999999999964e+04 -7.213489999999999782e+03 4.836560000000000400e+03 1.476950000000000000e+04 0.000000000000000000e+00 0.000000000000000000e+00 0.000000000000000000e+00 0.000000000000000000e+00 0.000000000000000000e+00 0.000000000000000000e+00 0.000000000000000000e+00 0.000000000000000000e+00 0.000000000000000000e+00 0.000000000000000000e+00 0.000000000000000000e+00 0.000000000000000000e+00 0.000000000000000000e+00 0.000000000000000000e+00 0.000000000000000000e+00 0.000000000000000000e+00 0.000000000000000000e+00 0.000000000000000000e+00 0.000000000000000000e+00 0.000000000000000000e+00 0.000000000000000000e+00 0.000000000000000000e+00 0.000000000000000000e+00 0.000000000000000000e+00 0.000000000000000000e+00 0.000000000000000000e+00 0.000000000000000000e+00 0.000000000000000000e+00 0.000000000000000000e+00 0.000000000000000000e+00
4.923250000000000000e+05 -5.948310000000000400e+03 -1.787830000000000000e+05 4.551540000000000000e+05 9.588870000000000000e+05 2.159350000000000000e+06 5.443710000000000000e+05 2.287910000000000000e+05 1.201870000000000000e+05 6.665110000000000582e+04 1.018750000000000000e+05 9.526339999999999418e+04 7.299910000000000582e+04 4.651730000000000291e+04 4.998719999999999709e+04 5.083059999999999854e+04 3.800340000000000146e+04 1.568870000000000073e+04 1.125739999999999964e+04 2.047500000000000000e+04 1.452350000000000000e+04 1.888340000000000146e+04 1.845459999999999854e+04 1.493370000000000073e+04 1.557320000000000073e+04 1.900720000000000073e+04 6.535600000000000364e+03 2.668500000000000000e+03 1.227250000000000000e+04 9.584270000000000437e+03 6.323350000000000000e+05 5.767150000000000000e+05 -2.555070000000000073e+04 5.203270000000000000e+05 1.348850000000000000e+06 2.857460000000000000e+06 9.369610000000000000e+05 2.836450000000000000e+05 2.220850000000000000e+05 8.611439999999999418e+04 1.156790000000000000e+05 1.667600000000000000e+05 1.083250000000000000e+05 5.512169999999999709e+04 4.909419999999999709e+04 3.061870000000000073e+04 5.707869999999999709e+04 2.511390000000000146e+04 5.394060000000000400e+03 3.937580000000000291e+04 -3.215099999999999909e+03 3.092939999999999827e+02 -5.543470000000000255e+03 1.491050000000000000e+04 2.179270000000000073e+04 3.108259999999999854e+04 1.886270000000000073e+04 -2.243010000000000218e+03 2.177420000000000073e+04 1.467360000000000036e+04 0.000000000000000000e+00 0.000000000000000000e+00 0.000000000000000000e+00 0.000000000000000000e+00 0.000000000000000000e+00 0.000000000000000000e+00 0.000000000000000000e+00 0.000000000000000000e+00 0.000000000000000000e+00 0.000000000000000000e+00 0.000000000000000000e+00 0.000000000000000000e+00 0.000000000000000000e+00 0.000000000000000000e+00 0.000000000000000000e+00 0.000000000000000000e+00 0.000000000000000000e+00 0.000000000000000000e+00 0.000000000000000000e+00 0.000000000000000000e+00 0.000000000000000000e+00 0.000000000000000000e+00 0.000000000000000000e+00 0.000000000000000000e+00 0.000000000000000000e+00 0.000000000000000000e+00 0.000000000000000000e+00 0.000000000000000000e+00 0.000000000000000000e+00 0.000000000000000000e+00
7.128550000000000000e+05 4.759450000000000000e+05 -2.669790000000000000e+05 3.261730000000000000e+05 1.508970000000000000e+05 5.443710000000000000e+05 1.347710000000000000e+06 3.175540000000000000e+05 1.040910000000000000e+05 7.315180000000000291e+04 6.854560000000000582e+04 5.526180000000000291e+04 4.984319999999999709e+04 4.564590000000000146e+04 4.204109999999999854e+04 3.907390000000000146e+04 3.744650000000000000e+04 2.692250000000000000e+04 2.971809999999999854e+04 2.886600000000000000e+04 1.519750000000000000e+04 2.039659999999999854e+04 1.494110000000000036e+04 1.777240000000000146e+04 1.104739999999999964e+04 8.919979999999999563e+03 9.217180000000000291e+03 5.450079999999999927e+03 1.189460000000000036e+04 9.840430000000000291e+03 9.372160000000000000e+05 -2.891080000000000000e+05 -1.144330000000000000e+06 -3.631810000000000000e+05 -1.285300000000000000e+05 6.044280000000000000e+05 1.803330000000000000e+06 4.295980000000000000e+05 1.010660000000000000e+05 4.657450000000000000e+04 1.028500000000000000e+05 1.090340000000000000e+05 8.727419999999999709e+04 5.359609999999999854e+04 5.124030000000000291e+04 2.856000000000000000e+04 3.565890000000000146e+04 1.838240000000000009e+03 3.645240000000000146e+04 2.957959999999999854e+04 1.161710000000000036e+04 2.134220000000000073e+04 -5.780399999999999636e+03 3.099190000000000146e+04 1.783779999999999927e+04 1.054720000000000073e+04 1.707879999999999927e+04 -1.444770000000000039e+02 1.639559999999999854e+04 1.710629999999999927e+04 0.000000000000000000e+00 0.000000000000000000e+00 0.000000000000000000e+00 0.000000000000000000e+00 0.000000000000000000e+00 0.000000000000000000e+00 0.000000000000000000e+00 0.000000000000000000e+00 0.000000000000000000e+00 0.000000000000000000e+00 0.000000000000000000e+00 0.000000000000000000e+00 0.000000000000000000e+00 0.000000000000000000e+00 0.000000000000000000e+00 0.000000000000000000e+00 0.000000000000000000e+00 0.000000000000000000e+00 0.000000000000000000e+00 0.000000000000000000e+00 0.000000000000000000e+00 0.000000000000000000e+00 0.000000000000000000e+00 0.000000000000000000e+00 0.000000000000000000e+00 0.000000000000000000e+00 0.000000000000000000e+00 0.000000000000000000e+00 0.000000000000000000e+00 0.000000000000000000e+00
9.994919999999999709e+04 4.874100000000000000e+05 1.063009999999999991e+03 1.016920000000000000e+05 2.147640000000000000e+05 2.287910000000000000e+05 3.175540000000000000e+05 8.486030000000000000e+05 2.250630000000000000e+05 8.796069999999999709e+04 7.366689999999999418e+04 7.387419999999999709e+04 4.097380000000000291e+04 5.522869999999999709e+04 5.154450000000000000e+04 4.295119999999999709e+04 2.588190000000000146e+04 2.448459999999999854e+04 2.928429999999999927e+04 3.091950000000000000e+04 2.377459999999999854e+04 2.047809999999999854e+04 1.787729999999999927e+04 1.885950000000000000e+04 1.502650000000000000e+04 1.175289999999999964e+04 1.144900000000000000e+04 6.608680000000000291e+03 1.211370000000000073e+04 1.119270000000000073e+04 -4.206440000000000000e+05 4.043900000000000000e+05 -2.655320000000000000e+05 -1.127820000000000000e+05 1.163700000000000000e+05 2.857850000000000000e+05 4.558920000000000000e+05 1.039300000000000000e+06 2.852510000000000000e+05 6.476040000000000146e+04 7.947810000000000582e+04 1.205420000000000000e+05 8.029730000000000291e+04 9.363530000000000291e+04 8.927889999999999418e+04 5.138709999999999854e+04 1.639350000000000000e+04 3.018490000000000146e+04 3.667690000000000146e+04 4.792869999999999709e+04 3.695750000000000000e+04 3.736259999999999854e+04 7.126979999999999563e+03 4.258150000000000000e+04 2.333290000000000146e+04 1.326050000000000000e+04 1.533079999999999927e+04 7.147000000000000000e+03 1.705770000000000073e+04 1.823879999999999927e+04 0.000000000000000000e+00 0.000000000000000000e+00 0.000000000000000000e+00 0.000000000000000000e+00 0.000000000000000000e+00 0.000000000000000000e+00 0.000000000000000000e+00 0.000000000000000000e+00 0.000000000000000000e+00 0.000000000000000000e+00 0.000000000000000000e+00 0.000000000000000000e+00 0.000000000000000000e+00 0.000000000000000000e+00 0.000000000000000000e+00 0.000000000000000000e+00 0.000000000000000000e+00 0.000000000000000000e+00 0.000000000000000000e+00 0.000000000000000000e+00 0.000000000000000000e+00 0.000000000000000000e+00 0.000000000000000000e+00 0.000000000000000000e+00 0.000000000000000000e+00 0.000000000000000000e+00 0.000000000000000000e+00 0.000000000000000000e+00 0.000000000000000000e+00 0.000000000000000000e+00
-3.235070000000000000e+05 2.310810000000000000e+05 1.139440000000000000e+05 2.860720000000000000e+05 1.859190000000000000e+05 1.201870000000000000e+05 1.040910000000000000e+05 2.250630000000000000e+05 4.878800000000000000e+05 1.499510000000000000e+05 4.918440000000000146e+04 4.988209999999999854e+04 3.161940000000000146e+04 4.534909999999999854e+04 3.934169999999999709e+04 3.060470000000000073e+04 2.374540000000000146e+04 2.338809999999999854e+04 2.092379999999999927e+04 1.365660000000000036e+04 1.979420000000000073e+04 1.317970000000000073e+04 1.637960000000000036e+04 1.215660000000000036e+04 4.971220000000000255e+03 7.845380000000000109e+03 8.070430000000000291e+03 5.395699999999999818e+03 7.294260000000000218e+03 5.379850000000000364e+03 -1.164610000000000000e+06 5.686810000000000000e+05 -1.802920000000000000e+05 2.771400000000000000e+05 1.688890000000000000e+05 1.213840000000000000e+05 1.267820000000000000e+05 3.035540000000000000e+05 6.462910000000000000e+05 1.784130000000000000e+05 3.362059999999999854e+04 8.784110000000000582e+04 5.080069999999999709e+04 6.736630000000000291e+04 4.760009999999999854e+04 3.872659999999999854e+04 3.834809999999999854e+04 3.811040000000000146e+04 2.454290000000000146e+04 1.426460000000000036e+04 1.809959999999999854e+04 1.763040000000000146e+04 1.058639999999999964e+04 2.280750000000000000e+04 6.781220000000000255e+03 7.563890000000000327e+03 1.221729999999999927e+04 6.729770000000000437e+03 6.439100000000000364e+03 1.007929999999999927e+04 0.000000000000000000e+00 0.000000000000000000e+00 0.000000000000000000e+00 0.000000000000000000e+00 0.000000000000000000e+00 0.000000000000000000e+00 0.000000000000000000e+00 0.000000000000000000e+00 0.000000000000000000e+00 0.000000000000000000e+00 0.000000000000000000e+00 0.000000000000000000e+00 0.000000000000000000e+00 0.000000000000000000e+00 0.000000000000000000e+00 0.000000000000000000e+00 0.000000000000000000e+00 0.000000000000000000e+00 0.000000000000000000e+00 0.000000000000000000e+00 0.000000000000000000e+00 0.000000000000000000e+00 0.000000000000000000e+00 0.000000000000000000e+00 0.000000000000000000e+00 0.000000000000000000e+00 0.000000000000000000e+00 0.000000000000000000e+00 0.000000000000000000e+00 0.000000000000000000e+00
-3.161140000000000000e+05 1.256650000000000000e+05 5.836890000000000146e+04 5.075230000000000291e+04 9.599910000000000582e+04 6.665110000000000582e+04 7.315180000000000291e+04 8.796069999999999709e+04 1.499510000000000000e+05 3.132820000000000000e+05 8.797450000000000000e+04 4.171130000000000291e+04 2.937590000000000146e+04 2.119800000000000000e+04 3.222750000000000000e+04 2.925050000000000000e+04 2.172290000000000146e+04 1.426689999999999964e+04 1.317910000000000036e+04 1.138110000000000036e+04 1.400070000000000073e+04 1.111489999999999964e+04 9.642909999999999854e+03 1.147039999999999964e+04 7.298210000000000036e+03 5.844119999999999891e+03 7.473729999999999563e+03 5.631560000000000400e+03 3.553650000000000091e+03 6.288069999999999709e+03 -1.305320000000000000e+06 6.560900000000000000e+04 -1.081570000000000000e+05 -8.126130000000000291e+04 1.340200000000000000e+05 6.435130000000000291e+04 9.494580000000000291e+04 1.310640000000000000e+05 2.019060000000000000e+05 4.073540000000000000e+05 9.720280000000000291e+04 3.993900000000000000e+04 4.073819999999999709e+04 3.928190000000000146e+04 4.241200000000000000e+04 3.187000000000000000e+04 2.776409999999999854e+04 1.453120000000000073e+04 1.094370000000000073e+04 8.968360000000000582e+03 1.348710000000000036e+04 1.525870000000000073e+04 3.396840000000000146e+03 8.953950000000000728e+03 6.501250000000000000e+03 9.908239999999999782e+03 1.478929999999999927e+04 8.043239999999999782e+03 -1.563240000000000009e+03 6.123489999999999782e+03 0.000000000000000000e+00 0.000000000000000000e+00 0.000000000000000000e+00 0.000000000000000000e+00 0.000000000000000000e+00 0.000000000000000000e+00 0.000000000000000000e+00 0.000000000000000000e+00 0.000000000000000000e+00 0.000000000000000000e+00 0.000000000000000000e+00 0.000000000000000000e+00 0.000000000000000000e+00 0.000000000000000000e+00 0.000000000000000000e+00 0.000000000000000000e+00 0.000000000000000000e+00 0.000000000000000000e+00 0.000000000000000000e+00 0.000000000000000000e+00 0.000000000000000000e+00 0.000000000000000000e+00 0.000000000000000000e+00 0.000000000000000000e+00 0.000000000000000000e+00 0.000000000000000000e+00 0.000000000000000000e+00 0.000000000000000000e+00 0.000000000000000000e+00 0.000000000000000000e+00
4.851560000000000000e+05 2.501780000000000000e+05 1.756490000000000000e+05 1.623670000000000000e+05 1.366420000000000000e+05 1.018750000000000000e+05 6.854560000000000582e+04 7.366689999999999418e+04 4.918440000000000146e+04 8.797450000000000000e+04 2.180950000000000000e+05 7.832310000000000582e+04 3.358069999999999709e+04 2.320079999999999927e+04 2.122020000000000073e+04 2.107050000000000000e+04 1.503250000000000000e+04 1.304320000000000073e+04 1.058939999999999964e+04 1.449920000000000073e+04 9.191680000000000291e+03 9.419860000000000582e+03 9.388860000000000582e+03 8.192209999999999127e+03 8.912899999999999636e+03 8.006079999999999927e+03 6.319979999999999563e+03 4.070690000000000055e+03 5.256100000000000364e+03 5.648109999999999673e+03 5.537950000000000000e+05 9.178030000000000000e+05 2.163870000000000000e+05 1.553170000000000000e+05 1.822040000000000000e+05 5.304590000000000146e+04 5.896569999999999709e+04 9.627010000000000582e+04 5.506450000000000000e+04 1.112590000000000000e+05 2.587560000000000000e+05 1.018600000000000000e+05 3.954300000000000000e+04 2.779190000000000146e+04 2.577209999999999854e+04 9.181559999999999491e+03 2.070029999999999927e+04 2.214890000000000146e+04 1.299039999999999964e+04 1.764309999999999854e+04 1.078929999999999927e+04 1.031220000000000073e+04 9.999479999999999563e+03 9.078989999999999782e+03 9.124379999999999200e+03 9.461409999999999854e+03 1.213760000000000036e+04 4.713729999999999563e+03 6.120989999999999782e+03 7.946399999999999636e+03 0.000000000000000000e+00 0.000000000000000000e+00 0.000000000000000000e+00 0.000000000000000000e+00 0.000000000000000000e+00 0.000000000000000000e+00 0.000000000000000000e+00 0.000000000000000000e+00 0.000000000000000000e+00 0.000000000000000000e+00 0.000000000000000000e+00 0.000000000000000000e+00 0.000000000000000000e+00 0.000000000000000000e+00 0.000000000000000000e+00 0.000000000000000000e+00 0.000000000000000000e+00 0.000000000000000000e+00 0.000000000000000000e+00 0.000000000000000000e+00 0.000000000000000000e+00 0.000000000000000000e+00 0.000000000000000000e+00 0.000000000000000000e+00 0.000000000000000000e+00 0.000000000000000000e+00 0.000000000000000000e+00 0.000000000000000000e+00 0.000000000000000000e+00 0.000000000000000000e+00
7.108060000000000582e+04 5.590780000000000291e+04 1.284270000000000000e+05 1.185310000000000000e+05 1.427440000000000000e+05 9.526339999999999418e+04 5.526180000000000291e+04 7.387419999999999709e+04 4.988209999999999854e+04 4.171130000000000291e+04 7.832310000000000582e+04 1.717750000000000000e+05 5.128840000000000146e+04 2.012350000000000000e+04 1.704929999999999927e+04 2.052450000000000000e+04 1.420410000000000036e+04 1.272360000000000036e+04 1.105350000000000000e+04 1.478700000000000000e+04 1.002060000000000036e+04 8.736879999999999200e+03 8.292860000000000582e+03 5.853270000000000437e+03 4.714149999999999636e+03 6.570489999999999782e+03 4.490439999999999600e+03 4.370449999999999818e+03 5.175779999999999745e+03 3.027769999999999982e+03 -5.519930000000000000e+05 1.936430000000000000e+05 1.149910000000000000e+05 8.151250000000000000e+04 1.822540000000000000e+05 7.798889999999999418e+04 5.712909999999999854e+04 8.373969999999999709e+04 4.202269999999999709e+04 2.412920000000000073e+04 8.423469999999999709e+04 2.207050000000000000e+05 7.688889999999999418e+04 2.742150000000000000e+04 1.871459999999999854e+04 1.096479999999999927e+04 1.467279999999999927e+04 1.099070000000000073e+04 1.148239999999999964e+04 1.389229999999999927e+04 1.055070000000000073e+04 1.391039999999999964e+04 1.033789999999999964e+04 6.787010000000000218e+03 9.579899999999999636e+03 7.294659999999999854e+03 6.702130000000000109e+03 2.537059999999999945e+03 7.735430000000000291e+03 3.096250000000000000e+03 0.000000000000000000e+00 0.000000000000000000e+00 0.000000000000000000e+00 0.000000000000000000e+00 0.000000000000000000e+00 0.000000000000000000e+00 0.000000000000000000e+00 0.000000000000000000e+00 0.000000000000000000e+00 0.000000000000000000e+00 0.000000000000000000e+00 0.000000000000000000e+00 0.000000000000000000e+00 0.000000000000000000e+00 0.000000000000000000e+00 0.000000000000000000e+00 0.000000000000000000e+00 0.000000000000000000e+00 0.000000000000000000e+00 0.000000000000000000e+00 0.000000000000000000e+00 0.000000000000000000e+00 0.000000000000000000e+00 0.000000000000000000e+00 0.000000000000000000e+00 0.000000000000000000e+00 0.000000000000000000e+00 0.000000000000000000e+00 0.000000000000000000e+00 0.000000000000000000e+00
2.041370000000000000e+05 2.671220000000000000e+05 1.371580000000000000e+05 9.711169999999999709e+04 9.621850000000000000e+04 7.299910000000000582e+04 4.984319999999999709e+04 4.097380000000000291e+04 3.161940000000000146e+04 2.937590000000000146e+04 3.358069999999999709e+04 5.128840000000000146e+04 1.138240000000000000e+05 3.484480000000000291e+04 1.709629999999999927e+04 1.781040000000000146e+04 1.140289999999999964e+04 1.135760000000000036e+04 9.354799999999999272e+03 1.142950000000000000e+04 1.007320000000000073e+04 9.244690000000000509e+03 7.904989999999999782e+03 7.270460000000000036e+03 6.249960000000000036e+03 3.617489999999999782e+03 3.036369999999999891e+03 4.495260000000000218e+03 3.815800000000000182e+03 4.025320000000000164e+03 -1.829540000000000000e+05 3.770470000000000000e+05 1.728760000000000000e+05 6.237759999999999854e+04 1.169130000000000000e+05 2.544659999999999854e+04 8.075960000000000582e+04 4.612250000000000000e+04 4.122890000000000146e+04 4.464050000000000000e+04 2.919350000000000000e+04 6.841689999999999418e+04 1.477610000000000000e+05 4.527609999999999854e+04 1.651620000000000073e+04 1.798709999999999854e+04 2.040429999999999927e+04 1.784250000000000000e+04 9.299049999999999272e+03 1.534079999999999927e+04 9.497979999999999563e+03 1.073150000000000000e+04 6.612029999999999745e+03 6.744430000000000291e+03 6.407100000000000364e+03 3.584429999999999836e+03 4.529689999999999600e+03 7.347880000000000109e+03 4.421590000000000146e+03 5.548260000000000218e+03 0.000000000000000000e+00 0.000000000000000000e+00 0.000000000000000000e+00 0.000000000000000000e+00 0.000000000000000000e+00 0.000000000000000000e+00 0.000000000000000000e+00 0.000000000000000000e+00 0.000000000000000000e+00 0.000000000000000000e+00 0.000000000000000000e+00 0.000000000000000000e+00 0.000000000000000000e+00 0.000000000000000000e+00 0.000000000000000000e+00 0.000000000000000000e+00 0.000000000000000000e+00 0.000000000000000000e+00 0.000000000000000000e+00 0.000000000000000000e+00 0.000000000000000000e+00 0.000000000000000000e+00 0.000000000000000000e+00 0.000000000000000000e+00 0.000000000000000000e+00 0.000000000000000000e+00 0.000000000000000000e+00 0.000000000000000000e+00 0.000000000000000000e+00 0.000000000000000000e+00
-1.015590000000000000e+05 1.177740000000000000e+05 1.180560000000000000e+05 7.677730000000000291e+04 5.635140000000000146e+04 4.651730000000000291e+04 4.564590000000000146e+04 5.522869999999999709e+04 4.534909999999999854e+04 2.119800000000000000e+04 2.320079999999999927e+04 2.012350000000000000e+04 3.484480000000000291e+04 8.528739999999999418e+04 3.137529999999999927e+04 1.732670000000000073e+04 1.219679999999999927e+04 9.791739999999999782e+03 5.520689999999999600e+03 8.007859999999999673e+03 8.401180000000000291e+03 9.080260000000000218e+03 6.779789999999999964e+03 5.684350000000000364e+03 4.482739999999999782e+03 3.142400000000000091e+03 4.299510000000000218e+03 3.181320000000000164e+03 3.340309999999999945e+03 3.276329999999999927e+03 -2.563290000000000000e+05 7.394669999999999709e+04 -1.162150000000000000e+05 7.560089999999999418e+04 8.779319999999999709e+04 4.771340000000000146e+04 6.291130000000000291e+04 6.025259999999999854e+04 7.474089999999999418e+04 1.847909999999999854e+04 1.245129999999999927e+04 3.639900000000000000e+04 3.948819999999999709e+04 1.060290000000000000e+05 4.034440000000000146e+04 1.651029999999999927e+04 1.877359999999999854e+04 2.052479999999999927e+04 6.051350000000000364e+03 1.176000000000000000e+04 1.119379999999999927e+04 1.166350000000000000e+04 9.597079999999999927e+03 6.312640000000000327e+03 5.647189999999999600e+03 2.784659999999999854e+03 3.756989999999999782e+03 1.651750000000000000e+03 2.027509999999999991e+03 3.278369999999999891e+03 0.000000000000000000e+00 0.000000000000000000e+00 0.000000000000000000e+00 0.000000000000000000e+00 0.000000000000000000e+00 0.000000000000000000e+00 0.000000000000000000e+00 0.000000000000000000e+00 0.000000000000000000e+00 0.000000000000000000e+00 0.000000000000000000e+00 0.000000000000000000e+00 0.000000000000000000e+00 0.000000000000000000e+00 0.000000000000000000e+00 0.000000000000000000e+00 0.000000000000000000e+00 0.000000000000000000e+00 0.000000000000000000e+00 0.000000000000000000e+00 0.000000000000000000e+00 0.000000000000000000e+00 0.000000000000000000e+00 0.000000000000000000e+00 0.000000000000000000e+00 0.000000000000000000e+00 0.000000000000000000e+00 0.000000000000000000e+00 0.000000000000000000e+00 0.000000000000000000e+00
-1.722910000000000000e+05 1.898459999999999854e+04 8.482060000000000582e+04 2.029570000000000073e+04 5.119869999999999709e+04 4.998719999999999709e+04 4.204109999999999854e+04 5.154450000000000000e+04 3.934169999999999709e+04 3.222750000000000000e+04 2.122020000000000073e+04 1.704929999999999927e+04 1.709629999999999927e+04 3.137529999999999927e+04 7.453510000000000582e+04 2.497709999999999854e+04 1.276900000000000000e+04 7.311100000000000364e+03 7.882699999999999818e+03 5.364380000000000109e+03 6.079750000000000000e+03 6.709390000000000327e+03 5.589590000000000146e+03 4.503739999999999782e+03 3.486719999999999800e+03 3.616809999999999945e+03 5.236329999999999927e+03 3.773719999999999800e+03 2.636980000000000018e+03 2.821960000000000036e+03 -4.858400000000000000e+05 -6.334709999999999854e+04 -1.011110000000000000e+05 4.504899999999999636e+03 9.198389999999999418e+04 6.892789999999999418e+04 6.229259999999999854e+04 6.113759999999999854e+04 6.510030000000000291e+04 4.539500000000000000e+04 1.812109999999999854e+04 3.314019999999999709e+04 1.340470000000000073e+04 3.711940000000000146e+04 9.229800000000000000e+04 2.649979999999999927e+04 1.625179999999999927e+04 1.441050000000000000e+04 1.002270000000000073e+04 8.058689999999999600e+03 5.027840000000000146e+03 1.009960000000000036e+04 4.988479999999999563e+03 4.196750000000000000e+03 3.495099999999999909e+03 5.377109999999999673e+03 5.968569999999999709e+03 2.792849999999999909e+03 3.885360000000000127e+03 4.085519999999999982e+03 0.000000000000000000e+00 0.000000000000000000e+00 0.000000000000000000e+00 0.000000000000000000e+00 0.000000000000000000e+00 0.000000000000000000e+00 0.000000000000000000e+00 0.000000000000000000e+00 0.000000000000000000e+00 0.000000000000000000e+00 0.000000000000000000e+00 0.000000000000000000e+00 0.000000000000000000e+00 0.000000000000000000e+00 0.000000000000000000e+00 0.000000000000000000e+00 0.000000000000000000e+00 0.000000000000000000e+00 0.000000000000000000e+00 0.000000000000000000e+00 0.000000000000000000e+00 0.000000000000000000e+00 0.000000000000000000e+00 0.000000000000000000e+00 0.000000000000000000e+00 0.000000000000000000e+00 0.000000000000000000e+00 0.000000000000000000e+00 0.000000000000000000e+00 0.000000000000000000e+00
9.832380000000000291e+04 1.403250000000000000e+05 1.293050000000000000e+05 8.793239999999999418e+04 3.645369999999999709e+04 5.083059999999999854e+04 3.907390000000000146e+04 4.295119999999999709e+04 3.060470000000000073e+04 2.925050000000000000e+04 2.107050000000000000e+04 2.052450000000000000e+04 1.781040000000000146e+04 1.732670000000000073e+04 2.497709999999999854e+04 5.840840000000000146e+04 1.900779999999999927e+04 9.218530000000000655e+03 8.829719999999999345e+03 7.087090000000000146e+03 7.296329999999999927e+03 6.683909999999999854e+03 6.310210000000000036e+03 6.021829999999999927e+03 5.808130000000000109e+03 4.038900000000000091e+03 4.199529999999999745e+03 3.182800000000000182e+03 3.512400000000000091e+03 2.837639999999999873e+03 2.144209999999999854e+04 2.689740000000000000e+05 1.146400000000000000e+05 7.995750000000000000e+04 3.870230000000000291e+04 3.653150000000000000e+04 3.615840000000000146e+04 4.756619999999999709e+04 2.141490000000000146e+04 2.427520000000000073e+04 1.797729999999999927e+04 2.880250000000000000e+04 7.442270000000000437e+03 1.014820000000000073e+04 2.088220000000000073e+04 6.505440000000000146e+04 2.079970000000000073e+04 9.903750000000000000e+03 1.042610000000000036e+04 6.270619999999999891e+03 4.465300000000000182e+03 8.036250000000000000e+03 4.104569999999999709e+03 8.853639999999999418e+03 4.913750000000000000e+03 4.602000000000000000e+03 3.031429999999999836e+03 2.762769999999999982e+03 4.875670000000000073e+03 4.921300000000000182e+03 0.000000000000000000e+00 0.000000000000000000e+00 0.000000000000000000e+00 0.000000000000000000e+00 0.000000000000000000e+00 0.000000000000000000e+00 0.000000000000000000e+00 0.000000000000000000e+00 0.000000000000000000e+00 0.000000000000000000e+00 0.000000000000000000e+00 0.000000000000000000e+00 0.000000000000000000e+00 0.000000000000000000e+00 0.000000000000000000e+00 0.000000000000000000e+00 0.000000000000000000e+00 0.000000000000000000e+00 0.000000000000000000e+00 0.000000000000000000e+00 0.000000000000000000e+00 0.000000000000000000e+00 0.000000000000000000e+00 0.000000000000000000e+00 0.000000000000000000e+00 0.000000000000000000e+00 0.000000000000000000e+00 0.000000000000000000e+00 0.000000000000000000e+00 0.000000000000000000e+00
2.035440000000000146e+04 1.186250000000000000e+05 1.175980000000000000e+05 4.253359999999999854e+04 3.726919999999999709e+04 3.800340000000000146e+04 3.744650000000000000e+04 2.588190000000000146e+04 2.374540000000000146e+04 2.172290000000000146e+04 1.503250000000000000e+04 1.420410000000000036e+04 1.140289999999999964e+04 1.219679999999999927e+04 1.276900000000000000e+04 1.900779999999999927e+04 4.338809999999999854e+04 1.578800000000000000e+04 7.430220000000000255e+03 5.343750000000000000e+03 6.914840000000000146e+03 4.360789999999999964e+03 6.252180000000000291e+03 5.548350000000000364e+03 4.938710000000000036e+03 2.907639999999999873e+03 3.258480000000000018e+03 2.407340000000000146e+03 2.137650000000000091e+03 1.693539999999999964e+03 -2.808830000000000000e+05 2.260220000000000000e+05 7.736569999999999709e+04 8.618110000000000582e+03 2.213600000000000000e+04 2.621709999999999854e+04 3.960150000000000000e+04 3.324880000000000291e+04 4.159980000000000291e+04 2.859390000000000146e+04 1.402139999999999964e+04 2.394929999999999927e+04 1.460439999999999964e+04 1.883890000000000146e+04 1.206360000000000036e+04 2.091770000000000073e+04 4.847840000000000146e+04 1.862520000000000073e+04 1.164770000000000073e+04 6.415029999999999745e+03 6.411680000000000291e+03 6.751199999999999818e+03 8.786319999999999709e+03 8.799469999999999345e+03 6.146060000000000400e+03 2.468469999999999800e+03 3.681659999999999854e+03 3.615519999999999982e+03 3.662510000000000218e+03 4.250449999999999818e+03 0.000000000000000000e+00 0.000000000000000000e+00 0.000000000000000000e+00 0.000000000000000000e+00 0.000000000000000000e+00 0.000000000000000000e+00 0.000000000000000000e+00 0.000000000000000000e+00 0.000000000000000000e+00 0.000000000000000000e+00 0.000000000000000000e+00 0.000000000000000000e+00 0.000000000000000000e+00 0.000000000000000000e+00 0.000000000000000000e+00 0.000000000000000000e+00 0.000000000000000000e+00 0.000000000000000000e+00 0.000000000000000000e+00 0.000000000000000000e+00 0.000000000000000000e+00 0.000000000000000000e+00 0.000000000000000000e+00 0.000000000000000000e+00 0.000000000000000000e+00 0.000000000000000000e+00 0.000000000000000000e+00 0.000000000000000000e+00 0.000000000000000000e+00 0.000000000000000000e+00
