1.238190000000000000e+08 1.570940000000000000e+07 1.230960000000000000e+06 -2.177560000000000000e+05 -3.626390000000000000e+05 -3.505740000000000000e+05 -8.937710000000000582e+04 2.452450000000000000e+05 4.355880000000000291e+04 5.820509999999999854e+04 -7.268960000000000582e+04 7.878369999999999709e+04 6.073159999999999854e+04 -1.222600000000000000e+04 -1.518679999999999927e+04 -1.179770000000000073e+04 -5.636750000000000000e+03 -4.078519999999999709e+04 1.300349999999999909e+03 -8.403659999999999854e+03 -4.775959999999999854e+04 5.314630000000000291e+04 3.666290000000000146e+04 2.002579999999999927e+04 1.723379999999999927e+04 2.073429999999999927e+04 1.785450000000000000e+04 8.084600000000000364e+03 -2.047840000000000146e+04 -1.241870000000000073e+04 2.876040000000000000e+07 3.628470000000000000e+07 6.058480000000000000e+06 1.074050000000000000e+06 -8.751190000000000000e+05 -2.852440000000000000e+05 -3.949850000000000000e+05 5.586520000000000000e+05 -2.299330000000000000e+05 2.667760000000000000e+05 4.460859999999999854e+04 1.582020000000000073e+04 2.703320000000000000e+05 -9.892789999999999418e+04 -2.273460000000000036e+03 3.042179999999999927e+04 -2.339709999999999854e+04 2.076559999999999854e+04 6.544830000000000291e+04 -6.418540000000000146e+04 -1.834959999999999854e+04 -1.113460000000000036e+04 2.824370000000000073e+04 1.415860000000000000e+05 1.041620000000000073e+04 6.167419999999999709e+04 -2.748070000000000073e+04 2.336800000000000000e+04 5.031540000000000146e+04 -6.858689999999999418e+04 -1.067020000000000000e+07 1.730560000000000000e+07 8.551450000000000000e+06 1.377880000000000000e+06 2.949220000000000000e+05 1.306600000000000000e+06 1.106830000000000000e+06 7.495560000000000000e+05 -2.762200000000000000e+05 -7.663000000000000000e+05 3.061390000000000146e+04 1.315190000000000000e+05 -2.667280000000000000e+05 4.722119999999999709e+04 4.012850000000000000e+04 -1.676950000000000000e+04 1.184030000000000000e+05 7.244110000000000582e+04 -8.728660000000000582e+04 1.509230000000000000e+05 8.182980000000000291e+04 3.498190000000000146e+04 -8.287519999999999709e+04 2.475809999999999854e+04 9.085500000000000000e+04 4.197569999999999709e+04 -4.760150000000000000e+04 -2.419659999999999854e+04 -8.774229999999999563e+03 2.403529999999999927e+04
1.570940000000000000e+07 2.525880000000000000e+07 3.679450000000000000e+06 5.428510000000000000e+05 4.058410000000000000e+05 1.079710000000000000e+05 1.004150000000000000e+05 1.061240000000000000e+05 5.779230000000000291e+04 4.566239999999999782e+03 3.294450000000000000e+04 1.147680000000000000e+05 6.926330000000000291e+04 4.697719999999999709e+04 3.289369999999999709e+04 4.647469999999999709e+04 6.642770000000000437e+03 1.836440000000000146e+04 3.475009999999999854e+04 1.567220000000000073e+04 -2.218510000000000218e+03 1.986720000000000073e+04 4.253550000000000000e+04 2.140340000000000146e+04 1.455060000000000036e+04 2.030709999999999854e+04 2.838890000000000146e+04 1.004589999999999964e+04 4.869090000000000146e+03 6.410069999999999482e+02 5.582170000000000000e+06 6.182580000000000000e+06 7.037890000000000000e+06 1.044890000000000000e+06 7.775840000000000000e+05 2.191940000000000000e+05 -9.158639999999999418e+04 4.105250000000000000e+04 3.006200000000000000e+04 2.594260000000000000e+05 1.242840000000000000e+05 2.095879999999999927e+04 2.508459999999999854e+04 1.125450000000000000e+05 4.666130000000000291e+04 1.001340000000000000e+05 6.678730000000000291e+04 5.358510000000000218e+03 -6.233449999999999818e+03 4.253280000000000291e+04 3.359780000000000291e+04 3.886530000000000291e+04 2.851959999999999854e+04 4.115119999999999709e+04 1.530079999999999927e+04 1.266179999999999927e+04 -2.579469999999999800e+03 -6.443659999999999854e+03 2.037820000000000073e+04 6.794529999999999745e+03 1.704750000000000000e+06 3.575900000000000000e+05 1.283090000000000000e+06 9.960570000000000000e+05 5.239080000000000291e+04 -1.864030000000000000e+05 1.815890000000000000e+05 -1.487710000000000000e+05 -1.080300000000000000e+05 -1.767270000000000073e+04 6.923710000000000582e+04 3.920180000000000291e+04 1.467620000000000073e+04 -2.920320000000000073e+04 5.769569999999999709e+04 8.313810000000000582e+04 -6.503970000000000255e+03 4.736180000000000291e+04 2.160979999999999927e+04 2.881229999999999927e+04 3.280509999999999854e+04 1.803629999999999927e+04 -5.464369999999999709e+04 -3.804940000000000055e+03 3.358700000000000000e+04 2.265800000000000000e+04 3.167729999999999927e+04 -4.039619999999999709e+04 6.949140000000000327e+03 -2.226620000000000073e+04
1.230960000000000000e+06 3.679450000000000000e+06 7.341800000000000000e+06 1.332420000000000000e+06 2.875660000000000000e+05 6.847080000000000291e+04 4.262690000000000146e+04 9.526169999999999709e+04 2.844790000000000146e+04 -2.528960000000000036e+03 -3.653780000000000200e+03 3.799090000000000146e+04 6.417460000000000036e+03 1.496220000000000073e+04 2.524220000000000073e+04 -2.407360000000000127e+03 9.148940000000000509e+03 3.769360000000000127e+03 1.368910000000000036e+04 9.353569999999999709e+03 -2.861719999999999800e+03 4.512869999999999891e+03 1.452860000000000036e+04 9.681209999999999127e+03 5.461029999999999745e+03 7.013859999999999673e+03 8.127279999999999745e+03 5.232739999999999782e+03 1.277629999999999927e+04 5.216189999999999600e+03 -2.338240000000000000e+05 1.263660000000000000e+06 2.048310000000000000e+06 1.739980000000000000e+06 1.890760000000000000e+05 8.859060000000000582e+04 1.820590000000000000e+05 2.939730000000000000e+05 3.617050000000000000e+04 -4.549850000000000364e+03 4.428030000000000291e+04 1.793129999999999927e+04 2.080570000000000073e+04 2.428390000000000146e+04 2.056779999999999927e+04 3.416569999999999709e+04 4.040590000000000146e+04 2.445529999999999927e+04 2.237979999999999927e+04 1.409270000000000073e+04 1.625579999999999927e+04 8.915959999999999127e+03 2.592600000000000000e+04 9.857719999999999345e+03 -5.108979999999999563e+03 8.750959999999999127e+03 5.630779999999999745e+03 3.195460000000000036e+03 1.374360000000000036e+04 2.784550000000000182e+03 -4.287530000000000000e+05 3.147890000000000000e+05 8.154540000000000000e+05 6.184590000000000000e+05 1.237260000000000000e+05 7.770500000000000000e+04 2.090610000000000000e+05 1.262170000000000000e+05 1.154250000000000000e+05 9.102400000000000000e+04 7.519000000000000000e+04 3.129840000000000146e+04 1.208500000000000000e+04 8.862559999999999491e+03 1.308920000000000073e+04 5.002919999999999709e+04 2.636940000000000055e+03 4.520950000000000000e+04 -9.308239999999999782e+03 1.030600000000000000e+04 1.069589999999999964e+04 2.777170000000000073e+04 2.000750000000000000e+03 3.761809999999999945e+03 9.373069999999999709e+03 1.233129999999999927e+04 1.012210000000000036e+04 1.987420000000000073e+03 -8.686190000000000509e+03 -7.492210000000000036e+03
-2.177560000000000000e+05 5.428510000000000000e+05 1.332420000000000000e+06 2.610760000000000000e+06 3.792430000000000000e+05 4.238890000000000146e+04 -5.630209999999999582e+02 1.071760000000000036e+04 3.837250000000000000e+04 1.498179999999999927e+04 6.929479999999999563e+03 1.523289999999999964e+04 1.419920000000000073e+04 1.265900000000000000e+04 1.770679999999999927e+04 1.759759999999999854e+04 9.857389999999999418e+03 5.565970000000000255e+03 5.144060000000000400e+03 2.075219999999999800e+03 1.839660000000000082e+03 8.034050000000000182e+03 6.254539999999999964e+03 7.734140000000000327e+03 5.731750000000000000e+03 2.267690000000000055e+03 5.739899999999999636e+03 1.656640000000000100e+03 8.462930000000000291e+03 3.973590000000000146e+03 4.181900000000000000e+05 -3.384480000000000000e+05 1.211300000000000000e+06 1.163550000000000000e+06 6.934110000000000000e+05 1.448630000000000000e+05 1.074290000000000000e+05 8.294439999999999418e+04 4.350250000000000000e+04 1.957329999999999927e+04 5.470390000000000146e+04 6.202649999999999636e+03 3.344580000000000291e+04 4.451420000000000073e+03 2.249759999999999854e+04 2.448290000000000146e+04 1.029220000000000073e+04 -8.024699999999999818e+03 -4.645020000000000437e+03 5.434279999999999745e+03 6.976140000000000327e+03 2.029269999999999982e+03 7.290569999999999709e+03 5.447989999999999782e+03 -7.393039999999999964e+03 8.776090000000000146e+03 -6.755970000000000255e+03 1.178839999999999918e+03 6.803510000000000218e+03 5.259100000000000364e+03 1.307550000000000000e+05 -2.715480000000000000e+05 2.390160000000000000e+05 4.925310000000000000e+05 9.597830000000000291e+04 5.278640000000000146e+04 2.566129999999999927e+04 8.819089999999999418e+04 2.464759999999999854e+04 3.528050000000000182e+03 4.255590000000000146e+04 6.123250000000000000e+04 3.323119999999999709e+04 -1.366390000000000100e+03 -1.757379999999999995e+02 1.769040000000000146e+04 6.374979999999999563e+03 1.199100000000000000e+04 -2.219309999999999854e+04 3.655050000000000182e+03 9.527889999999999418e+03 1.680829999999999927e+04 1.076360000000000036e+04 5.194809999999999945e+02 5.810850000000000364e+03 1.224679999999999927e+04 1.115700000000000000e+04 1.487779999999999927e+04 6.650569999999999709e+03 8.441649999999999636e+03
-3.626390000000000000e+05 4.058410000000000000e+05 2.875660000000000000e+05 3.792430000000000000e+05 1.052580000000000000e+06 1.865460000000000000e+05 5.292130000000000291e+04 4.047030000000000291e+04 5.574019999999999709e+04 2.370370000000000073e+04 2.183209999999999854e+04 2.568020000000000073e+04 2.632220000000000073e+04 1.966229999999999927e+04 1.981159999999999854e+04 1.679640000000000146e+04 1.450139999999999964e+04 1.890009999999999854e+04 9.387110000000000582e+03 1.231710000000000036e+04 1.111910000000000036e+04 1.222970000000000073e+04 1.048739999999999964e+04 8.130810000000000400e+03 7.654369999999999891e+03 6.742310000000000400e+03 5.209279999999999745e+03 5.013439999999999600e+03 5.267210000000000036e+03 4.386470000000000255e+03 -1.192450000000000000e+05 -4.473550000000000000e+05 3.984190000000000000e+05 5.065650000000000000e+05 3.172330000000000000e+05 2.324470000000000000e+05 8.121330000000000291e+04 6.991350000000000000e+04 4.410440000000000146e+04 7.214310000000000582e+04 4.171869999999999709e+04 2.714000000000000000e+04 1.847070000000000073e+04 1.603500000000000000e+04 2.408400000000000000e+04 2.214970000000000073e+04 3.395500000000000000e+04 1.536860000000000036e+04 1.279970000000000073e+04 1.487000000000000000e+04 1.283039999999999964e+04 5.833329999999999927e+03 4.922199999999999818e+03 1.310460000000000036e+04 7.142220000000000255e+03 1.335089999999999964e+04 9.073609999999999900e+02 4.609409999999999854e+03 8.453540000000000873e+03 5.119069999999999709e+03 -2.340360000000000000e+05 5.132590000000000000e+05 2.323720000000000000e+05 1.793460000000000000e+05 -1.159850000000000000e+04 -1.038120000000000000e+05 1.825209999999999854e+04 8.082489999999999418e+04 8.535989999999999418e+04 8.898709999999999127e+03 1.755059999999999854e+04 4.798569999999999709e+04 1.244700000000000000e+04 2.586809999999999854e+04 1.436679999999999927e+04 3.203880000000000109e+03 -2.357559999999999945e+03 1.837920000000000073e+04 -8.999400000000000546e+02 8.854729999999999563e+03 9.609010000000000218e+03 4.016239999999999782e+03 1.431850000000000000e+04 5.328010000000000218e+03 8.552000000000000000e+03 7.488689999999999600e+03 4.544699999999999818e+03 1.823980000000000018e+03 -4.108369999999999891e+03 -7.819670000000000698e+01
-3.505740000000000000e+05 1.079710000000000000e+05 6.847080000000000291e+04 4.238890000000000146e+04 1.865460000000000000e+05 5.541440000000000000e+05 1.253080000000000000e+05 4.069640000000000146e+04 4.094419999999999709e+04 2.269520000000000073e+04 2.219709999999999854e+04 1.845250000000000000e+04 1.593450000000000000e+04 2.006420000000000073e+04 1.879329999999999927e+04 1.644179999999999927e+04 1.222179999999999927e+04 5.201579999999999927e+03 6.677069999999999709e+03 7.765140000000000327e+03 4.662750000000000000e+03 4.524510000000000218e+03 5.308779999999999745e+03 3.174420000000000073e+03 3.912849999999999909e+03 3.097800000000000182e+03 1.578700000000000045e+03 3.055190000000000055e+03 3.351550000000000182e+03 2.604480000000000018e+03 -6.162130000000000000e+05 -1.241700000000000000e+05 -8.734919999999999618e+02 1.209770000000000000e+05 1.513620000000000000e+05 1.579380000000000000e+05 1.392690000000000000e+05 3.987080000000000291e+04 1.612470000000000073e+04 2.749550000000000000e+04 2.267640000000000146e+04 1.646329999999999927e+04 1.141479999999999927e+04 1.787500000000000000e+04 1.789000000000000000e+04 2.025809999999999854e+04 1.120800000000000000e+04 1.327779999999999927e+04 7.614859999999999673e+03 6.210989999999999782e+03 7.835970000000000255e+03 4.727649999999999636e+03 5.594829999999999927e+03 4.048010000000000218e+03 -1.501650000000000091e+03 8.209180000000000291e+03 8.774379999999999200e+03 4.851560000000000400e+03 3.695570000000000164e+03 1.724970000000000027e+03 -1.857590000000000000e+05 -1.654720000000000000e+05 8.875889999999999418e+04 4.427829999999999927e+03 -6.489400000000000000e+04 9.597119999999999891e+02 -1.404320000000000073e+04 6.898660000000000582e+04 1.723450000000000000e+04 9.458719999999999345e+03 -1.273270000000000073e+04 2.183200000000000000e+04 2.578650000000000091e+02 1.052520000000000073e+04 1.054670000000000073e+04 5.749109999999999445e+02 4.376949999999999818e+03 1.353889999999999964e+04 1.340300000000000000e+04 1.096929999999999927e+04 1.379079999999999927e+04 1.042560000000000036e+04 1.616920000000000073e+04 3.136780000000000200e+03 1.487930000000000064e+03 -3.115190000000000055e+03 -3.596179999999999836e+03 -3.646239999999999782e+03 -2.817639999999999873e+03 -2.785510000000000218e+03
-8.937710000000000582e+04 1.004150000000000000e+05 4.262690000000000146e+04 -5.630209999999999582e+02 5.292130000000000291e+04 1.253080000000000000e+05 3.419060000000000000e+05 6.056880000000000291e+04 3.177259999999999854e+04 1.585629999999999927e+04 9.136379999999999200e+03 5.055510000000000218e+03 1.148039999999999964e+04 1.002039999999999964e+04 1.303450000000000000e+04 9.548579999999999927e+03 6.300670000000000073e+03 6.276510000000000218e+03 5.896880000000000109e+03 3.847920000000000073e+03 4.969369999999999891e+03 4.005869999999999891e+03 3.314269999999999982e+03 2.111489999999999782e+03 4.131199999999999818e+03 2.705400000000000091e+03 1.824319999999999936e+03 2.652670000000000073e+03 3.629849999999999909e+03 1.298609999999999900e+03 -5.167530000000000291e+04 -6.676329999999999927e+03 -2.526879999999999927e+04 -1.234039999999999964e+03 3.115290000000000146e+04 1.496700000000000000e+05 1.022850000000000000e+05 6.499509999999999854e+04 3.007550000000000000e+04 9.776420000000000073e+03 9.181200000000000728e+03 5.471109999999999673e+03 1.694890000000000146e+04 7.459439999999999600e+03 7.152850000000000364e+03 1.975959999999999854e+04 1.656650000000000000e+04 1.718540000000000146e+04 9.891670000000000073e+03 1.924950000000000045e+03 6.138720000000000255e+03 5.286600000000000364e+03 2.668300000000000182e+03 3.711530000000000200e+03 2.322510000000000218e+03 3.266159999999999854e+03 5.697949999999999818e+03 2.287019999999999982e+03 1.918640000000000100e+03 3.872480000000000018e+03 -1.750010000000000000e+05 4.890969999999999709e+04 8.989150000000000000e+04 -2.190020000000000073e+04 4.358580000000000291e+04 1.360689999999999964e+04 -2.366070000000000164e+03 1.554020000000000073e+04 6.169270000000000437e+03 1.187279999999999927e+04 -1.028239999999999964e+04 2.304200000000000000e+04 9.661790000000000873e+03 2.982110000000000127e+03 9.537020000000000437e+03 8.624270000000000437e+03 4.451649999999999636e+03 1.594680000000000064e+03 -9.151380000000000337e+02 1.936670000000000073e+03 6.969949999999999818e+03 4.989060000000000400e+03 8.818239999999999782e+03 4.572659999999999854e+03 -6.066359999999999673e+02 -6.767409999999999854e+03 5.173049999999999500e+02 4.384200000000000159e+02 -5.340819999999999936e+02 -4.835699999999999818e+03
2.452450000000000000e+05 1.061240000000000000e+05 9.526169999999999709e+04 1.071760000000000036e+04 4.047030000000000291e+04 4.069640000000000146e+04 6.056880000000000291e+04 2.070750000000000000e+05 5.166609999999999854e+04 1.764759999999999854e+04 8.358459999999999127e+03 8.920909999999999854e+03 1.002250000000000000e+04 1.042739999999999964e+04 5.390010000000000218e+03 5.251829999999999927e+03 5.677460000000000036e+03 7.624020000000000437e+03 6.459000000000000000e+03 5.920649999999999636e+03 4.703909999999999854e+03 5.812170000000000073e+03 3.855179999999999836e+03 2.415519999999999982e+03 3.967619999999999891e+03 2.713559999999999945e+03 1.275190000000000055e+03 1.978880000000000109e+03 2.530590000000000146e+03 1.052970000000000027e+03 -2.937420000000000000e+05 -6.653010000000000582e+04 -9.749569999999999709e+04 7.186580000000000291e+04 1.234429999999999927e+04 6.086640000000000146e+04 7.226539999999999418e+04 5.298019999999999709e+04 5.160580000000000291e+04 1.545300000000000000e+04 1.401079999999999927e+04 1.054270000000000073e+04 2.402859999999999854e+04 1.148620000000000073e+04 6.735569999999999709e+03 1.416110000000000036e+04 1.174279999999999927e+04 9.622350000000000364e+03 6.054289999999999964e+03 3.936780000000000200e+03 1.303960000000000036e+03 4.588369999999999891e+03 3.286409999999999854e+03 3.158059999999999945e+03 9.259940000000000282e+02 1.880660000000000082e+03 1.612390000000000100e+03 2.045029999999999973e+03 1.127229999999999990e+02 1.951539999999999964e+03 3.017279999999999927e+04 9.304880000000000291e+04 3.213579999999999927e+04 -1.190739999999999964e+04 -6.531580000000000291e+04 -2.140640000000000146e+04 5.194989999999999782e+03 -4.416090000000000146e+03 1.290150000000000000e+04 1.383630000000000109e+03 -7.179090000000000146e+03 1.221000000000000000e+04 -2.613050000000000182e+03 -5.295380000000000109e+03 4.123300000000000182e+03 -2.503880000000000109e+03 -1.374990000000000009e+03 5.902779999999999745e+03 5.259560000000000400e+03 -5.744779999999999518e+02 8.424400000000000546e+02 6.604880000000000109e+03 2.822130000000000109e+03 1.514089999999999918e+03 2.208980000000000018e+03 -1.781680000000000064e+03 2.316920000000000073e+02 9.739980000000000473e+02 -2.291370000000000005e+02 1.459990000000000009e+03
4.355880000000000291e+04 5.779230000000000291e+04 2.844790000000000146e+04 3.837250000000000000e+04 5.574019999999999709e+04 4.094419999999999709e+04 3.177259999999999854e+04 5.166609999999999854e+04 1.398660000000000000e+05 3.343190000000000146e+04 1.355320000000000073e+04 1.274970000000000073e+04 1.463500000000000000e+04 1.025329999999999927e+04 8.804600000000000364e+03 6.304979999999999563e+03 6.428079999999999927e+03 6.768039999999999964e+03 3.608590000000000146e+03 5.353850000000000364e+03 4.152300000000000182e+03 3.950000000000000000e+03 3.911530000000000200e+03 4.376520000000000437e+03 3.677449999999999818e+03 2.734250000000000000e+03 2.014450000000000045e+03 2.347469999999999800e+03 3.384130000000000109e+03 2.183139999999999873e+03 -4.009740000000000000e+05 -2.396260000000000218e+03 7.692730000000000291e+04 2.100250000000000000e+04 4.457200000000000000e+04 3.691230000000000291e+04 2.433150000000000000e+04 3.208190000000000146e+04 3.210929999999999927e+04 3.375450000000000000e+04 1.442600000000000000e+04 7.072279999999999745e+03 1.369679999999999927e+04 1.188710000000000036e+04 8.491649999999999636e+03 8.719170000000000073e+03 3.641210000000000036e+03 4.935430000000000291e+03 2.493760000000000218e+03 5.034039999999999964e+03 5.143069999999999709e+03 3.989760000000000218e+03 1.897569999999999936e+03 3.781280000000000200e+03 1.626849999999999909e+03 1.935099999999999909e+03 2.134219999999999800e+03 1.900259999999999991e+03 5.931399999999999864e+02 2.465509999999999877e+02 -2.308320000000000000e+05 -7.444089999999999418e+04 -1.534420000000000073e+04 2.153400000000000000e+04 -6.090800000000000000e+04 -5.856200000000000000e+04 5.773310000000000400e+03 1.535260000000000036e+04 2.825650000000000000e+04 7.103109999999999673e+03 3.142159999999999854e+03 2.023950000000000000e+04 9.519270000000000437e+03 -2.499130000000000109e+03 -2.042289999999999964e+03 -2.320730000000000018e+03 3.104090000000000146e+03 7.394409999999999854e+03 -1.424789999999999964e+03 2.010320000000000107e+02 2.896410000000000196e+02 2.434860000000000127e+03 9.482210000000000036e+02 -5.137540000000000191e+02 -1.995370000000000061e+02 5.598250000000000455e+02 1.177000000000000000e+03 -1.964389999999999930e+02 2.454039999999999964e+03 1.101700000000000045e+03
5.820509999999999854e+04 4.566239999999999782e+03 -2.528960000000000036e+03 1.498179999999999927e+04 2.370370000000000073e+04 2.269520000000000073e+04 1.585629999999999927e+04 1.764759999999999854e+04 3.343190000000000146e+04 7.441880000000000291e+04 1.879020000000000073e+04 8.940639999999999418e+03 6.609210000000000036e+03 6.698020000000000437e+03 4.971220000000000255e+03 3.097860000000000127e+03 5.744420000000000073e+03 3.396730000000000018e+03 3.456150000000000091e+03 3.938079999999999927e+03 3.171349999999999909e+03 2.460489999999999782e+03 3.949050000000000182e+03 2.908400000000000091e+03 1.873299999999999955e+03 2.340239999999999782e+03 1.019710000000000036e+03 1.052759999999999991e+03 2.202079999999999927e+03 1.599089999999999918e+03 -2.022790000000000000e+05 3.949800000000000000e+04 7.527949999999999818e+03 1.706309999999999854e+04 -1.048989999999999964e+04 1.044250000000000000e+04 1.149900000000000000e+04 1.379629999999999927e+04 3.188220000000000073e+04 2.386629999999999927e+04 2.070159999999999854e+04 3.543500000000000000e+03 3.954639999999999873e+03 3.070309999999999945e+03 5.143010000000000218e+03 5.789439999999999600e+03 1.824619999999999891e+03 6.047909999999999854e+03 1.632240000000000009e+03 3.769769999999999982e+03 3.374260000000000218e+03 3.227969999999999800e+03 1.622420000000000073e+03 3.402780000000000200e+03 1.772559999999999945e+03 2.485630000000000109e+03 3.293119999999999891e+03 2.201880000000000109e+03 6.662509999999999764e+02 -1.187729999999999997e+01 -1.149060000000000000e+05 -8.691440000000000509e+03 3.695969999999999709e+04 -1.012779999999999927e+04 -2.659029999999999927e+04 3.551769999999999982e+03 2.145709999999999854e+04 2.044770000000000073e+04 1.036129999999999927e+04 2.915110000000000127e+03 1.366980000000000018e+03 -3.743549999999999756e+01 -1.550069999999999936e+03 -1.733369999999999891e+03 -3.512369999999999891e+03 -3.360179999999999836e+03 -1.202150000000000091e+03 2.225309999999999945e+03 -3.373079999999999927e+03 -3.139030000000000200e+03 -1.442920000000000073e+03 -1.137849999999999909e+03 -2.862159999999999854e+03 7.143319999999999936e+01 3.097050000000000182e+03 1.706490000000000009e+02 2.199670000000000073e+03 -2.636190000000000282e+02 1.158000000000000000e+03 1.801230000000000018e+03
-7.268960000000000582e+04 3.294450000000000000e+04 -3.653780000000000200e+03 6.929479999999999563e+03 2.183209999999999854e+04 2.219709999999999854e+04 9.136379999999999200e+03 8.358459999999999127e+03 1.355320000000000073e+04 1.879020000000000073e+04 5.483250000000000000e+04 1.352229999999999927e+04 5.885739999999999782e+03 6.421210000000000036e+03 7.861010000000000218e+03 4.438180000000000291e+03 5.082500000000000000e+03 3.007210000000000036e+03 2.732119999999999891e+03 2.921719999999999800e+03 2.402659999999999854e+03 3.029260000000000218e+03 3.080199999999999818e+03 2.155860000000000127e+03 1.395849999999999909e+03 1.761170000000000073e+03 1.367440000000000055e+03 1.448960000000000036e+03 1.413500000000000000e+03 1.042569999999999936e+03 -1.556200000000000000e+05 4.772550000000000000e+04 8.577550000000000000e+04 7.731720000000000255e+03 1.150939999999999964e+04 4.102529999999999745e+03 4.462400000000000091e+02 7.988630000000000564e+02 -5.780560000000000400e+02 1.360010000000000036e+04 1.037770000000000073e+04 9.848579999999999927e+03 5.678539999999999964e+03 5.938979999999999563e+03 5.845939999999999600e+03 4.289720000000000255e+03 1.970549999999999955e+03 1.797990000000000009e+03 1.024769999999999982e+03 4.003929999999999723e+01 -9.139790000000000418e+02 2.203199999999999818e+03 2.157110000000000127e+03 2.311469999999999800e+03 1.318569999999999936e+03 3.423750000000000000e+02 8.771630000000000109e+02 1.329680000000000064e+03 5.577150000000000318e+02 -9.759700000000000042e-01 -2.023530000000000000e+05 -1.867890000000000000e+05 -7.024519999999999982e+02 -2.270789999999999864e+01 -7.062189999999999600e+03 6.717800000000000182e+03 3.943230000000000018e+03 -1.041400000000000000e+04 1.474900000000000091e+03 1.140800000000000000e+04 3.045260000000000218e+03 -4.082000000000000000e+03 4.316829999999999927e+03 -2.109179999999999836e+03 7.590829999999999700e+02 2.591440000000000055e+03 1.593039999999999964e+03 2.436829999999999927e+03 -1.776579999999999927e+03 1.125000000000000000e+03 1.210579999999999927e+03 3.748659999999999854e+02 1.404400000000000091e+03 6.921599999999999682e+02 1.760430000000000064e+03 3.016590000000000146e+03 1.286549999999999955e+03 -1.253710000000000036e+03 1.601229999999999905e+02 -1.180099999999999909e+03
7.878369999999999709e+04 1.147680000000000000e+05 3.799090000000000146e+04 1.523289999999999964e+04 2.568020000000000073e+04 1.845250000000000000e+04 5.055510000000000218e+03 8.920909999999999854e+03 1.274970000000000073e+04 8.940639999999999418e+03 1.352229999999999927e+04 3.785780000000000291e+04 1.067429999999999927e+04 5.339770000000000437e+03 4.427319999999999709e+03 2.602230000000000018e+03 4.168300000000000182e+03 2.893800000000000182e+03 2.281360000000000127e+03 2.747429999999999836e+03 1.482130000000000109e+03 1.717190000000000055e+03 1.756730000000000018e+03 1.920670000000000073e+03 9.509230000000000018e+02 1.568750000000000000e+03 1.230670000000000073e+03 8.939260000000000446e+02 1.133779999999999973e+03 6.051490000000000009e+02 1.927950000000000000e+05 1.115330000000000000e+05 6.019180000000000291e+04 2.547550000000000000e+04 -1.015639999999999964e+04 1.282750000000000000e+04 8.684680000000000291e+03 2.178259999999999854e+04 1.414039999999999964e+04 1.411779999999999927e+04 1.207010000000000036e+04 4.440590000000000146e+03 7.572460000000000036e+03 5.760270000000000437e+03 4.786430000000000291e+03 5.652240000000000464e+02 9.586539999999999964e+02 2.081420000000000073e+03 3.409820000000000164e+03 1.601259999999999991e+03 2.517909999999999854e+03 2.812829999999999927e+03 1.758670000000000073e+03 1.331730000000000018e+03 6.209439999999999600e+02 -6.334669999999999845e+02 8.168909999999999627e+02 1.201390000000000100e+03 1.384970000000000141e+02 9.507949999999999591e+02 9.549250000000000000e+04 5.058990000000000146e+04 -1.568000000000000000e+04 4.526630000000000109e+03 -6.118529999999999745e+03 -2.749789999999999964e+03 1.999129999999999927e+04 1.669920000000000073e+04 -1.743329999999999927e+03 -8.307839999999999918e+02 9.236820000000000164e+02 3.388650000000000091e+03 -2.289349999999999909e+03 -3.440459999999999923e+02 5.642519999999999527e+02 -3.467509999999999764e+02 -5.528360000000000127e+02 2.225849999999999909e+03 1.717759999999999991e+03 1.437710000000000036e+03 6.389450000000000074e+01 -2.106399999999999864e+02 -1.023250000000000000e+03 5.128160000000000309e+02 1.038640000000000100e+03 1.113339999999999918e+03 3.304950000000000045e+02 -1.086019999999999982e+03 -4.406880000000000308e+01 -1.531940000000000055e+03
6.073159999999999854e+04 6.926330000000000291e+04 6.417460000000000036e+03 1.419920000000000073e+04 2.632220000000000073e+04 1.593450000000000000e+04 1.148039999999999964e+04 1.002250000000000000e+04 1.463500000000000000e+04 6.609210000000000036e+03 5.885739999999999782e+03 1.067429999999999927e+04 3.175000000000000000e+04 9.961770000000000437e+03 5.028420000000000073e+03 3.875679999999999836e+03 3.175360000000000127e+03 2.713949999999999818e+03 2.726880000000000109e+03 2.435840000000000146e+03 2.048679999999999836e+03 1.885480000000000018e+03 2.104250000000000000e+03 2.227900000000000091e+03 1.410710000000000036e+03 2.009440000000000055e+03 1.201440000000000055e+03 1.369480000000000018e+03 1.571829999999999927e+03 1.212609999999999900e+03 1.012000000000000000e+05 3.538159999999999854e+04 4.346619999999999709e+04 3.528200000000000000e+04 9.286500000000000000e+03 2.410400000000000000e+04 1.634000000000000000e+04 1.900679999999999927e+04 1.144529999999999927e+04 1.403110000000000036e+04 5.072100000000000364e+03 1.233729999999999927e+04 6.662329999999999927e+03 7.331470000000000255e+03 5.270380000000000109e+03 3.995289999999999964e+03 2.470139999999999873e+03 9.783550000000000182e+02 3.646460000000000036e+03 3.015199999999999818e+03 1.562779999999999973e+03 1.999809999999999945e+03 2.006339999999999918e+03 1.987000000000000000e+03 2.728790000000000191e+02 7.162219999999999800e+02 1.649849999999999909e+03 2.027359999999999900e+03 1.366589999999999918e+03 8.743200000000000500e+02 2.514359999999999854e+04 4.306519999999999709e+04 7.032750000000000000e+04 3.575259999999999854e+04 -2.641490000000000146e+04 -1.095939999999999964e+04 1.711809999999999854e+04 1.061429999999999927e+04 3.412800000000000182e+03 9.107519999999999527e+02 1.153720000000000027e+03 6.300000000000000000e+02 6.582740000000000009e+02 -5.527029999999999745e+02 1.280789999999999964e+03 1.985329999999999927e+03 1.340929999999999893e+02 2.403889999999999873e+03 1.493089999999999975e+02 8.574160000000000537e+02 3.051310000000000144e+01 2.219339999999999975e+02 1.853779999999999973e+03 1.069819999999999936e+03 9.203039999999999736e+02 5.519270000000000209e+01 -5.930030000000000001e+01 -1.760910000000000082e+02 4.066170000000000186e+02 7.555370000000000346e+02
-1.222600000000000000e+04 4.697719999999999709e+04 1.496220000000000073e+04 1.265900000000000000e+04 1.966229999999999927e+04 2.006420000000000073e+04 1.002039999999999964e+04 1.042739999999999964e+04 1.025329999999999927e+04 6.698020000000000437e+03 6.421210000000000036e+03 5.339770000000000437e+03 9.961770000000000437e+03 2.577479999999999927e+04 8.334319999999999709e+03 4.260739999999999782e+03 5.124609999999999673e+03 3.081570000000000164e+03 3.133030000000000200e+03 2.787510000000000218e+03 2.374760000000000218e+03 2.835260000000000218e+03 2.941550000000000182e+03 2.070960000000000036e+03 1.818150000000000091e+03 1.924240000000000009e+03 1.117680000000000064e+03 1.801480000000000018e+03 1.979309999999999945e+03 1.313670000000000073e+03 -1.740100000000000000e+05 -1.332320000000000073e+04 -1.591369999999999891e+03 2.159979999999999927e+04 8.868030000000000655e+03 1.884900000000000000e+04 3.556920000000000073e+03 5.040029999999999745e+03 1.176389999999999964e+04 1.062750000000000000e+04 2.286889999999999873e+03 6.254130000000000109e+03 7.284079999999999927e+03 5.152039999999999964e+03 5.173119999999999891e+03 1.781529999999999973e+03 2.240800000000000182e+03 3.318400000000000091e+03 3.091000000000000000e+03 1.782049999999999955e+03 8.579329999999999927e+02 1.977180000000000064e+03 1.447079999999999927e+03 2.426519999999999982e+03 1.852250000000000000e+03 1.161970000000000027e+03 1.741920000000000073e+03 1.818380000000000109e+03 1.538349999999999909e+03 6.912350000000000136e+02 -1.029160000000000000e+05 -2.678909999999999854e+03 1.487670000000000073e+04 1.899609999999999854e+04 -3.380319999999999709e+04 -3.082630000000000109e+03 1.634100000000000000e+04 1.738029999999999973e+03 7.573140000000000327e+03 -1.086880000000000109e+03 4.204520000000000437e+03 1.719230000000000018e+03 2.122289999999999964e+03 3.736949999999999818e+03 7.490940000000000509e+02 5.297839999999999918e+02 4.204039999999999964e+03 1.439730000000000018e+03 -2.958450000000000273e+02 9.191860000000000355e+02 -1.682700000000000045e+03 -5.087620000000000005e+02 1.765940000000000055e+03 2.152460000000000093e+02 9.977960000000000491e+02 -3.783690000000000282e+02 -1.608200000000000045e+03 -1.032529999999999973e+03 8.305579999999999927e+02 -1.636550000000000011e+02
-1.518679999999999927e+04 3.289369999999999709e+04 2.524220000000000073e+04 1.770679999999999927e+04 1.981159999999999854e+04 1.879329999999999927e+04 1.303450000000000000e+04 5.390010000000000218e+03 8.804600000000000364e+03 4.971220000000000255e+03 7.861010000000000218e+03 4.427319999999999709e+03 5.028420000000000073e+03 8.334319999999999709e+03 2.143250000000000000e+04 6.568770000000000437e+03 4.478170000000000073e+03 3.235630000000000109e+03 2.483530000000000200e+03 2.684510000000000218e+03 1.822819999999999936e+03 2.194289999999999964e+03 2.232719999999999800e+03 1.797869999999999891e+03 1.491609999999999900e+03 1.635329999999999927e+03 1.362329999999999927e+03 1.227690000000000055e+03 1.474430000000000064e+03 1.165220000000000027e+03 -1.007260000000000000e+05 6.002830000000000155e+02 2.712259999999999854e+04 2.633309999999999854e+04 2.002150000000000000e+04 1.861350000000000000e+04 8.686729999999999563e+03 2.696710000000000036e+03 7.261319999999999709e+03 8.511549999999999272e+03 3.468659999999999854e+03 3.671329999999999927e+03 6.247960000000000036e+03 7.832840000000000146e+03 4.400529999999999745e+03 5.039609999999999673e+03 3.107110000000000127e+03 3.605110000000000127e+03 1.858089999999999918e+03 2.256230000000000018e+03 1.661559999999999945e+03 1.374210000000000036e+03 1.759329999999999927e+03 2.407769999999999982e+03 9.171250000000000000e+02 1.977259999999999991e+03 1.358369999999999891e+03 2.186099999999999909e+03 9.488709999999999809e+02 4.627769999999999868e+02 -2.866900000000000000e+04 2.151509999999999854e+04 -5.755440000000000146e+04 1.079450000000000000e+04 -4.891209999999999854e+04 -6.364310000000000400e+03 1.501889999999999964e+04 3.940699999999999818e+03 2.147469999999999800e+03 6.699250000000000000e+03 4.235829999999999927e+03 4.997350000000000364e+03 1.810339999999999918e+03 1.868519999999999982e+03 4.354420000000000073e+03 2.317860000000000127e+03 1.623170000000000073e+03 1.424440000000000055e+03 1.163210000000000036e+03 1.444140000000000100e+03 1.315230000000000018e+03 3.970869999999999891e+02 1.283420000000000073e+03 1.214789999999999964e+03 6.224260000000000446e+02 -6.857799999999999727e+02 7.699490000000000123e+01 1.302439999999999998e+02 3.371190000000000282e+02 -3.961120000000000232e+02
-1.179770000000000073e+04 4.647469999999999709e+04 -2.407360000000000127e+03 1.759759999999999854e+04 1.679640000000000146e+04 1.644179999999999927e+04 9.548579999999999927e+03 5.251829999999999927e+03 6.304979999999999563e+03 3.097860000000000127e+03 4.438180000000000291e+03 2.602230000000000018e+03 3.875679999999999836e+03 4.260739999999999782e+03 6.568770000000000437e+03 1.579620000000000073e+04 4.829649999999999636e+03 2.008039999999999964e+03 2.256030000000000200e+03 1.745099999999999909e+03 1.573490000000000009e+03 1.691150000000000091e+03 1.924079999999999927e+03 1.412730000000000018e+03 9.601190000000000282e+02 1.159119999999999891e+03 1.106569999999999936e+03 7.998170000000000073e+02 8.679320000000000164e+02 8.310769999999999982e+02 -6.169980000000000291e+04 2.169929999999999927e+04 1.082139999999999964e+04 1.046620000000000073e+04 1.362129999999999927e+04 7.069659999999999854e+03 2.426789999999999964e+03 -4.554940000000000282e+02 8.278149999999999636e+03 6.437229999999999563e+03 4.046699999999999818e+03 5.973659999999999854e+03 4.198659999999999854e+03 4.107609999999999673e+03 3.523590000000000146e+03 1.672380000000000109e+03 3.941239999999999782e+03 1.116720000000000027e+03 3.073700000000000045e+02 1.392880000000000109e+03 2.418010000000000218e+03 5.718999999999999773e+02 7.326770000000000209e+02 8.599189999999999827e+02 1.293200000000000045e+03 1.419359999999999900e+03 4.827010000000000218e+02 7.632780000000000200e+02 3.539039999999999964e+02 6.235529999999999973e+02 -1.140940000000000000e+05 -3.694619999999999709e+04 5.249279999999999745e+03 1.851529999999999927e+04 -2.141320000000000073e+04 -1.353979999999999927e+04 5.697890000000000327e+03 4.829579999999999927e+03 6.756479999999999563e+03 5.338539999999999964e+03 3.974529999999999745e+02 2.580400000000000091e+03 1.827519999999999982e+03 4.381619999999999777e+02 -2.985910000000000082e+02 1.966020000000000039e+02 1.233900000000000041e+01 1.291299999999999955e+03 -4.923790000000000333e+01 2.847320000000000277e+02 8.574130000000000109e+02 8.013619999999999663e+02 2.770600000000000023e+02 9.196689999999999827e+02 -8.433039999999999736e+01 4.378699999999999903e+01 -8.481870000000000687e+01 2.616349999999999909e+02 8.313600000000000136e+02 -1.994079999999999870e+02
-5.636750000000000000e+03 6.642770000000000437e+03 9.148940000000000509e+03 9.857389999999999418e+03 1.450139999999999964e+04 1.222179999999999927e+04 6.300670000000000073e+03 5.677460000000000036e+03 6.428079999999999927e+03 5.744420000000000073e+03 5.082500000000000000e+03 4.168300000000000182e+03 3.175360000000000127e+03 5.124609999999999673e+03 4.478170000000000073e+03 4.829649999999999636e+03 1.265429999999999927e+04 3.203550000000000182e+03 2.201349999999999909e+03 1.975799999999999955e+03 1.892730000000000018e+03 2.111059999999999945e+03 2.029710000000000036e+03 1.303329999999999927e+03 1.242789999999999964e+03 1.461230000000000018e+03 8.491670000000000300e+02 9.489030000000000200e+02 1.242500000000000000e+03 8.782019999999999982e+02 -9.118069999999999709e+04 1.555970000000000073e+04 1.301770000000000073e+04 1.184430000000000064e+03 3.136119999999999891e+03 5.156420000000000073e+03 -1.959829999999999927e+03 2.163170000000000073e+03 5.652970000000000255e+03 7.698819999999999709e+03 1.178460000000000036e+03 3.134750000000000000e+03 1.466750000000000000e+03 1.658970000000000027e+03 2.872929999999999836e+03 3.294909999999999854e+03 1.572059999999999945e+03 2.810159999999999854e+03 1.673779999999999973e+03 1.810490000000000009e+03 1.398099999999999909e+03 1.223500000000000000e+03 8.073010000000000446e+02 9.190480000000000018e+02 8.771280000000000427e+02 5.443400000000000318e+02 7.055439999999999827e+02 8.767400000000000091e+02 1.183500000000000000e+03 6.314360000000000355e+02 -4.184409999999999854e+04 9.467119999999999891e+02 3.881359999999999854e+04 1.893470000000000073e+04 2.127090000000000146e+03 4.780319999999999709e+03 4.366619999999999891e+03 5.639619999999999891e+03 7.034720000000000255e+03 4.192000000000000000e+03 1.023370000000000005e+03 -1.803940000000000055e+02 -2.685670000000000073e+03 1.642740000000000009e+03 -3.829449999999999932e+02 -1.142210000000000036e+03 1.660390000000000100e+03 1.899849999999999909e+03 4.572429999999999950e+02 8.962599999999999909e+02 -1.255480000000000018e+02 5.116309999999999718e+02 6.370270000000000437e+02 5.126090000000000373e+02 -3.911290000000000191e+02 2.909060000000000059e+02 -5.565579999999999927e+02 -1.025859999999999985e+02 2.048489999999999895e+02 -3.431779999999999973e+02
