3.610640000000000000e+07 4.387170000000000000e+06 -4.839870000000000000e+05 3.681150000000000000e+04 1.196810000000000000e+05 2.179600000000000000e+05 1.879690000000000000e+05 6.094719999999999709e+04 2.235940000000000146e+04 4.951409999999999854e+04 1.800000000000000000e+04 -5.285630000000000109e+03 4.067809999999999945e+03 5.221180000000000291e+04 -1.687470000000000073e+04 2.303720000000000073e+04 2.065720000000000073e+04 8.173199999999999818e+03 -2.564720000000000073e+04 -1.089870000000000073e+04 6.574270000000000437e+03 -1.229850000000000000e+04 8.178420000000000073e+03 2.281130000000000109e+03 6.213790000000000191e+02 2.004349999999999909e+03 1.609720000000000073e+04 1.309150000000000000e+04 8.420680000000000291e+03 4.337590000000000146e+03 1.551240000000000000e+07 3.295850000000000000e+06 -1.583170000000000000e+06 4.855900000000000000e+05 4.016470000000000000e+05 1.208910000000000000e+05 5.379890000000000146e+04 -3.646650000000000000e+04 -6.039800000000000000e+04 1.527040000000000000e+05 4.643390000000000146e+04 -1.402850000000000000e+05 3.330330000000000291e+04 3.784890000000000146e+04 -3.628709999999999854e+04 6.739460000000000582e+04 7.795869999999999709e+04 -2.352720000000000073e+04 -7.197079999999999927e+03 5.675770000000000437e+03 3.526680000000000291e+04 3.186740000000000146e+04 -1.925140000000000146e+04 -8.624889999999999418e+03 2.333509999999999854e+04 1.311729999999999927e+04 -2.143290000000000146e+04 -1.327430000000000064e+03 1.751420000000000073e+04 -1.540150000000000000e+04 -4.742720000000000000e+06 1.989240000000000000e+05 4.804420000000000000e+05 -5.352370000000000000e+05 -3.522030000000000000e+05 -3.102840000000000146e+04 -6.482110000000000000e+05 -1.675410000000000000e+05 -9.930039999999999418e+04 9.368710000000000582e+04 1.755620000000000073e+04 4.406290000000000146e+04 -3.399199999999999818e+03 -1.668400000000000000e+04 2.507450000000000000e+04 7.528419999999999709e+04 8.863039999999999418e+04 -6.023130000000000291e+04 7.426739999999999418e+04 -3.512559999999999854e+04 -3.146470000000000073e+04 -8.654650000000000000e+04 -1.177910000000000036e+04 -3.738519999999999709e+04 1.505029999999999927e+04 1.308860000000000036e+04 -1.988769999999999982e+03 2.071570000000000073e+04 4.198779999999999745e+03 -1.509689999999999964e+04
4.387170000000000000e+06 1.306750000000000000e+07 1.647340000000000000e+06 2.695409999999999854e+04 1.677660000000000000e+05 8.945350000000000000e+04 2.554720000000000073e+04 2.262970000000000073e+04 1.982159999999999854e+04 -1.499510000000000036e+04 -2.112550000000000000e+04 -1.656659999999999854e+04 1.823220000000000073e+04 -1.149489999999999964e+04 -1.460710000000000036e+04 1.133979999999999927e+04 4.267210000000000036e+03 -1.387750000000000000e+04 1.161979999999999927e+04 8.071210000000000036e+03 -2.495179999999999836e+03 -6.353439999999999600e+03 8.477829999999999927e+03 1.376470000000000027e+03 1.464650000000000091e+03 6.598550000000000182e+03 -5.487960000000000036e+03 3.880679999999999836e+03 2.529420000000000073e+03 3.585439999999999827e+02 3.163520000000000000e+06 1.262340000000000000e+07 6.354700000000000000e+05 -1.775510000000000000e+05 1.572000000000000000e+05 2.094900000000000000e+05 1.601960000000000000e+05 1.075420000000000000e+05 -7.560359999999999673e+03 2.172400000000000000e+04 4.621709999999999854e+04 -3.041550000000000000e+04 1.478329999999999927e+04 4.575580000000000291e+04 5.096340000000000146e+04 4.079800000000000000e+04 4.799780000000000291e+04 3.706800000000000000e+04 3.506230000000000291e+04 2.014079999999999927e+04 2.466779999999999927e+04 2.577200000000000000e+04 -8.031279999999999745e+03 -1.832240000000000146e+04 1.550979999999999927e+04 1.014739999999999964e+04 1.871640000000000146e+04 -1.694799999999999955e+03 -6.040739999999999782e+03 2.382839999999999918e+02 2.934840000000000000e+05 1.394950000000000000e+06 -5.998350000000000000e+05 -9.668350000000000000e+05 6.483600000000000000e+04 -2.039100000000000000e+04 -1.587650000000000000e+05 -2.635430000000000000e+05 -1.789230000000000000e+05 -1.451140000000000000e+05 5.218559999999999854e+04 2.887829999999999927e+04 -3.766900000000000000e+04 3.905159999999999854e+04 6.641710000000000582e+04 4.485580000000000291e+04 4.269840000000000146e+04 7.453519999999999709e+04 4.860630000000000291e+04 2.872609999999999854e+04 7.355270000000000437e+03 1.942220000000000027e+03 -1.687250000000000000e+04 -6.229569999999999709e+03 1.458920000000000073e+04 -1.535559999999999945e+03 -1.288820000000000073e+04 4.213930000000000291e+03 -7.838170000000000073e+03 1.158100000000000000e+04
-4.839870000000000000e+05 1.647340000000000000e+06 3.996400000000000000e+06 6.602390000000000000e+05 6.882360000000000582e+04 8.573819999999999709e+04 -6.006229999999999563e+03 2.554140000000000146e+04 5.519390000000000327e+03 2.826750000000000000e+04 1.340239999999999964e+04 7.274960000000000036e+03 1.542310000000000036e+04 -6.536739999999999782e+03 -3.116590000000000146e+03 4.795710000000000036e+03 1.255539999999999964e+04 1.622619999999999891e+03 2.403449999999999818e+03 2.433600000000000136e+02 -1.985619999999999891e+03 4.510010000000000218e+03 6.609569999999999936e+02 -3.706340000000000146e+03 -8.624439999999999884e+01 2.711380000000000109e+03 -2.808909999999999854e+03 4.516650000000000205e+02 -3.655260000000000218e+03 -4.278829999999999927e+03 -5.084110000000000000e+05 2.573220000000000000e+06 3.703110000000000000e+06 4.636160000000000000e+05 -1.181780000000000000e+05 1.686950000000000000e+05 -2.389700000000000000e+04 -1.444270000000000073e+04 -6.380890000000000146e+04 -2.729329999999999927e+04 -1.851179999999999927e+04 -1.579289999999999964e+03 -1.009400000000000000e+04 -6.293470000000000255e+03 -5.927270000000000039e-01 3.427300000000000182e+03 -3.393750000000000000e+03 6.721710000000000036e+03 1.588670000000000073e+04 6.942689999999999600e+03 1.048850000000000000e+04 1.614479999999999927e+04 4.581449999999999818e+03 -4.905949999999999818e+03 5.686229999999999563e+03 7.968300000000000182e+03 1.389079999999999927e+04 1.001470000000000073e+04 9.010639999999999418e+03 1.175539999999999964e+04 2.801250000000000000e+04 1.710370000000000000e+06 6.637760000000000000e+05 -7.539910000000000000e+05 8.183430000000000291e+04 -3.109279999999999927e+04 -1.154410000000000036e+04 -7.999630000000000291e+04 -6.235280000000000291e+04 -5.819280000000000291e+04 2.229750000000000000e+04 3.084450000000000000e+04 4.287530000000000291e+04 2.819520000000000073e+04 1.692990000000000146e+04 5.687770000000000437e+03 -1.484770000000000073e+04 1.702809999999999854e+04 -1.185179999999999927e+04 -1.107020000000000073e+04 4.137119999999999891e+03 -7.039349999999999454e+02 -1.337570000000000073e+04 1.508940000000000055e+03 7.884329999999999927e+03 -6.176449999999999818e+03 6.431449999999999818e+03 9.107389999999999418e+03 1.489049999999999955e+03 -7.075680000000000291e+03
3.681150000000000000e+04 2.695409999999999854e+04 6.602390000000000000e+05 1.583930000000000000e+06 2.786180000000000000e+05 6.336779999999999745e+03 -1.872829999999999927e+04 1.053689999999999964e+04 2.049190000000000146e+04 3.034009999999999854e+04 4.795609999999999928e+01 -2.478179999999999836e+03 5.181020000000000437e+03 -1.076129999999999927e+04 -5.318409999999999854e+03 -6.797010000000000218e+02 4.227170000000000073e+03 -1.506370000000000005e+02 5.469630000000000109e+03 1.598899999999999864e+02 1.722130000000000109e+03 3.283300000000000182e+03 3.900289999999999964e+03 -3.557039999999999964e+03 -5.294619999999999891e+02 2.376730000000000018e+03 1.625180000000000064e+03 -2.165910000000000082e+02 -2.658650000000000091e+02 9.552019999999999982e+02 -8.221280000000000000e+05 1.690630000000000000e+05 6.824800000000000000e+05 1.459620000000000000e+06 8.607180000000000291e+04 -6.906680000000000291e+04 -1.058640000000000000e+05 -1.074300000000000000e+04 1.015720000000000073e+04 -8.622850000000000364e+03 -5.440880000000000109e+03 5.225760000000000218e+02 -2.070630000000000109e+03 -2.283050000000000000e+04 5.625180000000000291e+03 1.791979999999999927e+04 2.013320000000000073e+04 -5.193800000000000182e+03 -3.014590000000000146e+03 2.665090000000000146e+03 -1.098559999999999945e+03 1.467729999999999927e+04 -3.312659999999999854e+03 1.873160000000000082e+03 6.619389999999999645e+02 6.115970000000000255e+03 5.145089999999999719e+01 6.350470000000000255e+03 2.956480000000000018e+03 1.306809999999999945e+03 -5.613819999999999709e+04 2.282750000000000000e+05 6.239680000000000000e+05 -6.386369999999999709e+04 -2.744490000000000000e+05 -1.506260000000000000e+05 -9.103960000000000582e+04 -1.859700000000000000e+04 7.105180000000000291e+03 4.133649999999999636e+03 -4.815340000000000146e+03 -9.735659999999999854e+03 -2.096909999999999854e+04 2.245709999999999854e+04 -8.843730000000000473e+02 -2.030779999999999927e+04 1.484739999999999964e+04 1.129380000000000109e+03 5.984970000000000255e+03 6.342180000000000291e+03 1.145320000000000073e+04 7.685479999999999563e+03 -2.927550000000000182e+03 3.970070000000000164e+03 -7.723050000000000182e+03 -9.180840000000000146e+03 2.237829999999999927e+03 2.882780000000000200e+03 1.043679999999999927e+04 1.251320000000000073e+04
1.196810000000000000e+05 1.677660000000000000e+05 6.882360000000000582e+04 2.786180000000000000e+05 6.487820000000000000e+05 9.156669999999999709e+04 8.575209999999999127e+03 1.720840000000000146e+04 3.004790000000000146e+04 1.150789999999999964e+04 9.142659999999999854e+03 6.351890000000000327e+03 1.950960000000000036e+03 -1.555190000000000055e+03 -4.416880000000000109e+03 -3.966739999999999782e+02 3.541589999999999918e+02 -1.629319999999999879e+02 2.782530000000000200e+03 4.191729999999999563e+03 2.439869999999999891e+03 2.818079999999999927e+02 1.696210000000000036e+03 -9.768160000000000309e+02 -1.118640000000000100e+03 1.212359999999999900e+03 1.987490000000000009e+03 1.374309999999999945e+03 1.230240000000000009e+03 -3.464490000000000123e+02 -5.269620000000000000e+05 4.165240000000000000e+05 1.665760000000000000e+05 4.059590000000000000e+05 6.118500000000000000e+05 6.440150000000000000e+04 -1.140029999999999927e+04 7.420909999999999854e+03 3.097809999999999854e+04 3.856730000000000018e+03 2.720209999999999854e+04 1.081660000000000036e+04 -3.553790000000000191e+02 -8.585469999999999345e+03 -8.380540000000000873e+03 -8.989340000000000146e+03 5.687359999999999900e+02 -2.158230000000000018e+03 1.896880000000000109e+03 8.229579999999999700e+02 2.654769999999999982e+03 1.057310000000000036e+04 3.983969999999999800e+03 5.091670000000000073e+03 1.428880000000000109e+03 3.891320000000000164e+03 2.820139999999999873e+03 2.678759999999999764e+02 -6.027290000000000418e+02 1.205150000000000091e+03 6.091690000000000146e+04 1.815630000000000000e+05 -8.850650000000000000e+04 -7.320039999999999418e+04 9.172719999999999709e+04 -1.135079999999999927e+04 2.314470000000000073e+04 -2.281740000000000146e+04 -1.698529999999999927e+04 1.113180000000000064e+03 4.420159999999999854e+04 5.124670000000000073e+03 4.814810000000000400e+03 4.684689999999999600e+03 5.896229999999999563e+03 -4.951390000000000100e+02 1.863840000000000146e+04 8.896589999999999918e+02 3.246039999999999964e+03 -2.829380000000000109e+03 -1.489059999999999945e+03 1.040460000000000036e+03 1.044739999999999964e+04 1.667140000000000100e+03 -4.879850000000000364e+03 -1.205570000000000022e+02 2.004349999999999909e+03 7.848390000000000555e+02 1.835800000000000098e+00 5.993550000000000182e+02
2.179600000000000000e+05 8.945350000000000000e+04 8.573819999999999709e+04 6.336779999999999745e+03 9.156669999999999709e+04 3.407220000000000000e+05 4.143219999999999709e+04 1.060089999999999964e+04 3.210159999999999854e+03 -7.889739999999999782e+03 -1.344099999999999909e+03 1.474710000000000036e+03 3.313010000000000218e+03 6.319220000000000255e+02 2.504969999999999800e+03 -8.448790000000000191e+02 4.561659999999999968e+02 -1.633589999999999918e+03 2.215049999999999955e+02 6.277179999999999609e+02 9.726779999999999973e+02 -9.466290000000000191e+02 1.085650000000000091e+03 1.313180000000000064e+03 3.549820000000000277e+02 3.891140000000000043e+01 -3.857300000000000182e+02 7.605779999999999745e+02 5.617870000000000346e+02 -4.940860000000000127e+02 2.543100000000000000e+05 1.330270000000000000e+05 7.742050000000000000e+04 6.763069999999999709e+03 1.909640000000000000e+05 3.220670000000000000e+05 2.885479999999999927e+04 1.832359999999999854e+04 1.491479999999999927e+04 -2.309969999999999800e+03 -1.051329999999999927e+04 7.458680000000000518e+02 8.470500000000000000e+03 1.811470000000000027e+03 6.323119999999999891e+03 1.131000000000000000e+03 -5.155319999999999709e+03 -7.302469999999999573e+01 -9.831079999999999472e+02 2.210440000000000055e+03 1.843119999999999891e+03 -4.464470000000000027e+02 2.051780000000000200e+03 2.546100000000000136e+02 2.740860000000000127e+03 -1.223199999999999932e+02 3.504679999999999836e+03 8.349379999999999882e+02 1.635309999999999945e+03 1.706430000000000064e+03 1.470300000000000000e+05 -1.136450000000000000e+05 1.509329999999999927e+04 -6.969789999999999418e+04 7.011369999999999709e+04 1.006490000000000000e+05 -2.811320000000000073e+04 -1.334410000000000036e+04 4.771789999999999964e+03 6.821120000000000516e+01 3.604300000000000182e+03 5.923630000000000109e+03 4.838510000000000218e+03 8.730430000000000291e+03 6.178680000000000291e+03 1.860759999999999991e+03 -9.033420000000000073e+03 1.408000000000000000e+03 1.716970000000000027e+03 3.761699999999999818e+03 2.189369999999999891e+03 -3.946530000000000200e+03 6.121050000000000182e+03 4.252420000000000073e+03 1.284300000000000068e+02 1.584789999999999964e+03 -1.921160000000000082e+03 -1.606839999999999918e+03 -1.400970000000000027e+03 -7.089130000000000109e+02
1.879690000000000000e+05 2.554720000000000073e+04 -6.006229999999999563e+03 -1.872829999999999927e+04 8.575209999999999127e+03 4.143219999999999709e+04 1.929670000000000000e+05 3.793419999999999709e+04 7.641380000000000109e+03 -6.446359999999999673e+02 3.142980000000000018e+03 5.881140000000000327e+03 3.262139999999999873e+03 2.293929999999999836e+03 1.169609999999999900e+03 2.653790000000000191e+02 1.876750000000000000e+03 9.970660000000000309e+02 2.075039999999999964e+03 1.805420000000000073e+03 2.997769999999999982e+03 5.013829999999999814e+02 3.899649999999999750e+02 1.135539999999999964e+03 6.299120000000000346e+02 1.041230000000000018e+03 -9.266150000000000375e+01 -2.254759999999999991e+02 1.818779999999999859e+02 2.281740000000000066e+02 6.970300000000000000e+04 1.088670000000000000e+05 -5.862000000000000000e+03 2.561220000000000073e+04 3.830569999999999709e+04 4.782290000000000146e+04 1.609510000000000000e+05 1.406739999999999964e+04 -7.004720000000000255e+03 -1.066800000000000000e+04 2.275539999999999964e+03 1.334329999999999927e+04 6.925210000000000036e+03 3.878099999999999909e+03 -9.636879999999999882e+02 3.192409999999999854e+03 7.715710000000000264e+02 2.029079999999999927e+03 2.249150000000000091e+03 3.489369999999999891e+03 5.337729999999999563e+03 -2.329219999999999800e+03 9.560710000000000264e+02 -6.707050000000000409e+02 1.811220000000000027e+03 1.752940000000000055e+03 1.203309999999999945e+03 1.246349999999999909e+03 8.282690000000000055e+02 1.444920000000000073e+03 -8.441250000000000000e+03 -1.113170000000000000e+05 -4.298059999999999854e+04 -4.110290000000000146e+04 3.365780000000000200e+03 2.807390000000000146e+04 3.782269999999999709e+04 -1.748609999999999854e+04 9.980229999999999563e+03 5.725590000000000146e+03 6.033390000000000327e+03 1.090620000000000073e+04 -8.543730000000000473e+02 -6.344550000000000182e+03 -5.848180000000000291e+03 4.177010000000000218e+02 -2.417239999999999782e+03 2.522860000000000127e+03 -2.554789999999999964e+03 -1.139299999999999955e+03 8.381689999999999827e+02 -3.901730000000000018e+03 2.941510000000000218e+03 1.270609999999999900e+03 -1.202279999999999973e+03 2.412429999999999836e+03 -7.290990000000000464e+02 -6.514450000000000500e+02 -2.698250000000000000e+03 -4.860830000000000268e+02
6.094719999999999709e+04 2.262970000000000073e+04 2.554140000000000146e+04 1.053689999999999964e+04 1.720840000000000146e+04 1.060089999999999964e+04 3.793419999999999709e+04 1.260060000000000000e+05 1.714329999999999927e+04 -3.950140000000000100e+02 2.014200000000000045e+03 2.868250000000000000e+03 2.665659999999999741e+02 -1.226950000000000045e+03 -6.608909999999999627e+02 1.756509999999999991e+03 -4.536850000000000023e+02 5.649320000000000164e+02 1.300130000000000109e+03 1.060509999999999991e+03 1.343049999999999955e+03 8.210489999999999782e+02 8.375860000000000127e+02 5.891130000000000564e+02 7.063540000000000418e+02 4.463709999999999809e+02 1.117539999999999964e+03 1.254689999999999941e+02 1.684199999999999875e+02 -8.252490000000000236e+01 8.414319999999999709e+04 -6.762680000000000291e+04 7.007410000000000582e+04 1.807859999999999854e+04 -1.936109999999999900e+03 1.195720000000000073e+04 3.664650000000000000e+04 8.828039999999999418e+04 4.474770000000000437e+03 -2.422869999999999891e+03 7.675310000000000400e+03 4.683020000000000437e+03 1.642660000000000082e+03 -7.742809999999999491e+02 -3.359820000000000164e+03 3.164380000000000109e+03 1.584559999999999945e+03 2.163630000000000109e+03 1.013450000000000045e+03 1.064779999999999973e+03 2.273969999999999800e+03 -6.238909999999999627e+02 5.693039999999999736e+02 -4.577450000000000045e+02 3.383219999999999800e+03 1.521480000000000018e+03 1.138369999999999891e+03 1.333509999999999991e+03 -3.437660000000000338e+01 -2.783350000000000080e+01 -1.039640000000000000e+05 -1.388060000000000000e+05 -1.425529999999999927e+04 4.072850000000000000e+04 4.130030000000000291e+04 9.223340000000000146e+03 -1.622620000000000073e+04 1.193700000000000000e+04 2.034250000000000000e+04 -1.690930000000000064e+03 1.351079999999999927e+03 8.028130000000000109e+03 1.761680000000000064e+02 8.291229999999999563e+03 4.538579999999999927e+03 5.161609999999999673e+03 3.152780000000000200e+03 3.140400000000000091e+03 -1.262619999999999891e+03 7.688590000000000373e+02 2.990829999999999927e+03 2.402000000000000000e+03 1.298880000000000109e+03 -2.455079999999999927e+03 3.428679999999999950e+02 8.874360000000000070e+01 1.531710000000000036e+03 1.891680000000000064e+02 1.499130000000000109e+03 1.700250000000000000e+03
2.235940000000000146e+04 1.982159999999999854e+04 5.519390000000000327e+03 2.049190000000000146e+04 3.004790000000000146e+04 3.210159999999999854e+03 7.641380000000000109e+03 1.714329999999999927e+04 7.921860000000000582e+04 1.635520000000000073e+04 2.529519999999999982e+03 1.278490000000000009e+03 1.256839999999999918e+03 1.366650000000000091e+03 8.887770000000000437e+02 2.222709999999999866e+02 -5.495339999999999918e+02 -4.443849999999999767e+01 2.087659999999999854e+03 7.691130000000000564e+02 -2.842269999999999897e+01 8.523200000000000500e+02 8.204919999999999902e+01 2.571089999999999804e+02 7.221459999999999582e+02 -6.265120000000000289e+01 2.912139999999999986e+02 2.366279999999999859e+02 5.384740000000000464e+02 2.556620000000000061e+02 -7.072630000000000291e+04 -1.226360000000000000e+05 -4.099190000000000146e+04 3.922730000000000291e+04 4.593829999999999927e+03 -2.708879999999999927e+04 3.002059999999999945e+03 1.317470000000000027e+03 5.258680000000000291e+04 9.477200000000000728e+03 6.028529999999999745e+03 1.253309999999999945e+03 -1.215259999999999991e+03 3.928759999999999764e+02 1.682839999999999918e+02 4.347670000000000073e+03 3.002369999999999891e+03 1.891920000000000073e+03 1.982630000000000052e+02 9.853949999999999818e+02 2.941420000000000073e+03 -5.604849999999999710e+01 1.388710000000000036e+03 7.180359999999999445e+02 2.155750000000000000e+03 1.827569999999999936e+03 1.522450000000000045e+03 4.582669999999999959e+02 6.935890000000000555e+01 1.351779999999999973e+03 -1.434689999999999964e+04 -1.584940000000000000e+05 -2.243370000000000073e+04 9.796120000000000800e+03 -2.537759999999999854e+04 -1.351089999999999918e+03 3.911099999999999909e+03 -3.817730000000000018e+03 1.996740000000000066e+02 -5.500920000000000073e+03 -3.863199999999999818e+03 1.446970000000000027e+03 4.168770000000000437e+03 -1.362160000000000082e+02 7.518609999999999900e+02 9.512599999999999909e+02 -1.223109999999999900e+03 -1.070279999999999973e+03 1.182880000000000109e+03 -4.615430000000000064e+02 4.875050000000000182e+03 -1.550819999999999936e+03 1.829619999999999891e+03 -5.960960000000000036e+02 7.348759999999999764e+02 -6.814610000000000127e+02 -4.186820000000000164e+02 5.370230000000000103e+01 1.311230000000000018e+03 1.802330000000000041e+02
4.951409999999999854e+04 -1.499510000000000036e+04 2.826750000000000000e+04 3.034009999999999854e+04 1.150789999999999964e+04 -7.889739999999999782e+03 -6.446359999999999673e+02 -3.950140000000000100e+02 1.635520000000000073e+04 5.365630000000000291e+04 1.093270000000000073e+04 2.688630000000000109e+03 1.500529999999999973e+03 2.227110000000000127e+03 2.675840000000000146e+03 -8.861409999999999627e+02 6.812970000000000255e+02 3.427880000000000109e+02 5.128540000000000418e+02 5.193609999999999900e+02 6.942129999999999654e+02 8.056219999999999573e+02 1.179119999999999891e+03 5.794130000000000109e+02 2.828620000000000232e+02 5.793179999999999836e+02 2.620819999999999936e+02 6.223329999999999700e+02 6.060090000000000146e+02 4.603740000000000165e+00 2.109509999999999854e+04 4.642140000000000146e+04 2.377759999999999854e+04 2.880559999999999854e+04 -6.364479999999999563e+03 -1.269070000000000073e+04 1.508410000000000036e+04 -4.168140000000000327e+03 1.219870000000000073e+04 3.578550000000000000e+04 7.284560000000000400e+03 -5.532890000000000327e+03 -4.166140000000000327e+03 -4.201590000000000146e+03 3.448619999999999891e+03 3.109250000000000000e+03 2.953679999999999836e+03 3.021650000000000205e+02 -2.060360000000000127e+03 -1.851899999999999977e+02 9.074759999999999991e+02 -4.393600000000000136e+02 4.255099999999999909e+02 9.743630000000000564e+02 6.143400000000000318e+02 3.967789999999999964e+02 1.343520000000000039e+02 5.241770000000000209e+02 -6.765309999999999491e+01 -3.275520000000000209e+00 -5.404169999999999709e+04 3.644450000000000000e+04 -1.385279999999999927e+04 1.115690000000000055e+03 -5.248900000000000000e+04 -1.912379999999999927e+04 1.395139999999999964e+04 4.009369999999999891e+03 -4.118039999999999964e+03 1.911340000000000146e+04 -6.042779999999999745e+03 6.062649999999999636e+03 5.541100000000000364e+03 -9.428619999999999663e+02 -2.700000000000000000e+03 -1.374990000000000009e+03 4.844220000000000255e+02 6.242960000000000491e+02 4.197250000000000000e+03 1.018759999999999991e+03 1.856470000000000027e+03 -1.075569999999999936e+03 2.027769999999999868e+02 -1.147750000000000000e+03 -4.304759999999999991e+02 6.973940000000000055e+02 7.730389999999999873e+02 -8.486069999999999709e+02 2.312330000000000041e+02 2.632090000000000032e+02
1.800000000000000000e+04 -2.112550000000000000e+04 1.340239999999999964e+04 4.795609999999999928e+01 9.142659999999999854e+03 -1.344099999999999909e+03 3.142980000000000018e+03 2.014200000000000045e+03 2.529519999999999982e+03 1.093270000000000073e+04 3.375640000000000146e+04 6.436609999999999673e+03 1.495680000000000064e+03 1.143930000000000007e+02 9.043830000000000382e+02 6.268209999999999837e+01 8.398500000000000227e+02 1.462299999999999955e+03 8.437419999999999618e+02 8.072019999999999982e+02 5.000559999999999832e+02 1.042519999999999982e+03 -2.935849999999999795e+02 -7.559770000000000323e+01 4.369209999999999923e+02 6.373020000000000209e+02 1.516200000000000045e+02 5.000540000000000163e+01 -3.192939999999999827e+02 1.980279999999999916e+02 6.861589999999999418e+04 -4.481169999999999709e+04 8.845409999999999854e+03 -4.012369999999999891e+03 -2.276040000000000146e+04 -9.527000000000000000e+03 6.792640000000000327e+03 -4.687390000000000327e+03 2.561759999999999877e+02 7.268270000000000437e+03 1.945740000000000146e+04 1.180569999999999936e+03 6.393780000000000427e+02 3.403860000000000219e-01 -3.156960000000000264e+02 -2.730319999999999823e+02 5.931929999999999836e+02 1.361690000000000055e+03 7.008959999999999582e+02 1.777309999999999945e+02 -6.595330000000000155e+02 -1.209059999999999945e+03 -1.377050000000000125e+02 1.276099999999999909e+03 2.791610000000000014e+02 7.712459999999999809e+02 1.295990000000000009e+03 -5.130560000000000400e+02 -1.274529999999999973e+03 1.681250000000000000e+02 4.179340000000000146e+04 -1.434360000000000036e+04 3.501250000000000000e+04 2.123459999999999854e+04 -2.432420000000000073e+04 -2.165659999999999854e+03 3.469630000000000109e+03 1.348129999999999927e+04 1.969450000000000045e+03 2.465909999999999854e+03 -6.748720000000000141e+01 8.908689999999999998e+01 9.522329999999999472e+02 2.127819999999999823e+00 -4.042040000000000077e+02 8.807699999999999818e+02 9.646150000000000091e+02 2.599269999999999982e+03 9.673780000000000427e+02 -1.630750000000000000e+03 8.420109999999999673e+02 1.419890000000000100e+03 -1.946150000000000091e+02 9.388819999999999482e+02 7.696240000000000236e+02 7.292160000000000082e+02 6.538129999999999882e+02 -1.080299999999999955e+03 5.984370000000000118e+02 -4.765070000000000050e+02
-5.285630000000000109e+03 -1.656659999999999854e+04 7.274960000000000036e+03 -2.478179999999999836e+03 6.351890000000000327e+03 1.474710000000000036e+03 5.881140000000000327e+03 2.868250000000000000e+03 1.278490000000000009e+03 2.688630000000000109e+03 6.436609999999999673e+03 2.656509999999999854e+04 4.358590000000000146e+03 1.978120000000000118e+02 1.173000000000000000e+03 9.543869999999999436e+02 5.787590000000000146e+02 8.719429999999999836e+02 3.151070000000000277e+02 1.941299999999999955e+02 1.891659999999999968e+02 1.296440000000000055e+03 6.949950000000000045e+02 3.776170000000000186e+02 7.184030000000000200e+02 3.772649999999999864e+02 -3.045540000000000092e+01 -4.310339999999999918e+02 5.840449999999999875e+01 3.231589999999999918e+02 8.043710000000000582e+04 -1.792329999999999927e+04 -1.347529999999999927e+04 -1.669350000000000000e+04 1.263660000000000036e+04 9.518979999999999563e+03 7.105550000000000182e+03 3.230929999999999836e+03 9.709149999999999636e+02 -1.296690000000000111e+02 3.014079999999999927e+03 1.433029999999999927e+04 4.862300000000000182e+03 1.326079999999999927e+03 4.842990000000000350e+01 -2.389429999999999836e+03 7.600489999999999782e+02 1.964430000000000064e+03 1.250650000000000091e+03 -4.196440000000000055e+02 -1.307959999999999923e+02 -1.322609999999999900e+03 -1.229460000000000036e+03 -4.767929999999999779e+01 -5.139759999999999991e+02 7.776860000000000355e+02 1.154250000000000000e+03 3.735400000000000205e+02 -1.368689999999999998e+02 2.903879999999999768e+02 7.037569999999999709e+04 3.638819999999999709e+04 2.529990000000000146e+04 -1.514429999999999927e+04 -1.029700000000000045e+03 2.100500000000000000e+04 7.929289999999999964e+03 4.789859999999999673e+03 3.556190000000000140e+01 7.200549999999999500e+02 -1.835170000000000073e+03 6.853899999999999636e+03 -8.351180000000000518e+02 -1.842829999999999927e+03 -1.758380000000000109e+03 -8.702749999999999773e+02 1.052529999999999973e+03 1.565440000000000055e+03 2.141429999999999836e+03 -8.727920000000000300e+02 1.074829999999999927e+03 1.504210000000000036e+03 -3.117049999999999841e+02 4.367529999999999859e+02 -7.404760000000000275e+01 7.322100000000000364e+02 -3.380919999999999703e+01 2.333779999999999859e+02 -3.435760000000000218e+02 -4.251700000000000159e+02
4.067809999999999945e+03 1.823220000000000073e+04 1.542310000000000036e+04 5.181020000000000437e+03 1.950960000000000036e+03 3.313010000000000218e+03 3.262139999999999873e+03 2.665659999999999741e+02 1.256839999999999918e+03 1.500529999999999973e+03 1.495680000000000064e+03 4.358590000000000146e+03 2.063120000000000073e+04 5.046640000000000327e+03 1.593859999999999900e+03 1.085789999999999964e+03 8.766539999999999964e+02 8.937999999999999545e+02 -1.210180000000000007e+02 2.470060000000000144e+01 3.989789999999999850e+02 6.989740000000000464e+02 5.660919999999999845e+02 4.490869999999999891e+02 4.654100000000000250e+02 6.128369999999999891e+02 6.064650000000000318e+02 1.797059999999999889e+02 9.997799999999999798e+00 1.374650000000000034e+02 -2.342009999999999854e+04 2.940320000000000073e+04 2.862559999999999854e+04 -4.704619999999999891e+03 -8.304719999999999345e+03 3.277260000000000218e+03 1.123360000000000036e+04 5.033470000000000255e+03 -1.574549999999999955e+03 3.515150000000000091e+03 1.278349999999999909e+03 1.109630000000000109e+03 7.821170000000000073e+03 1.661640000000000100e+03 8.825510000000000446e+02 -5.932749999999999773e+02 -8.953339999999999463e+02 5.326059999999999945e+02 1.257519999999999982e+03 7.462100000000000399e+00 -2.649259999999999877e+02 -3.056129999999999995e+02 1.638569999999999993e+02 2.298259999999999934e+02 -2.126539999999999964e+02 -4.786139999999999759e+02 1.216190000000000055e+03 2.286659999999999968e+02 6.937110000000000127e+02 1.110470000000000027e+03 1.441529999999999927e+04 8.606620000000000800e+03 4.707220000000000255e+03 -5.673210000000000036e+03 -2.424809999999999854e+04 4.473029999999999745e+03 1.279229999999999927e+04 1.687519999999999982e+03 4.491140000000000327e+03 -3.402609999999999957e+01 -2.302599999999999909e+03 3.585380000000000109e+03 5.644930000000000291e+03 -1.796509999999999991e+03 7.384660000000000082e+02 -1.034079999999999927e+03 -1.141609999999999900e+03 1.714380000000000109e+03 1.320680000000000064e+03 -9.014719999999999800e+02 7.359390000000000498e+01 8.406420000000000528e+02 1.560650000000000091e+03 -3.519680000000000177e+02 -1.620549999999999955e+03 3.634570000000000078e+01 -7.371309999999999718e+02 -1.707460000000000093e+02 -1.300939999999999941e+02 -2.134830000000000041e+02
5.221180000000000291e+04 -1.149489999999999964e+04 -6.536739999999999782e+03 -1.076129999999999927e+04 -1.555190000000000055e+03 6.319220000000000255e+02 2.293929999999999836e+03 -1.226950000000000045e+03 1.366650000000000091e+03 2.227110000000000127e+03 1.143930000000000007e+02 1.978120000000000118e+02 5.046640000000000327e+03 1.709909999999999854e+04 3.335860000000000127e+03 1.002350000000000023e+03 3.980720000000000027e+02 3.733469999999999800e+02 6.586320000000000618e+01 8.608209999999999695e+01 6.301839999999999691e+02 6.556879999999999882e+02 5.484420000000000073e+02 4.374510000000000218e+02 3.761290000000000191e+02 3.442479999999999905e+02 -5.204330000000000211e+01 1.003130000000000024e+02 9.715089999999999293e+01 -2.497980000000000018e+02 -1.438739999999999964e+04 -2.460009999999999854e+04 -1.398129999999999927e+04 -1.789159999999999854e+04 1.312230000000000018e+03 -6.374420000000000073e+02 9.188049999999999272e+03 6.016609999999999445e+02 -1.682480000000000018e+03 -1.035280000000000022e+01 -1.755130000000000109e+03 -1.222240000000000038e+02 1.666359999999999900e+03 6.056739999999999782e+03 2.253690000000000055e+03 4.611689999999999827e+02 -6.120570000000000164e+02 2.724250000000000114e+02 -7.855159999999999343e+01 -1.935879999999999868e+01 -8.999699999999999989e+01 -3.351320000000000050e+02 4.537599999999999767e+01 -1.010460000000000036e+03 -1.416959999999999980e+02 -8.581159999999999854e+02 -3.723519999999999754e+02 3.668280000000000030e+01 5.099049999999999727e+01 1.906599999999999966e+02 -1.760540000000000146e+04 -2.476879999999999927e+04 2.321470000000000073e+04 3.164039999999999964e+03 -6.928380000000000109e+03 2.871079999999999927e+03 1.188600000000000000e+04 -2.525590000000000146e+03 -3.754860000000000127e+03 7.059519999999999982e+02 2.253110000000000127e+03 -1.539989999999999952e+02 -5.418310000000000315e+01 -2.223280000000000200e+03 1.568650000000000091e+03 1.557980000000000018e+03 2.616230000000000018e+03 1.636009999999999991e+03 1.043089999999999918e+03 -1.353230000000000018e+03 -9.232000000000000455e+02 9.922220000000000084e+01 1.260890000000000100e+03 -9.522469999999999573e+02 -1.970200000000000102e+02 3.458509999999999991e+02 4.245339999999999918e+02 7.917039999999999509e+02 3.976399999999999864e+02 -2.925000000000000000e+02
-1.687470000000000073e+04 -1.460710000000000036e+04 -3.116590000000000146e+03 -5.318409999999999854e+03 -4.416880000000000109e+03 2.504969999999999800e+03 1.169609999999999900e+03 -6.608909999999999627e+02 8.887770000000000437e+02 2.675840000000000146e+03 9.043830000000000382e+02 1.173000000000000000e+03 1.593859999999999900e+03 3.335860000000000127e+03 1.386039999999999964e+04 3.066199999999999818e+03 3.960090000000000146e+02 9.445489999999999782e+02 6.106900000000000261e+01 1.882839999999999847e+01 7.407899999999999636e+02 2.060120000000000005e+02 3.315659999999999741e+02 6.987540000000000191e+02 4.400670000000000073e+02 3.618220000000000027e+02 5.273369999999999891e+01 2.205659999999999954e+01 7.708469999999999800e+01 1.039320000000000022e+02 4.046260000000000218e+03 2.494970000000000073e+04 -7.782489999999999782e+03 8.299370000000000800e+03 -7.049840000000000146e+03 -9.160090000000000146e+02 1.003650000000000000e+04 2.413300000000000182e+03 5.123949999999999818e+03 5.425539999999999736e+02 -4.170710000000000264e+02 -9.116029999999999518e+02 -2.123259999999999934e+02 1.328279999999999973e+03 5.010800000000000182e+03 -4.591490000000000009e+02 -6.241820000000000164e+02 4.756929999999999836e+02 7.294740000000000464e+02 2.425469999999999970e+02 5.497190000000000509e+02 -3.446620000000000061e+01 -5.742719999999999914e+01 5.420320000000000391e+02 -4.875400000000000205e+02 -3.467649999999999864e+02 1.058639999999999937e+01 2.475509999999999877e+02 3.128759999999999764e+02 2.295380000000000109e+02 1.364670000000000073e+04 -5.785300000000000182e+03 2.087670000000000073e+04 2.444000000000000000e+04 -1.429520000000000073e+04 -1.091970000000000027e+03 8.063949999999999818e+03 4.648909999999999854e+03 -3.377050000000000182e+03 1.827559999999999945e+03 -1.593369999999999891e+03 3.759719999999999800e+02 -1.005159999999999968e+03 9.358809999999999718e+02 -1.222819999999999936e+03 -1.258349999999999909e+03 5.185009999999999764e+02 4.035719999999999885e+01 4.418079999999999927e+02 8.500359999999999445e+02 -4.540539999999999736e+02 -5.328499999999999659e+01 7.460890000000000555e+02 -5.270489999999999782e+02 7.814139999999999873e+02 9.755389999999999873e+02 -6.403809999999999718e+02 2.778530000000000086e+02 -3.580790000000000077e+02 1.273960000000000008e+02
2.303720000000000073e+04 1.133979999999999927e+04 4.795710000000000036e+03 -6.797010000000000218e+02 -3.966739999999999782e+02 -8.448790000000000191e+02 2.653790000000000191e+02 1.756509999999999991e+03 2.222709999999999866e+02 -8.861409999999999627e+02 6.268209999999999837e+01 9.543869999999999436e+02 1.085789999999999964e+03 1.002350000000000023e+03 3.066199999999999818e+03 1.070900000000000000e+04 1.953869999999999891e+03 8.751509999999999536e+02 1.249200000000000017e+02 4.605889999999999986e+02 5.857530000000000427e+02 -2.287220000000000084e+02 -6.448839999999999861e+01 6.384600000000000364e+02 5.603519999999999754e+02 2.577389999999999759e+02 1.923000000000000114e+02 3.862130000000000223e+02 6.362290000000000134e+01 2.545169999999999959e+02 6.851350000000000000e+04 4.106180000000000291e+04 1.264710000000000036e+03 7.732310000000000400e+03 1.350449999999999875e+02 4.297460000000000036e+03 4.951380000000000109e+03 -2.775289999999999964e+03 -8.040570000000000164e+02 -2.166570000000000164e+03 5.233129999999999882e+01 1.149349999999999909e+03 5.087669999999999959e+02 -4.677780000000000200e+02 5.242699999999999818e+02 3.469829999999999927e+03 1.435180000000000064e+03 -3.976429999999999723e+02 3.910310000000000059e+02 -2.974950000000000045e+02 -5.096299999999999955e+02 1.761800000000000068e+02 2.563550000000000182e+02 4.581680000000000064e+01 -2.873750000000000000e+02 -7.109420000000000073e+02 2.994909999999999854e+02 3.272830000000000155e+02 4.685430000000000206e+01 -5.369249999999999545e+02 -1.758620000000000073e+04 -1.004120000000000073e+04 3.540040000000000146e+04 2.238820000000000073e+04 -5.481680000000000291e+03 2.397340000000000146e+03 -2.089679999999999836e+03 -3.957360000000000127e+03 1.537390000000000100e+03 -6.394270000000000437e+03 -4.698930000000000291e+03 -1.135259999999999991e+03 1.861170000000000073e+03 1.835619999999999891e+03 -8.862670000000000528e+02 6.720299999999999727e+02 4.205579999999999927e+02 -1.451869999999999891e+03 -6.610040000000000191e+02 -2.878709999999999809e+02 -5.593699999999999761e+01 9.719919999999999618e+02 1.851560000000000059e+02 -6.289080000000000155e+02 -2.003710000000000093e+02 -4.415869999999999891e+02 -1.470900000000000034e+02 -3.385330000000000155e+02 2.176599999999999966e+02 6.698260000000000325e+00
2.065720000000000073e+04 4.267210000000000036e+03 1.255539999999999964e+04 4.227170000000000073e+03 3.541589999999999918e+02 4.561659999999999968e+02 1.876750000000000000e+03 -4.536850000000000023e+02 -5.495339999999999918e+02 6.812970000000000255e+02 8.398500000000000227e+02 5.787590000000000146e+02 8.766539999999999964e+02 3.980720000000000027e+02 3.960090000000000146e+02 1.953869999999999891e+03 8.907059999999999491e+03 2.150519999999999982e+03 2.900629999999999882e+02 5.950650000000000546e+02 5.442069999999999936e+02 3.789089999999999918e+02 2.297500000000000000e+02 1.438660000000000139e+02 3.556329999999999814e+02 3.438600000000000136e+02 9.911960000000000548e+01 3.696840000000000259e+02 -1.006259999999999977e+01 1.264279999999999973e+02 5.589740000000000146e+04 5.038900000000000000e+04 1.013910000000000036e+04 -6.109100000000000364e+03 -8.322839999999999918e+02 -2.442930000000000135e+01 1.953990000000000009e+03 -6.881549999999999727e+02 -1.955160000000000082e+03 3.786560000000000059e+01 -3.115409999999999968e+02 -1.026519999999999982e+03 -1.525310000000000059e+02 -6.077309999999999945e+02 -7.199059999999999491e+02 2.470490000000000066e+02 3.331869999999999891e+03 5.563809999999999718e+02 -2.324269999999999925e+02 -5.814619999999999891e+02 6.262069999999999936e+02 -1.701069999999999993e+02 -1.185400000000000063e+02 3.737069999999999936e+02 -1.935089999999999861e+02 -1.650620000000000118e+02 3.182640000000000100e+02 3.264119999999999777e+02 6.651709999999999923e+01 -3.081490000000000009e+02 2.544800000000000000e+04 8.163630000000000109e+03 4.679069999999999709e+03 2.670710000000000036e+03 -3.657340000000000146e+03 -8.156199999999999818e+03 -9.441299999999999272e+03 -1.030079999999999927e+03 -6.396409999999999854e+03 1.953029999999999973e+02 -1.897680000000000064e+03 -2.740070000000000050e+02 -5.053450000000000131e+01 -1.358950000000000045e+03 -1.278170000000000073e+03 7.079040000000000532e+01 1.621329999999999927e+03 -1.320640000000000100e+03 -5.510259999999999536e+02 -1.705180000000000007e+01 5.360839999999999463e+02 1.492400000000000091e+03 -4.072909999999999968e+02 5.202730000000000246e+02 -3.717259999999999991e+02 -4.160300000000000153e+01 5.465589999999999691e+02 3.406870000000000118e+02 -9.925480000000000302e+01 -5.486230000000000473e+02
