3.530630000000000000e+07 7.373990000000000000e+06 2.741870000000000000e+05 1.569330000000000000e+05 4.685309999999999854e+04 1.546880000000000000e+05 8.148339999999999418e+04 -1.933500000000000000e+05 -7.777390000000000327e+03 3.822559999999999854e+04 9.717450000000000000e+04 8.746379999999999200e+03 5.563969999999999709e+04 1.146560000000000036e+04 6.984250000000000000e+03 3.581130000000000291e+04 1.626350000000000000e+04 -7.304090000000000146e+03 -7.261649999999999636e+03 9.232700000000000728e+03 -2.380159999999999854e+04 6.463449999999999818e+03 1.768809999999999854e+04 7.864819999999999709e+03 8.360309999999999491e+03 -2.940120000000000073e+04 -1.444160000000000036e+04 -1.226720000000000073e+04 -1.758100000000000000e+04 -5.594890000000000327e+03 2.992470000000000000e+07 3.831720000000000000e+06 -5.883350000000000000e+05 -2.018190000000000000e+05 2.365190000000000000e+05 6.554560000000000000e+05 3.838370000000000000e+05 -5.741310000000000000e+05 -1.021650000000000000e+05 6.578980000000000291e+04 1.781350000000000000e+05 5.406469999999999709e+04 1.075330000000000000e+05 6.522270000000000437e+03 6.076719999999999709e+04 7.862250000000000000e+04 3.447269999999999709e+04 -1.679159999999999854e+04 -3.827019999999999709e+04 2.313790000000000146e+04 -2.447620000000000073e+04 -3.262159999999999854e+03 5.466009999999999854e+04 1.912409999999999854e+04 -6.946750000000000000e+03 1.369990000000000009e+03 1.564360000000000036e+04 -2.747879999999999927e+04 -1.472609999999999900e+03 -2.032679999999999927e+04 0.000000000000000000e+00 0.000000000000000000e+00 0.000000000000000000e+00 0.000000000000000000e+00 0.000000000000000000e+00 0.000000000000000000e+00 0.000000000000000000e+00 0.000000000000000000e+00 0.000000000000000000e+00 0.000000000000000000e+00 0.000000000000000000e+00 0.000000000000000000e+00 0.000000000000000000e+00 0.000000000000000000e+00 0.000000000000000000e+00 0.000000000000000000e+00 0.000000000000000000e+00 0.000000000000000000e+00 0.000000000000000000e+00 0.000000000000000000e+00 0.000000000000000000e+00 0.000000000000000000e+00 0.000000000000000000e+00 0.000000000000000000e+00 0.000000000000000000e+00 0.000000000000000000e+00 0.000000000000000000e+00 0.000000000000000000e+00 0.000000000000000000e+00 0.000000000000000000e+00
7.373990000000000000e+06 1.668380000000000000e+07 2.350670000000000000e+06 -4.504359999999999854e+04 -2.179640000000000146e+04 -8.522110000000000582e+04 1.098580000000000000e+05 -3.830469999999999709e+04 -2.492880000000000109e+03 5.421119999999999709e+04 9.107719999999999709e+04 5.757890000000000327e+03 2.281079999999999927e+04 2.328240000000000146e+04 4.991669999999999709e+04 3.310080000000000291e+04 1.568070000000000073e+04 -3.142529999999999927e+04 -2.010740000000000146e+04 -6.970600000000000364e+03 8.068609999999999673e+03 3.083469999999999800e+03 -8.881240000000000236e+02 1.838220000000000027e+02 1.023789999999999964e+04 -1.205520000000000073e+04 -1.730240000000000146e+04 -2.753400000000000091e+03 -3.974399999999999977e+02 -2.884190000000000055e+03 9.523600000000000000e+06 2.176480000000000000e+07 3.001040000000000000e+05 -4.660960000000000000e+05 -2.452680000000000000e+05 -2.528310000000000000e+05 -6.507859999999999854e+04 -9.573589999999999418e+04 1.186980000000000018e+03 5.184790000000000146e+04 1.048170000000000000e+05 -3.594890000000000146e+04 1.740809999999999854e+04 1.025420000000000073e+04 4.221809999999999854e+04 2.823600000000000000e+04 2.335029999999999927e+04 -5.403219999999999709e+04 -1.232460000000000036e+04 3.344019999999999709e+04 2.841059999999999854e+04 -4.514170000000000073e+03 -4.682689999999999600e+03 8.040199999999999818e+02 1.383700000000000000e+04 -2.280390000000000146e+04 -2.240029999999999927e+04 9.839399999999999636e+03 -6.672409999999999854e+03 5.304069999999999709e+03 0.000000000000000000e+00 0.000000000000000000e+00 0.000000000000000000e+00 0.000000000000000000e+00 0.000000000000000000e+00 0.000000000000000000e+00 0.000000000000000000e+00 0.000000000000000000e+00 0.000000000000000000e+00 0.000000000000000000e+00 0.000000000000000000e+00 0.000000000000000000e+00 0.000000000000000000e+00 0.000000000000000000e+00 0.000000000000000000e+00 0.000000000000000000e+00 0.000000000000000000e+00 0.000000000000000000e+00 0.000000000000000000e+00 0.000000000000000000e+00 0.000000000000000000e+00 0.000000000000000000e+00 0.000000000000000000e+00 0.000000000000000000e+00 0.000000000000000000e+00 0.000000000000000000e+00 0.000000000000000000e+00 0.000000000000000000e+00 0.000000000000000000e+00 0.000000000000000000e+00
2.741870000000000000e+05 2.350670000000000000e+06 6.219510000000000000e+06 1.358220000000000000e+06 2.177640000000000000e+05 1.716220000000000073e+04 5.760140000000000146e+04 8.627150000000000000e+04 4.150659999999999854e+04 7.103539999999999418e+04 7.473860000000000582e+04 2.334009999999999854e+04 2.548870000000000073e+04 9.251559999999999491e+03 1.469729999999999927e+04 1.113200000000000000e+04 1.222970000000000073e+04 9.522859999999999445e+02 1.723129999999999927e+04 3.551750000000000000e+03 9.387450000000000728e+03 -1.536790000000000056e+01 1.282029999999999973e+03 2.352960000000000036e+03 6.875460000000000036e+03 5.564789999999999964e+03 1.810920000000000073e+03 5.219180000000000291e+03 -5.518339999999999463e+02 3.665190000000000055e+03 -1.565440000000000000e+05 2.956530000000000000e+06 8.373360000000000000e+06 1.235670000000000000e+06 2.264600000000000000e+04 -1.485270000000000000e+05 -5.346319999999999709e+04 1.703490000000000000e+05 4.463500000000000000e+04 1.011790000000000000e+05 1.022410000000000000e+05 1.374050000000000000e+04 3.589940000000000146e+04 4.539400000000000000e+04 6.125730000000000291e+04 2.386890000000000146e+04 9.667649999999999636e+03 5.190520000000000437e+03 1.515879999999999927e+04 3.425739999999999782e+03 1.288689999999999964e+04 -6.910039999999999964e+03 1.628900000000000091e+03 -2.708710000000000036e+03 -1.178039999999999964e+04 -8.887329999999999927e+03 -4.082530000000000200e+03 2.616579999999999927e+03 3.079649999999999750e+02 7.166060000000000400e+03 0.000000000000000000e+00 0.000000000000000000e+00 0.000000000000000000e+00 0.000000000000000000e+00 0.000000000000000000e+00 0.000000000000000000e+00 0.000000000000000000e+00 0.000000000000000000e+00 0.000000000000000000e+00 0.000000000000000000e+00 0.000000000000000000e+00 0.000000000000000000e+00 0.000000000000000000e+00 0.000000000000000000e+00 0.000000000000000000e+00 0.000000000000000000e+00 0.000000000000000000e+00 0.000000000000000000e+00 0.000000000000000000e+00 0.000000000000000000e+00 0.000000000000000000e+00 0.000000000000000000e+00 0.000000000000000000e+00 0.000000000000000000e+00 0.000000000000000000e+00 0.000000000000000000e+00 0.000000000000000000e+00 0.000000000000000000e+00 0.000000000000000000e+00 0.000000000000000000e+00
1.569330000000000000e+05 -4.504359999999999854e+04 1.358220000000000000e+06 2.748650000000000000e+06 4.993430000000000000e+05 5.299720000000000255e+03 3.851619999999999709e+04 1.597789999999999964e+04 2.966450000000000000e+04 2.957320000000000073e+04 3.185270000000000073e+04 1.252620000000000073e+04 4.068099999999999909e+03 -1.323170000000000073e+03 7.931229999999999563e+03 4.140859999999999673e+03 8.049130000000000109e+03 9.331110000000000582e+03 8.475030000000000655e+03 4.607020000000000437e+03 7.380960000000000036e+03 3.775380000000000109e+03 6.870529999999999745e+03 -3.011320000000000050e+02 4.848989999999999782e+03 -1.742049999999999955e+03 5.905539999999999736e+02 4.022920000000000073e+03 3.770940000000000055e+03 3.123690000000000055e+03 -7.591150000000000000e+05 -2.740360000000000000e+05 1.973830000000000000e+06 4.050210000000000000e+06 3.176310000000000000e+05 -2.255290000000000000e+05 1.620639999999999964e+04 5.350119999999999709e+04 5.318809999999999854e+04 4.375530000000000291e+04 5.611670000000000073e+03 1.162389999999999964e+04 2.042500000000000000e+04 1.599089999999999964e+04 3.250129999999999927e+04 7.572550000000000182e+03 1.301620000000000073e+04 2.206500000000000000e+04 5.981710000000000036e+03 2.462559999999999945e+03 1.207620000000000073e+04 -3.657559999999999945e+03 -3.411669999999999732e+02 -4.061199999999999818e+03 5.891119999999999891e+03 -1.255110000000000036e+04 -1.012919999999999959e+03 -5.745629999999999882e+02 6.578520000000000437e+03 1.086229999999999927e+04 0.000000000000000000e+00 0.000000000000000000e+00 0.000000000000000000e+00 0.000000000000000000e+00 0.000000000000000000e+00 0.000000000000000000e+00 0.000000000000000000e+00 0.000000000000000000e+00 0.000000000000000000e+00 0.000000000000000000e+00 0.000000000000000000e+00 0.000000000000000000e+00 0.000000000000000000e+00 0.000000000000000000e+00 0.000000000000000000e+00 0.000000000000000000e+00 0.000000000000000000e+00 0.000000000000000000e+00 0.000000000000000000e+00 0.000000000000000000e+00 0.000000000000000000e+00 0.000000000000000000e+00 0.000000000000000000e+00 0.000000000000000000e+00 0.000000000000000000e+00 0.000000000000000000e+00 0.000000000000000000e+00 0.000000000000000000e+00 0.000000000000000000e+00 0.000000000000000000e+00
4.685309999999999854e+04 -2.179640000000000146e+04 2.177640000000000000e+05 4.993430000000000000e+05 1.105970000000000000e+06 2.248640000000000000e+05 3.476869999999999709e+04 3.395259999999999854e+04 -2.978920000000000073e+03 1.306470000000000073e+04 1.003320000000000073e+04 3.886360000000000127e+03 2.171110000000000127e+03 4.450380000000000109e+03 3.046469999999999800e+03 1.051960000000000036e+04 7.143939999999999600e+03 6.368569999999999709e+03 3.052480000000000018e+03 4.348350000000000364e+03 2.410269999999999982e+03 2.707880000000000109e+03 4.609880000000000109e+03 4.004690000000000055e+03 1.144680000000000064e+03 -1.598779999999999973e+03 -2.809049999999999727e+02 3.380929999999999836e+03 6.986689999999999827e+02 4.156739999999999782e+03 -7.495560000000000000e+05 -1.752550000000000000e+05 2.607910000000000000e+05 8.325360000000000000e+05 1.752330000000000000e+06 2.372310000000000000e+05 -3.034429999999999927e+04 3.663240000000000146e+04 2.825510000000000218e+03 1.556020000000000073e+04 -3.331650000000000091e+03 -1.645209999999999854e+04 -1.462989999999999964e+04 -3.417480000000000018e+03 -1.854400000000000091e+03 1.651980000000000018e+03 3.983170000000000073e+03 4.186359999999999673e+03 6.611920000000000073e+03 1.101989999999999964e+04 -2.061260000000000048e+02 -7.909279999999999973e+02 -2.603039999999999964e+03 -3.107779999999999987e+01 2.907760000000000218e+03 -2.039130000000000109e+03 -2.758440000000000055e+03 1.166119999999999891e+03 2.252960000000000036e+03 8.510889999999999418e+03 0.000000000000000000e+00 0.000000000000000000e+00 0.000000000000000000e+00 0.000000000000000000e+00 0.000000000000000000e+00 0.000000000000000000e+00 0.000000000000000000e+00 0.000000000000000000e+00 0.000000000000000000e+00 0.000000000000000000e+00 0.000000000000000000e+00 0.000000000000000000e+00 0.000000000000000000e+00 0.000000000000000000e+00 0.000000000000000000e+00 0.000000000000000000e+00 0.000000000000000000e+00 0.000000000000000000e+00 0.000000000000000000e+00 0.000000000000000000e+00 0.000000000000000000e+00 0.000000000000000000e+00 0.000000000000000000e+00 0.000000000000000000e+00 0.000000000000000000e+00 0.000000000000000000e+00 0.000000000000000000e+00 0.000000000000000000e+00 0.000000000000000000e+00 0.000000000000000000e+00
1.546880000000000000e+05 -8.522110000000000582e+04 1.716220000000000073e+04 5.299720000000000255e+03 2.248640000000000000e+05 6.917280000000000000e+05 1.656610000000000000e+05 4.968080000000000291e+04 1.573370000000000073e+04 -3.708739999999999782e+03 9.411709999999999127e+03 1.650549999999999955e+03 3.215449999999999818e+03 9.654639999999999418e+03 7.024699999999999818e+03 7.830539999999999964e+03 8.323069999999999709e+03 3.073130000000000109e+03 6.707630000000000109e+03 7.218189999999999600e+03 4.911380000000000109e+03 5.053720000000000255e+03 1.220009999999999991e+03 1.754799999999999955e+03 -9.738630000000000564e+02 1.812029999999999973e+03 2.982250000000000000e+03 9.548289999999999509e+02 1.871589999999999918e+03 1.451849999999999909e+03 1.180860000000000000e+05 -3.816030000000000000e+05 7.944119999999999709e+04 1.567229999999999927e+04 3.677260000000000000e+05 1.130740000000000000e+06 1.839200000000000000e+05 5.320100000000000000e+04 2.921679999999999927e+04 -2.217690000000000146e+04 1.771829999999999927e+04 2.042909999999999854e+04 1.097520000000000073e+04 1.760550000000000000e+04 1.567520000000000073e+04 9.435600000000000364e+03 8.175819999999999709e+03 -3.403500000000000000e+03 7.481430000000000291e+03 1.611320000000000073e+04 3.158820000000000164e+03 6.187159999999999854e+03 2.486800000000000182e+03 6.403880000000000109e+03 6.619869999999999891e+03 8.221079999999999927e+03 1.001639999999999964e+04 3.143079999999999927e+03 1.213470000000000027e+03 2.276759999999999877e+02 0.000000000000000000e+00 0.000000000000000000e+00 0.000000000000000000e+00 0.000000000000000000e+00 0.000000000000000000e+00 0.000000000000000000e+00 0.000000000000000000e+00 0.000000000000000000e+00 0.000000000000000000e+00 0.000000000000000000e+00 0.000000000000000000e+00 0.000000000000000000e+00 0.000000000000000000e+00 0.000000000000000000e+00 0.000000000000000000e+00 0.000000000000000000e+00 0.000000000000000000e+00 0.000000000000000000e+00 0.000000000000000000e+00 0.000000000000000000e+00 0.000000000000000000e+00 0.000000000000000000e+00 0.000000000000000000e+00 0.000000000000000000e+00 0.000000000000000000e+00 0.000000000000000000e+00 0.000000000000000000e+00 0.000000000000000000e+00 0.000000000000000000e+00 0.000000000000000000e+00
8.148339999999999418e+04 1.098580000000000000e+05 5.760140000000000146e+04 3.851619999999999709e+04 3.476869999999999709e+04 1.656610000000000000e+05 3.840210000000000000e+05 1.004240000000000000e+05 2.653179999999999927e+04 1.835390000000000146e+04 7.481090000000000146e+03 3.959610000000000127e+03 -1.551680000000000064e+02 -3.858750000000000000e+02 6.723430000000000291e+03 5.701670000000000073e+03 4.536289999999999964e+03 3.503220000000000027e+02 4.617329999999999927e+03 3.315010000000000218e+03 3.298099999999999909e+03 2.156360000000000127e+03 1.142650000000000091e+03 2.287440000000000055e+03 1.186109999999999900e+03 4.895319999999999823e+02 -1.365009999999999991e+03 -1.800769999999999982e+02 1.677240000000000009e+03 1.832769999999999982e+03 1.386300000000000000e+04 -1.801950000000000000e+04 -3.579869999999999891e+03 5.997990000000000146e+04 1.334670000000000073e+04 2.658550000000000000e+05 6.002980000000000000e+05 9.023189999999999418e+04 9.596040000000000873e+03 1.465510000000000036e+04 3.122200000000000000e+04 1.515670000000000073e+04 -7.217170000000000073e+03 -2.843869999999999891e+03 1.162610000000000036e+04 1.028810000000000036e+04 1.160650000000000000e+04 6.418419999999999845e+02 5.715380000000000109e+03 6.603159999999999854e+03 -6.944940000000000282e+02 -2.319510000000000218e+03 1.757030000000000030e+02 1.096769999999999982e+03 -2.096219999999999800e+03 -3.975119999999999891e+03 -5.205710000000000036e+03 -4.520439999999999827e+02 1.830490000000000009e+03 6.045720000000000027e+02 0.000000000000000000e+00 0.000000000000000000e+00 0.000000000000000000e+00 0.000000000000000000e+00 0.000000000000000000e+00 0.000000000000000000e+00 0.000000000000000000e+00 0.000000000000000000e+00 0.000000000000000000e+00 0.000000000000000000e+00 0.000000000000000000e+00 0.000000000000000000e+00 0.000000000000000000e+00 0.000000000000000000e+00 0.000000000000000000e+00 0.000000000000000000e+00 0.000000000000000000e+00 0.000000000000000000e+00 0.000000000000000000e+00 0.000000000000000000e+00 0.000000000000000000e+00 0.000000000000000000e+00 0.000000000000000000e+00 0.000000000000000000e+00 0.000000000000000000e+00 0.000000000000000000e+00 0.000000000000000000e+00 0.000000000000000000e+00 0.000000000000000000e+00 0.000000000000000000e+00
-1.933500000000000000e+05 -3.830469999999999709e+04 8.627150000000000000e+04 1.597789999999999964e+04 3.395259999999999854e+04 4.968080000000000291e+04 1.004240000000000000e+05 2.190350000000000000e+05 6.560619999999999709e+04 1.915120000000000073e+04 4.525229999999999563e+03 5.110460000000000036e+03 4.720529999999999745e+03 2.558780000000000200e+03 4.764399999999999636e+03 5.760779999999999745e+03 4.440859999999999673e+03 2.319380000000000109e+03 4.022380000000000109e+03 3.872150000000000091e+03 2.363559999999999945e+03 1.338920000000000073e+03 9.348590000000000373e+02 9.553479999999999563e+02 2.557969999999999800e+03 1.699069999999999936e+03 8.936810000000000400e+02 4.186840000000000259e+02 5.366000000000000227e+02 2.361610000000000127e+03 -3.288020000000000000e+05 -5.031359999999999854e+04 4.833200000000000000e+04 -6.593449999999999818e+03 3.109140000000000146e+04 6.511959999999999854e+04 1.488020000000000000e+05 3.347170000000000000e+05 9.114550000000000000e+04 1.520179999999999927e+04 8.702270000000000437e+03 1.301629999999999927e+04 -1.294740000000000009e+03 1.035629999999999927e+04 1.182020000000000073e+04 1.086370000000000073e+04 1.230539999999999964e+04 3.314480000000000018e+03 4.343409999999999854e+03 2.049949999999999818e+03 2.656289999999999964e+03 1.111390000000000100e+03 1.455450000000000045e+03 -1.756880000000000109e+03 1.489000000000000000e+03 -1.190900000000000091e+03 7.786029999999999518e+02 -5.572640000000000100e+02 3.417969999999999686e+01 1.276509999999999991e+03 0.000000000000000000e+00 0.000000000000000000e+00 0.000000000000000000e+00 0.000000000000000000e+00 0.000000000000000000e+00 0.000000000000000000e+00 0.000000000000000000e+00 0.000000000000000000e+00 0.000000000000000000e+00 0.000000000000000000e+00 0.000000000000000000e+00 0.000000000000000000e+00 0.000000000000000000e+00 0.000000000000000000e+00 0.000000000000000000e+00 0.000000000000000000e+00 0.000000000000000000e+00 0.000000000000000000e+00 0.000000000000000000e+00 0.000000000000000000e+00 0.000000000000000000e+00 0.000000000000000000e+00 0.000000000000000000e+00 0.000000000000000000e+00 0.000000000000000000e+00 0.000000000000000000e+00 0.000000000000000000e+00 0.000000000000000000e+00 0.000000000000000000e+00 0.000000000000000000e+00
-7.777390000000000327e+03 -2.492880000000000109e+03 4.150659999999999854e+04 2.966450000000000000e+04 -2.978920000000000073e+03 1.573370000000000073e+04 2.653179999999999927e+04 6.560619999999999709e+04 1.553120000000000000e+05 3.830540000000000146e+04 3.410449999999999818e+03 -1.237849999999999909e+03 -6.949790000000000418e+02 1.026829999999999927e+03 7.310900000000000318e+02 1.108190000000000026e+02 2.379619999999999891e+03 2.222969999999999800e+03 8.610769999999999982e+02 2.796000000000000000e+03 1.169400000000000091e+03 -3.624929999999999950e+02 1.005399999999999977e+03 3.229940000000000282e+02 1.144119999999999891e+03 8.303490000000000038e+00 6.483450000000000273e+02 -3.445910000000000082e+02 4.872099999999999795e+02 1.703980000000000018e+03 1.773259999999999991e+03 6.633060000000000582e+04 4.234980000000000291e+04 3.857019999999999709e+04 -3.551380000000000109e+03 4.241700000000000159e+01 1.864909999999999854e+04 9.066439999999999418e+04 2.362370000000000000e+05 2.968700000000000000e+04 3.544639999999999873e+03 4.389769999999999754e+02 -5.563189999999999600e+02 8.747299999999999272e+03 4.671510000000000218e+03 6.007699999999999818e+02 8.231139999999999418e+03 4.677189999999999600e+03 3.797549999999999955e+02 4.886619999999999891e+03 9.299400000000000546e+02 -8.613419999999999845e+02 2.370349999999999909e+03 -1.518549999999999955e+03 1.815130000000000109e+03 -9.743869999999999436e+02 -3.121820000000000164e+02 -1.587930000000000064e+02 -8.359470000000000027e+02 8.356960000000000264e+02 0.000000000000000000e+00 0.000000000000000000e+00 0.000000000000000000e+00 0.000000000000000000e+00 0.000000000000000000e+00 0.000000000000000000e+00 0.000000000000000000e+00 0.000000000000000000e+00 0.000000000000000000e+00 0.000000000000000000e+00 0.000000000000000000e+00 0.000000000000000000e+00 0.000000000000000000e+00 0.000000000000000000e+00 0.000000000000000000e+00 0.000000000000000000e+00 0.000000000000000000e+00 0.000000000000000000e+00 0.000000000000000000e+00 0.000000000000000000e+00 0.000000000000000000e+00 0.000000000000000000e+00 0.000000000000000000e+00 0.000000000000000000e+00 0.000000000000000000e+00 0.000000000000000000e+00 0.000000000000000000e+00 0.000000000000000000e+00 0.000000000000000000e+00 0.000000000000000000e+00
3.822559999999999854e+04 5.421119999999999709e+04 7.103539999999999418e+04 2.957320000000000073e+04 1.306470000000000073e+04 -3.708739999999999782e+03 1.835390000000000146e+04 1.915120000000000073e+04 3.830540000000000146e+04 9.249430000000000291e+04 2.108709999999999854e+04 1.978890000000000100e+03 2.072369999999999891e+03 2.786360000000000127e+03 3.229070000000000164e+03 2.776070000000000164e+03 2.863809999999999945e+03 8.166470000000000482e+02 1.077609999999999900e+03 1.872789999999999964e+03 1.309000000000000000e+03 1.735409999999999968e+02 9.799410000000000309e+02 9.633959999999999582e+02 1.314369999999999891e+03 5.229289999999999736e+02 1.939370000000000118e+02 3.882869999999999777e+02 -5.548970000000000482e+02 3.671600000000000250e+02 1.432520000000000073e+04 6.963980000000000291e+04 9.899660000000000582e+04 1.648090000000000146e+04 -6.893329999999999927e+03 -3.432819999999999709e+04 2.990690000000000146e+04 1.597760000000000036e+04 5.912109999999999854e+04 1.291940000000000000e+05 1.627629999999999927e+04 -3.992440000000000055e+03 4.633869999999999891e+03 1.438750000000000000e+03 3.660889999999999873e+03 4.226579999999999927e+03 3.607829999999999927e+03 -1.674480000000000018e+03 -1.493039999999999964e+03 9.646929999999999836e+02 1.388009999999999991e+03 4.323679999999999950e+02 4.501100000000000364e+03 2.791999999999999886e+02 8.778100000000000591e+01 8.817899999999999636e+02 1.428140000000000100e+03 8.661589999999999918e+02 -3.909300000000000068e+02 2.192079999999999927e+03 0.000000000000000000e+00 0.000000000000000000e+00 0.000000000000000000e+00 0.000000000000000000e+00 0.000000000000000000e+00 0.000000000000000000e+00 0.000000000000000000e+00 0.000000000000000000e+00 0.000000000000000000e+00 0.000000000000000000e+00 0.000000000000000000e+00 0.000000000000000000e+00 0.000000000000000000e+00 0.000000000000000000e+00 0.000000000000000000e+00 0.000000000000000000e+00 0.000000000000000000e+00 0.000000000000000000e+00 0.000000000000000000e+00 0.000000000000000000e+00 0.000000000000000000e+00 0.000000000000000000e+00 0.000000000000000000e+00 0.000000000000000000e+00 0.000000000000000000e+00 0.000000000000000000e+00 0.000000000000000000e+00 0.000000000000000000e+00 0.000000000000000000e+00 0.000000000000000000e+00
9.717450000000000000e+04 9.107719999999999709e+04 7.473860000000000582e+04 3.185270000000000073e+04 1.003320000000000073e+04 9.411709999999999127e+03 7.481090000000000146e+03 4.525229999999999563e+03 3.410449999999999818e+03 2.108709999999999854e+04 6.266650000000000000e+04 1.535920000000000073e+04 4.161640000000000327e+03 3.085559999999999945e+03 1.998170000000000073e+03 2.432699999999999818e+03 2.062139999999999873e+03 -1.795800000000000125e+02 8.941900000000000546e+02 2.478470000000000084e+02 5.451680000000000064e+02 1.144470000000000027e+03 5.604890000000000327e+02 3.990529999999999973e+02 -1.704710000000000036e+01 1.849420000000000073e+02 1.681229999999999905e+02 -1.182369999999999948e+02 -4.830670000000000073e+02 4.386549999999999727e+01 9.370180000000000291e+04 1.340580000000000000e+05 1.191160000000000000e+05 3.990359999999999854e+04 2.588220000000000073e+04 2.516329999999999927e+04 2.263579999999999927e+04 1.947370000000000073e+04 6.167239999999999782e+03 2.992650000000000000e+04 9.474060000000000582e+04 2.209179999999999927e+04 8.632790000000000873e+03 2.877960000000000036e+03 3.688199999999999818e+03 3.025239999999999782e+03 2.744469999999999800e+03 4.980850000000000222e+00 6.626770000000000209e+02 -2.579580000000000268e+02 1.236240000000000009e+03 3.338360000000000127e+03 2.491730000000000018e+03 -1.632259999999999991e+03 -1.957570000000000050e+02 -2.946900000000000119e+01 1.598429999999999893e+02 -1.483569999999999993e+02 -1.826609999999999900e+03 -3.541360000000000241e+02 0.000000000000000000e+00 0.000000000000000000e+00 0.000000000000000000e+00 0.000000000000000000e+00 0.000000000000000000e+00 0.000000000000000000e+00 0.000000000000000000e+00 0.000000000000000000e+00 0.000000000000000000e+00 0.000000000000000000e+00 0.000000000000000000e+00 0.000000000000000000e+00 0.000000000000000000e+00 0.000000000000000000e+00 0.000000000000000000e+00 0.000000000000000000e+00 0.000000000000000000e+00 0.000000000000000000e+00 0.000000000000000000e+00 0.000000000000000000e+00 0.000000000000000000e+00 0.000000000000000000e+00 0.000000000000000000e+00 0.000000000000000000e+00 0.000000000000000000e+00 0.000000000000000000e+00 0.000000000000000000e+00 0.000000000000000000e+00 0.000000000000000000e+00 0.000000000000000000e+00
8.746379999999999200e+03 5.757890000000000327e+03 2.334009999999999854e+04 1.252620000000000073e+04 3.886360000000000127e+03 1.650549999999999955e+03 3.959610000000000127e+03 5.110460000000000036e+03 -1.237849999999999909e+03 1.978890000000000100e+03 1.535920000000000073e+04 4.797490000000000146e+04 1.160879999999999927e+04 2.681719999999999800e+03 1.279670000000000073e+03 1.042160000000000082e+03 2.809920000000000073e+03 7.468579999999999472e+02 2.058889999999999873e+03 9.403540000000000418e+02 -1.420649999999999977e+02 3.208519999999999754e+02 2.896430000000000060e+00 3.043029999999999973e+02 4.324639999999999986e+02 6.056440000000000055e+02 4.378419999999999845e+02 9.784539999999999509e+02 1.671220000000000141e+02 6.548509999999999991e+02 3.659600000000000000e+04 6.806470000000000255e+03 7.662819999999999709e+04 1.215270000000000073e+04 -1.505870000000000073e+04 6.012729999999999563e+03 2.436489999999999782e+03 2.396259999999999854e+04 -6.111560000000000400e+03 4.374920000000000073e+03 2.266370000000000073e+04 7.462069999999999709e+04 1.397250000000000000e+04 2.611460000000000036e+03 3.199300000000000182e+03 4.897099999999999795e+02 5.400020000000000437e+03 1.719180000000000064e+03 1.754630000000000109e+03 4.946879999999999882e+02 -3.190489999999999782e+02 9.313990000000000009e+02 5.051850000000000023e+02 -1.926589999999999918e+02 1.076299999999999955e+03 5.446509999999999536e+02 -4.849580000000000268e+02 9.669360000000000355e+02 -3.497469999999999857e+01 2.231250000000000000e+02 0.000000000000000000e+00 0.000000000000000000e+00 0.000000000000000000e+00 0.000000000000000000e+00 0.000000000000000000e+00 0.000000000000000000e+00 0.000000000000000000e+00 0.000000000000000000e+00 0.000000000000000000e+00 0.000000000000000000e+00 0.000000000000000000e+00 0.000000000000000000e+00 0.000000000000000000e+00 0.000000000000000000e+00 0.000000000000000000e+00 0.000000000000000000e+00 0.000000000000000000e+00 0.000000000000000000e+00 0.000000000000000000e+00 0.000000000000000000e+00 0.000000000000000000e+00 0.000000000000000000e+00 0.000000000000000000e+00 0.000000000000000000e+00 0.000000000000000000e+00 0.000000000000000000e+00 0.000000000000000000e+00 0.000000000000000000e+00 0.000000000000000000e+00 0.000000000000000000e+00
5.563969999999999709e+04 2.281079999999999927e+04 2.548870000000000073e+04 4.068099999999999909e+03 2.171110000000000127e+03 3.215449999999999818e+03 -1.551680000000000064e+02 4.720529999999999745e+03 -6.949790000000000418e+02 2.072369999999999891e+03 4.161640000000000327e+03 1.160879999999999927e+04 3.384409999999999854e+04 9.006510000000000218e+03 2.986420000000000073e+03 7.116839999999999691e+02 2.804179999999999836e+03 1.028460000000000036e+02 1.694039999999999964e+03 1.073200000000000045e+03 8.521900000000000546e+02 1.557630000000000109e+03 9.306409999999999627e+02 -2.798049999999999926e+01 3.702370000000000232e+02 -6.551210000000000377e+01 3.733940000000000055e+02 2.258329999999999984e+02 -2.508170000000000073e+02 2.819089999999999918e+02 1.180490000000000000e+05 8.087050000000000000e+04 4.040540000000000146e+04 -7.831560000000000400e+03 -7.920689999999999600e+03 -7.504630000000000109e+03 1.841880000000000109e+03 1.146770000000000073e+04 -4.641350000000000364e+03 -1.845730000000000018e+03 2.066820000000000164e+03 1.667550000000000000e+04 4.992869999999999709e+04 8.958530000000000655e+03 3.176250000000000000e+03 1.138400000000000091e+03 3.350369999999999891e+03 -1.518849999999999909e+03 8.873790000000000191e+02 2.035099999999999909e+03 7.903630000000000564e+02 1.701700000000000045e+03 1.116480000000000018e+03 -5.168709999999999809e+02 1.362439999999999998e+02 -5.323669999999999618e+02 3.697959999999999923e+02 -4.936480000000000246e+01 -8.245059999999999718e+02 -1.332100000000000080e+02 0.000000000000000000e+00 0.000000000000000000e+00 0.000000000000000000e+00 0.000000000000000000e+00 0.000000000000000000e+00 0.000000000000000000e+00 0.000000000000000000e+00 0.000000000000000000e+00 0.000000000000000000e+00 0.000000000000000000e+00 0.000000000000000000e+00 0.000000000000000000e+00 0.000000000000000000e+00 0.000000000000000000e+00 0.000000000000000000e+00 0.000000000000000000e+00 0.000000000000000000e+00 0.000000000000000000e+00 0.000000000000000000e+00 0.000000000000000000e+00 0.000000000000000000e+00 0.000000000000000000e+00 0.000000000000000000e+00 0.000000000000000000e+00 0.000000000000000000e+00 0.000000000000000000e+00 0.000000000000000000e+00 0.000000000000000000e+00 0.000000000000000000e+00 0.000000000000000000e+00
1.146560000000000036e+04 2.328240000000000146e+04 9.251559999999999491e+03 -1.323170000000000073e+03 4.450380000000000109e+03 9.654639999999999418e+03 -3.858750000000000000e+02 2.558780000000000200e+03 1.026829999999999927e+03 2.786360000000000127e+03 3.085559999999999945e+03 2.681719999999999800e+03 9.006510000000000218e+03 2.681579999999999927e+04 6.851850000000000364e+03 1.290380000000000109e+03 9.485170000000000528e+02 1.219140000000000100e+03 1.250930000000000064e+03 4.726170000000000186e+02 7.525019999999999527e+02 1.229890000000000100e+03 8.762100000000000364e+02 7.779139999999999873e+02 4.468750000000000000e+02 4.092549999999999955e+02 4.724239999999999782e+02 1.345469999999999970e+02 1.443480000000000132e+02 2.686259999999999764e+02 3.209029999999999927e+04 1.372079999999999927e+04 2.247020000000000073e+04 -5.695069999999999709e+03 6.215979999999999563e+03 2.432960000000000036e+03 -8.422950000000000728e+03 2.012589999999999918e+03 -3.461800000000000182e+03 -1.431630000000000109e+03 9.918890000000000100e+02 3.774079999999999927e+03 1.181800000000000000e+04 3.971390000000000146e+04 8.106810000000000400e+03 -8.454759999999999991e+02 -8.723790000000000191e+02 1.484559999999999945e+03 1.071490000000000009e+03 8.129289999999999736e+02 1.803069999999999936e+03 1.886519999999999982e+03 1.451490000000000009e+03 1.188950000000000045e+03 3.958659999999999854e+02 7.940549999999999500e+02 2.606610000000000014e+02 2.309360000000000070e+02 -6.214030000000000200e+02 -4.573000000000000114e+02 0.000000000000000000e+00 0.000000000000000000e+00 0.000000000000000000e+00 0.000000000000000000e+00 0.000000000000000000e+00 0.000000000000000000e+00 0.000000000000000000e+00 0.000000000000000000e+00 0.000000000000000000e+00 0.000000000000000000e+00 0.000000000000000000e+00 0.000000000000000000e+00 0.000000000000000000e+00 0.000000000000000000e+00 0.000000000000000000e+00 0.000000000000000000e+00 0.000000000000000000e+00 0.000000000000000000e+00 0.000000000000000000e+00 0.000000000000000000e+00 0.000000000000000000e+00 0.000000000000000000e+00 0.000000000000000000e+00 0.000000000000000000e+00 0.000000000000000000e+00 0.000000000000000000e+00 0.000000000000000000e+00 0.000000000000000000e+00 0.000000000000000000e+00 0.000000000000000000e+00
6.984250000000000000e+03 4.991669999999999709e+04 1.469729999999999927e+04 7.931229999999999563e+03 3.046469999999999800e+03 7.024699999999999818e+03 6.723430000000000291e+03 4.764399999999999636e+03 7.310900000000000318e+02 3.229070000000000164e+03 1.998170000000000073e+03 1.279670000000000073e+03 2.986420000000000073e+03 6.851850000000000364e+03 2.210979999999999927e+04 6.503750000000000000e+03 1.657349999999999909e+03 1.205589999999999918e+03 8.894059999999999491e+02 5.118629999999999995e+02 1.553319999999999936e+03 6.174819999999999709e+02 5.871879999999999882e+02 4.167699999999999960e+01 5.090009999999999764e+02 1.393880000000000052e+02 -6.746129999999999427e+01 3.259859999999999900e+02 3.553980000000000246e+02 3.831879999999999882e+02 6.531590000000000146e+04 7.675360000000000582e+04 -1.975710000000000036e+03 -1.205820000000000073e+04 6.538540000000000418e+02 5.269220000000000255e+03 8.228729999999999563e+03 -1.303849999999999909e+03 -5.799149999999999636e+02 -2.630280000000000200e+02 1.089109999999999900e+03 2.104840000000000146e+03 4.034130000000000109e+03 1.094310000000000036e+04 3.216159999999999854e+04 5.999819999999999709e+03 -4.386709999999999923e+02 1.667100000000000080e+02 -7.628840000000000146e+02 2.832799999999999727e+02 2.433880000000000109e+03 6.856720000000000255e+02 1.074190000000000055e+03 -2.702950000000000159e+02 -1.407690000000000055e+02 3.716899999999999693e+01 2.671700000000000159e+02 1.110950000000000045e+03 7.376660000000000537e+02 8.540099999999999909e+02 0.000000000000000000e+00 0.000000000000000000e+00 0.000000000000000000e+00 0.000000000000000000e+00 0.000000000000000000e+00 0.000000000000000000e+00 0.000000000000000000e+00 0.000000000000000000e+00 0.000000000000000000e+00 0.000000000000000000e+00 0.000000000000000000e+00 0.000000000000000000e+00 0.000000000000000000e+00 0.000000000000000000e+00 0.000000000000000000e+00 0.000000000000000000e+00 0.000000000000000000e+00 0.000000000000000000e+00 0.000000000000000000e+00 0.000000000000000000e+00 0.000000000000000000e+00 0.000000000000000000e+00 0.000000000000000000e+00 0.000000000000000000e+00 0.000000000000000000e+00 0.000000000000000000e+00 0.000000000000000000e+00 0.000000000000000000e+00 0.000000000000000000e+00 0.000000000000000000e+00
3.581130000000000291e+04 3.310080000000000291e+04 1.113200000000000000e+04 4.140859999999999673e+03 1.051960000000000036e+04 7.830539999999999964e+03 5.701670000000000073e+03 5.760779999999999745e+03 1.108190000000000026e+02 2.776070000000000164e+03 2.432699999999999818e+03 1.042160000000000082e+03 7.116839999999999691e+02 1.290380000000000109e+03 6.503750000000000000e+03 1.771300000000000000e+04 5.288479999999999563e+03 1.252990000000000009e+03 1.017250000000000000e+03 1.198710000000000036e+03 8.771349999999999909e+02 5.261910000000000309e+02 3.119440000000000168e+02 2.348520000000000039e+02 3.163419999999999845e+02 3.847610000000000241e+02 6.818189999999999600e+02 7.283669999999999618e+02 1.986440000000000055e+02 6.084180000000000064e+02 4.113909999999999854e+04 3.833409999999999854e+04 3.583039999999999964e+03 -2.228140000000000146e+04 1.710359999999999854e+04 1.574979999999999927e+04 7.350270000000000437e+03 1.212220000000000073e+04 4.303380000000000109e+03 4.237659999999999854e+03 5.445420000000000073e+03 7.506950000000000500e+02 7.861639999999999873e+02 3.017139999999999873e+03 9.969559999999999491e+03 2.703909999999999854e+04 6.979399999999999636e+03 -1.021400000000000041e+01 6.307740000000000009e+02 1.214990000000000009e+03 1.083819999999999936e+03 -1.284130000000000109e+03 2.547009999999999934e+02 1.117579999999999927e+03 9.387870000000000346e+02 6.786159999999999854e+02 5.969120000000000346e+02 6.882930000000000064e+02 8.248899999999999864e+02 7.885080000000000382e+02 0.000000000000000000e+00 0.000000000000000000e+00 0.000000000000000000e+00 0.000000000000000000e+00 0.000000000000000000e+00 0.000000000000000000e+00 0.000000000000000000e+00 0.000000000000000000e+00 0.000000000000000000e+00 0.000000000000000000e+00 0.000000000000000000e+00 0.000000000000000000e+00 0.000000000000000000e+00 0.000000000000000000e+00 0.000000000000000000e+00 0.000000000000000000e+00 0.000000000000000000e+00 0.000000000000000000e+00 0.000000000000000000e+00 0.000000000000000000e+00 0.000000000000000000e+00 0.000000000000000000e+00 0.000000000000000000e+00 0.000000000000000000e+00 0.000000000000000000e+00 0.000000000000000000e+00 0.000000000000000000e+00 0.000000000000000000e+00 0.000000000000000000e+00 0.000000000000000000e+00
1.626350000000000000e+04 1.568070000000000073e+04 1.222970000000000073e+04 8.049130000000000109e+03 7.143939999999999600e+03 8.323069999999999709e+03 4.536289999999999964e+03 4.440859999999999673e+03 2.379619999999999891e+03 2.863809999999999945e+03 2.062139999999999873e+03 2.809920000000000073e+03 2.804179999999999836e+03 9.485170000000000528e+02 1.657349999999999909e+03 5.288479999999999563e+03 1.462610000000000036e+04 3.946280000000000200e+03 1.386119999999999891e+03 9.641580000000000155e+02 1.096809999999999945e+03 1.094779999999999973e+03 7.565850000000000364e+02 6.733039999999999736e+02 5.350259999999999536e+02 6.865069999999999482e+02 4.965760000000000218e+02 4.200790000000000077e+02 7.863230000000000075e+01 4.573330000000000268e+02 5.937830000000000291e+04 6.709919999999999709e+04 1.160350000000000000e+04 -1.403240000000000123e+02 1.325750000000000000e+04 1.804979999999999927e+04 5.542229999999999563e+03 9.784040000000000873e+03 6.924340000000000146e+03 2.448379999999999939e+02 4.461909999999999854e+03 3.394650000000000091e+03 3.331699999999999818e+03 1.415480000000000018e+03 2.641269999999999982e+03 7.551819999999999709e+03 1.990050000000000000e+04 3.523769999999999982e+03 1.247069999999999936e+03 1.090509999999999991e+03 2.141320000000000164e+03 4.964920000000000186e+02 9.605209999999999582e+02 1.145069999999999936e+03 2.647130000000000223e+02 9.184400000000000546e+02 1.209509999999999991e+03 1.051589999999999918e+03 2.069039999999999964e+02 7.741810000000000400e+02 0.000000000000000000e+00 0.000000000000000000e+00 0.000000000000000000e+00 0.000000000000000000e+00 0.000000000000000000e+00 0.000000000000000000e+00 0.000000000000000000e+00 0.000000000000000000e+00 0.000000000000000000e+00 0.000000000000000000e+00 0.000000000000000000e+00 0.000000000000000000e+00 0.000000000000000000e+00 0.000000000000000000e+00 0.000000000000000000e+00 0.000000000000000000e+00 0.000000000000000000e+00 0.000000000000000000e+00 0.000000000000000000e+00 0.000000000000000000e+00 0.000000000000000000e+00 0.000000000000000000e+00 0.000000000000000000e+00 0.000000000000000000e+00 0.000000000000000000e+00 0.000000000000000000e+00 0.000000000000000000e+00 0.000000000000000000e+00 0.000000000000000000e+00 0.000000000000000000e+00
