3.892200348545765132e+07 4.390109530092966743e+06 3.444714171666787006e+05 2.224967182754939713e+05 1.196270337383008446e+05 1.209965505411923950e+05 -1.178479189568159200e+04 -4.013211600368366635e+04 -1.201686935241253923e+04 -1.967710060157708722e+04 -1.255293641871727232e+04 -1.157293059856957552e+04 3.701897959283228556e+04 -2.925741551643608545e+03 -8.525308652191166402e+03 -2.267007646716673116e+04 -2.870625992714470704e+04 -1.405785194654992483e+04 -4.020262094097116005e+03 3.164731331907948970e+03 3.544729288164310219e+03 -9.829471954636368537e+03 -1.052764629420243182e+03 -8.919831157010232346e+03 6.646997576988062974e+03 1.972616155887169498e+03 -1.195510014233784204e+04 -1.263587673764268402e+04 -6.933546644881684188e+03 -6.573953735669144407e+03 -7.101633142283908455e+03 -5.993329565509759050e+03 -6.220593883220162752e+03 -1.897903250732585093e+03 -6.868097020882522884e+03 -3.710584317932946306e+03 3.739720209762087052e+03 2.103533246501478516e+03 -4.146059799401373880e+02 -2.829710233040394769e+02 -3.485258768280616403e+07 -7.807910428819755092e+06 -4.841049017907791422e+05 -5.159857391680947039e+05 6.389536466816868779e+04 -1.106783632246921188e+05 2.375073483007146278e+05 1.957015831816671998e+05 8.436838376803476422e+04 -1.019518440562974865e+05 -4.127816811045780923e+04 2.438917482986152390e+04 1.394745126067792298e+05 3.127553467565757728e+03 -4.079740703988510177e+03 -3.553029710222950962e+04 -1.838655287025057623e+04 -3.533273639348490542e+04 5.316308808971764847e+03 -2.533559791540376682e+04 -2.835720928347755034e+04 -4.160546614900331042e+04 3.278014649458018539e+04 2.583044453426884047e+03 1.697322320770295119e+04 -1.747096258270213366e+04 -1.369985588235774048e+04 -3.889248888177086337e+04 -1.898411564743952476e+04 -1.022204337309546827e+04 -1.927918681051111207e+03 -1.918604660797891120e+04 -6.491481339254717568e+03 7.124444709791545392e+03 -1.698262240133233718e+04 -3.822636739114037027e+03 -1.091909936910731994e+04 1.102450466227412835e+04 6.081724029849194721e+02 4.538360091945951922e+02 8.910218360839018598e+06 5.069664329116331413e+06 8.509436655824001646e+05 4.406257236355190398e+05 1.669175542455895047e+05 1.090092065923691989e+05 1.704022232655733824e+05 -3.095026459789589717e+04 1.294626764712314434e+04 -1.258187770016887953e+05 -1.054175896141399135e+05 -8.842924615424324293e+04 -4.918778485393612209e+04 -1.380005959090372780e+05 -3.053473119031803071e+04 -2.650807366266539975e+04 3.012143976138069775e+03 -2.512079127775924644e+04 7.349362371694195645e+03 -8.051636141892454361e+03 -3.087331131036085935e+04 -3.266881438204791630e+04 -3.087035994947533254e+04 -3.759184487175830327e+03 2.269263589379093537e+04 1.109091148647589580e+04 4.387934632991152284e+03 -2.673992324726508377e+04 -8.194874239671775285e+03 1.565353178770606792e+04 1.623554994832714510e+04 8.455775037248124136e+03 1.196282918800400330e+04 1.393031712671090281e+04 4.103790847663276509e+03 -6.469826151396353453e+03 -1.791680225853455340e+04 1.700591965844436345e+04 -1.135064480735201687e+04 -1.911884007722254319e+04
4.390109530092966743e+06 4.560860521324807778e+06 9.141126460007848218e+05 2.264742408766907174e+05 1.016096303522703965e+05 5.147694129162977333e+04 2.942926261624041217e+04 2.740645932955791068e+04 1.427186420435761829e+04 4.803641449246015327e+03 6.104312327538958925e+03 8.233926099246798913e+03 1.162120219504870329e+04 8.307235378852608847e+03 -2.569349474493671437e+02 -7.256604602664326194e+03 -7.890168240292513474e+03 -1.070545632499300882e+04 -1.544942967813365613e+03 -1.358396989977181875e+02 3.059197064534767378e+03 2.571651353904022926e+03 1.446871891832461472e+02 -3.816564101547837708e+02 5.174557252633616372e+03 -1.225747317223741447e+03 -2.340319903866711229e+03 -3.558914442495757612e+03 -2.957501150729277470e+03 -6.696692433578623422e+02 -7.786491801489910358e+02 -2.264723317211551148e+02 7.287509716722204303e+02 1.013143241165474819e+03 -1.076411667074463821e+03 -1.014448648689525356e+02 6.432090269779861273e+02 5.420933658390262053e+02 -8.820936508020109841e+02 1.414910404459485527e+01 -3.907655498964441009e+06 -4.231945815727662295e+06 -1.059825007617014693e+06 -3.407837748462175368e+05 -1.599564601802238321e+05 -7.593866077783054789e+04 5.592973761449023004e+04 2.143654173954788712e+04 -3.814812371247666306e+04 -1.627271174511630488e+04 4.397016193587639464e+03 2.206250870120354375e+04 3.837269971657710994e+04 6.332949962329540540e+03 -8.980024585491168182e+03 -7.310282544712491472e+03 -2.002513040143935723e+04 -3.674726520568339038e+04 -3.466396989757704887e+03 -5.060778822798368310e+03 -1.247639537206690511e+04 -1.057874385048384647e+04 1.538398575169946753e+03 1.020082027469418063e+04 6.557450910252388894e+03 6.131641698657394954e+03 4.031763560412617835e+02 -3.231352442728526057e+03 -3.297211483730830423e+03 -1.285021649682230782e+04 -3.123045888992501204e+03 -1.087152208802639962e+03 -4.327540796246233867e+02 -6.380130217079677095e+03 -3.804715457687514572e+03 1.263939516120972399e+02 -4.503679956979933195e+03 3.975623642650009515e+02 2.151333968886206549e+03 4.598143269001686349e+03 1.709700109396842774e+06 2.523789092129494995e+06 6.817610331279142993e+05 2.006065636136668327e+05 1.931374352864873945e+05 2.337559563330111632e+04 1.073550985967778834e+05 6.464359341791710904e+04 4.498384158725960879e+04 1.139410274664664757e+04 -1.632552528862506006e+04 -3.762684629521643365e+04 -1.479790049033803552e+04 1.215209794577984758e+04 6.604559866541453630e+03 8.281316186692905831e+03 3.228612418136936685e+04 -1.662658988950360435e+04 1.960182014144219283e+04 1.753974699376059561e+03 -1.208771268663303999e+04 -2.046106624857983843e+04 -3.827276253356651068e+03 2.413114953573693128e+03 1.620143492144707852e+04 8.404263953280598798e+03 9.354908111202665850e+02 1.731827134449846639e+01 -1.846058963647950804e+03 -8.408044608800399146e+03 6.081145221655249770e+03 -4.424784711649514975e+03 1.540658493483795155e+03 -4.862089903161103734e+02 7.074342199130444897e+03 4.224960092646445446e+03 4.847519126045644953e+03 3.746214068484919153e+03 -3.486114634661184027e+03 -2.343206636634084134e+03
3.444714171666787006e+05 9.141126460007848218e+05 1.368822492731715553e+06 3.486973789131276426e+05 5.091706915876500716e+04 2.573781707615888445e+04 1.561582112654790762e+04 5.768373515020493869e+03 8.213262843413180235e+03 1.087767913914728888e+04 9.707109187466776348e+03 7.093213469737518608e+03 8.486653756886237261e+02 1.919020505517974470e+03 2.986292958131567502e+03 -1.922192850882267692e+02 -6.514603948303426932e+02 -2.630147929016412490e+03 -1.237618655318985248e+03 3.362431039031688215e+03 4.433775908179252838e+03 4.396668013134062676e+03 -4.675144793126448803e+02 2.455249386130396090e+02 8.094621568120858868e+00 -1.553642556893978053e+03 -8.031639180027149223e+02 -7.901505624002273009e+01 -1.424704014100123914e+03 1.690850208852919650e+03 -1.892047525180712455e+02 1.416329503521363904e+03 -1.926162159548643729e+02 -3.489424916776442842e+02 -3.957766309713052806e+02 1.738601510100783685e+02 -5.787346146290434490e+02 2.503192584528241582e+02 -8.745542634440091945e+00 -5.111861281846847760e+02 -3.446731510065738112e+05 -6.081494659162624739e+05 -8.143073828779009636e+05 -2.966254334681925247e+05 -1.288343500525472336e+05 -6.044486520903636847e+04 1.361907411854996826e+04 4.796460574991985595e+03 -7.307703219918738796e+03 1.843002302450239222e+04 2.477282726423453278e+04 1.062031811679707971e+04 6.920891768400001638e+03 2.280831038768670624e+03 1.180128216156394410e+04 2.287684959473536310e+03 7.326560456255526333e+03 -6.783253307638183287e+03 7.105002522448548007e+03 2.309217093263697734e+03 6.151182910398948479e+03 1.107861176763500680e+03 -1.222486359492159664e+02 1.536156330918088315e+03 3.463800047142195126e+03 -3.129041361900936522e+02 -4.679987603462666812e+03 -2.742718328768868560e+03 2.763390331420388065e+03 -1.077066102517155514e+03 -5.880508922750786951e+02 5.875345144156527795e+02 -8.785654388979409077e+02 -1.354017418010396113e+03 4.070612560995375020e+02 1.103617908537666608e+03 -2.198051284703804868e+03 5.032388616364758605e+02 4.834332098088526436e+03 -3.809904941011980668e+02 2.894588000569436645e+03 6.217845920971175656e+04 3.638191796466283849e+05 3.141183563830596904e+04 7.225470843352220254e+04 5.225562888690888940e+04 3.589600342429721059e+04 3.976851389296761045e+04 2.649951173591912084e+04 -1.257348787083127172e+04 -4.074766375007879105e+04 -1.627530348841679188e+04 -1.528799806849830384e+04 1.004279217320174394e+04 1.110916102835012316e+04 -5.229888773258070614e+03 1.509184171323308328e+04 -9.400826484372240884e+03 3.335049026034537292e+03 1.487399611161398028e+01 5.104028191046059874e+03 -1.748380873781333548e+03 -2.163939656206096060e+03 2.099730935984095595e+03 -2.927844841142511086e+03 -3.252272908473962616e+03 -5.024200419329719807e+03 -3.930004617497511390e+02 -6.919792965362051291e+03 -4.982011616268762282e+02 7.583929694398068932e+03 -1.443352213421853094e+03 -1.911250258157358758e+03 -5.972543178576175706e+03 2.534030077351380442e+03 4.555329738669085600e+03 -2.264663515519192970e+03 3.817163619328473487e+03 9.634314433094840524e+02 -9.941006141854254565e+02
2.224967182754939713e+05 2.264742408766907174e+05 3.486973789131276426e+05 5.453622820379440673e+05 1.180187560720618203e+05 1.932422188986644687e+04 5.123123143832155620e+03 5.272401540364548964e+03 -1.328157352543408024e+03 -2.204328913881900917e+03 -1.511763268142559582e+03 -8.415730849388202159e+02 1.808712479539299693e+03 9.023991905295060860e+02 -1.107881111236670932e+02 5.037453351012574672e+02 1.071487739337936091e+03 -7.186328561948252514e+01 1.827656076970944525e+02 1.353628882103268779e+03 2.640771791654650315e+03 2.273851282733009157e+03 1.267422152781655541e+03 1.275542216655563152e+03 4.381041201325459724e+02 -2.536406301638747664e+03 -4.739459405260770950e+02 1.528577443953868396e+03 6.342850421962073142e+02 6.080829932014534052e+02 -1.882792872379502285e+02 7.622828577467230389e+02 -1.644690181717334667e+02 -1.202557721072753111e+03 -8.445690755060933270e+02 -3.624552020472242475e+02 -8.556657222929108286e+01 1.684786296479286705e+02 5.174147286489026953e+01 -6.899231083357090029e+02 -8.556576813394621422e+04 -2.780931805419598822e+05 -1.720300789020188677e+05 -1.718668438923007052e+05 -8.569395054461558175e+04 -4.763155169404214394e+04 6.462539096109743696e+03 -2.475756908359933732e+03 7.294154530062020967e+03 1.964727607570606324e+03 4.258731420951417022e+03 2.137862213385225459e+03 3.650895750845484599e+03 2.174345234945453740e+03 4.240321414788761103e+03 4.855805432699937228e+03 8.067548210267485956e+03 4.964530863505188790e+03 3.383908357927226007e+03 1.668109159334520882e+03 7.077173234719967695e+03 1.856458839223740824e+03 2.628149399104504027e+03 3.963103395650403399e+03 4.650733491503984624e+03 1.110234640345557182e+03 -3.824862557348422342e+03 -1.059107143843653603e+03 -1.016533347199891466e+02 -2.437125345395381373e+03 4.424534154688907392e+02 -1.252302498776248640e+01 -2.682154321137835268e+03 -4.256067406778172881e+03 -2.194691906150026171e+03 -1.167031231983505222e+03 -7.428833159385446834e+02 -2.451034978966815174e+02 1.014850469660808017e+03 -1.175347995640725912e+03 -8.678922448112313577e+04 1.274939939412182430e+05 1.384000540953961900e+05 1.269015959575043671e+05 6.998701057757846684e+03 -1.317172471022311947e+04 1.342503777502146113e+04 9.149539982152788070e+03 4.084118741179930566e+03 -9.188339707686533075e+03 -1.519276944714104320e+04 -8.373053668268943511e+03 6.874023032433244225e+03 1.918373798604330432e+03 1.144933771205706762e+04 6.817270306258601522e+03 6.161414302936206695e+03 -7.092865925215501193e+02 5.447971898838141897e+03 -6.029644709187535909e+02 8.221207593131295653e+03 -1.355273240043840417e+02 1.110962224175216306e+03 -2.693114416847960911e+03 -3.179520259324707240e+03 -5.466935868552940519e+03 -5.986264567744483429e+03 -4.082282734009375872e+03 -1.797709703596410463e+03 -1.256508383191698357e+02 5.363430599549842555e+02 -7.815741050938331682e+02 3.601783104156829268e+03 -5.397546800084148799e+02 -1.944709890847049110e+02 4.073247263126027065e+02 1.070530314540942072e+03 -6.686935662022212910e+02 8.494975177187734516e+02 8.581714996266696289e+02
1.196270337383008446e+05 1.016096303522703965e+05 5.091706915876500716e+04 1.180187560720618203e+05 2.145635935859498277e+05 5.509533469350594532e+04 1.353589808447798714e+04 7.206367982643429968e+03 9.227754132102820677e+02 -5.929630761313877656e+02 6.054873840527852735e+01 1.072899487214006513e+03 1.753652114121538716e+03 2.177132220727638469e+03 1.148538675768193571e+03 1.754060244200740499e+03 1.707789901776514398e+03 3.544861900995151132e+02 1.104206025213612747e+03 -8.276445156062862907e+02 1.534977236523232307e+02 6.202352458209232964e+02 6.760831598854957747e+02 5.917655168837011388e+02 6.621490470394016938e+02 -7.451319381998545168e+02 3.467150334922167758e+02 2.642747555834034756e+02 8.282998411227043789e+01 1.531192731953174473e+02 -5.474866479341033028e+02 -8.077877190827747427e+02 -2.944781706821256648e+02 -2.081408213360645902e+02 3.008679095080570391e+02 -2.511169854856907477e+02 3.643350930986572962e+02 -1.193525702690267138e+02 5.630547639138650311e+02 -1.158467095642165923e+01 -7.684869314663235855e+04 -9.113191412196774763e+03 4.646055600733786378e+03 -3.665983343963092193e+04 -5.357354165776407899e+04 -3.320996669982278399e+04 -9.576391334159445250e+03 -8.512309859917510039e+03 -4.487413075342290540e+03 -4.153758719828624635e+03 -7.997610105457187274e+03 -4.259626262700161533e+03 -7.116060661522749797e+03 1.852858869255712762e+03 -2.557085276817487284e+03 2.692396333326475542e+03 -1.741227200089627104e+03 -3.926528693675320937e+03 -2.474208753138634165e+03 1.815652777535632367e+02 1.870583768416097143e+02 -1.234523611761008397e+03 -8.472373648945291791e+01 -1.318668268023409610e+03 2.118309550437291819e+03 5.584519229476045439e+02 -9.399239659512694516e+02 8.074331932497443631e+02 -1.388889019678835211e+03 -7.570140591573731399e+02 1.015996785938613243e+03 1.343796681631199817e+03 -9.726190749490692724e+02 -1.787795723007325932e+03 -1.511989891532359707e+03 -5.974722003616602706e+02 6.499422210170984044e+02 -9.728349714148653504e+01 -5.289432673334642914e+02 -4.397017400260814952e+02 2.701740316027791778e+04 6.142095131100719300e+03 -9.481177144045474051e+03 4.545023202177011262e+04 5.756879897077954956e+04 -1.733114157427300233e+04 6.083101561647416702e+02 6.954893240872492242e+03 -3.078123578940418156e+03 -5.234315485918419654e+03 -2.544619289325156842e+03 7.087932733175937301e+02 -7.557473527688205195e+02 4.704351366582987794e+03 9.392587849813838830e+02 2.863441695955521027e+03 3.567586426229199219e+02 -2.236833963186872552e+03 5.192311420183766586e+02 -5.679903183004710172e+02 -3.199078963921898549e+02 -2.563235308343892598e+02 -5.397014048549079916e+02 -3.208066701201172691e+03 -1.556917167816263145e+03 -2.364541372765456799e+03 -9.931719332594204843e+02 -1.583872817826312712e+03 -2.199520512532736575e+03 -9.704997713640756274e+02 1.021557129727363645e+03 -1.375763479144320399e+03 -9.430904443466172324e+02 -1.199025700874149152e+03 1.715651564178223509e+02 -1.431487066063607244e+03 7.054407534816034513e+02 1.006405567808615160e+03 8.790734436112132926e+02 3.845010124706744818e+02
1.209965505411923950e+05 5.147694129162977333e+04 2.573781707615888445e+04 1.932422188986644687e+04 5.509533469350594532e+04 1.267291844767022412e+05 3.152740014832388624e+04 1.006827908009433122e+04 3.565461365525190104e+03 5.401405649059370262e+03 1.444946114759952707e+03 -1.187061737727310202e+02 -2.914600919374086061e+02 1.830238277931643097e+03 1.597913205946767903e+03 2.799864875607918293e+03 2.037724617528438102e+03 4.870842592104286268e+02 1.069909500590259540e+03 -4.740003114743342962e+02 7.071404538305725964e+02 3.028366624392805306e+02 1.206902867836764415e+02 1.827918383228654022e+02 6.341261320932645731e+02 -6.116623652926182153e+00 4.389225094185295717e+01 -3.077429558517450801e+02 -2.172507683431183239e+02 -5.063443929523423890e+02 2.140764908798816748e+02 -3.103266292370925683e+01 3.092429812173845107e+02 3.151367863556990301e+02 1.197024180065954795e+02 2.293765648985189642e+01 2.598453502355230853e+02 7.540123988684469225e+01 1.079020193132785579e+02 -3.201336886600117282e+01 -7.776979700503284403e+04 -2.913957126749305462e+04 -2.109336172696133508e+04 -8.830096031723913256e+03 -1.221926624129395532e+04 2.776076227033054238e+03 2.349483319520836062e+02 -2.425287842431544959e+03 -6.990841269354388714e+03 -3.686825607971313730e+03 -6.435223297605853077e+03 -6.733976726505696888e+02 1.567960997475612203e+03 -2.893604985319545449e+03 -1.237749802275743832e+03 5.565282872569569008e+02 -6.947313034426564400e+02 -3.524083545802960771e+02 -1.513546771535601465e+03 3.825292274474989426e+03 3.416215849990203424e+02 -9.947176362896816499e+02 -3.546744638089934369e+02 -9.521760032157348519e+01 -6.121059071835452414e+02 -2.634023998354587661e+02 -9.226554338600550409e+01 -1.569869662942952004e+02 -3.052319181164646125e+02 -9.915953512417478350e+02 4.739691736714719354e+02 -1.664986604081898065e+02 5.738776488373747497e+01 -7.809485611272366157e+01 2.602010047804221244e+02 7.452801529813754087e+02 3.163670460180728128e+02 -5.514332113343473338e+02 -6.967487635384346731e+02 1.793313794684152640e+02 1.544626475310342721e+04 -7.515830208902768391e+03 3.545366648615568556e+04 -4.044461349520548993e+03 -2.159356695375380150e+04 7.343014988171153163e+02 -1.941665892231388352e+04 4.664271346522426029e+03 1.249969408376005413e+04 1.593013414036214726e+03 7.591678014377934232e+03 4.906666377479846233e+02 4.375780483072117022e+03 9.255251560074997542e+03 -7.491452014423774699e+02 1.823392886100517671e+03 3.091574507083896151e+03 -3.517779165867712436e+03 -2.931021235470378542e+03 -2.650388738929813371e+03 -1.855638864076365280e+03 2.305370938033185553e+02 1.993798659429256759e+03 1.676811170511063267e+02 3.101966795025203965e+02 -3.477525677875731276e+02 6.556609882406096403e+02 -7.102350818438438296e+01 -9.037587226093180561e+02 -1.248067620968265146e+03 2.040965944895740904e+03 -3.504105601952169309e+02 -1.823571878578508858e+03 -5.263954128651475912e+02 -6.057000703234294861e+02 -6.443025528554400125e+02 -3.455546783928990635e+02 -6.403687910321764321e+02 1.299511624881672333e+03 1.619647017050491513e+02
-1.178479189568159200e+04 2.942926261624041217e+04 1.561582112654790762e+04 5.123123143832155620e+03 1.353589808447798714e+04 3.152740014832388624e+04 8.380656748456531204e+04 2.455694021509749291e+04 7.677315356770160179e+03 4.769018044633802674e+03 6.651947883859359081e+02 -8.138648565502714760e+00 2.697668656941987138e+02 -8.516504704840764362e+02 7.002485841456210665e+02 1.084840680338216316e+03 2.139073526898158434e+03 3.784398670017116615e+02 5.470080418161102642e+01 -7.293549155106722992e+02 9.376859462627112407e+02 1.334379089980285187e+02 8.137785756364785072e+00 7.668183593682110768e+02 -6.280256954170883033e-01 -4.470400889359358985e+02 -4.071144766060918414e+02 -1.538945425341075293e+02 -9.036740024379778902e+01 -3.148993993315185662e+02 6.161653190428139482e+01 4.508243663069508855e+00 3.786863978978668683e+02 -2.015775730485198665e+02 6.447236785207093135e+01 -1.110609938572483202e+01 -3.201355557278672936e+00 -1.169696128391599643e+02 1.050720977757723205e+02 1.914978286773407490e+02 5.907375701035615930e+04 3.215225430339968079e+04 -2.969108318922922626e+04 -1.073048052116676627e+04 1.488564413452610097e+03 1.156941130357297152e+04 9.826096229639975718e+03 -5.569031727813798170e+03 -3.086872945307520695e+03 -5.493801481630513308e+02 -4.048762597544424807e+03 1.771633508160916335e+03 -4.578933575299850418e+03 -2.503934775894264021e+03 -9.872984326526396899e+02 -1.683192406516833671e+03 1.380150277282340767e+03 2.675016005458722702e+03 4.989779083023985322e+02 1.501650530154169019e+02 -4.894724789205244520e+02 -1.335142065335596044e+03 3.140241091001441305e+02 8.110017270050105935e+02 -2.611835729482234001e+02 -6.739775017019318284e+02 -7.142282580475667828e+02 -3.885936951969591746e+02 -1.794323627417420255e+02 -3.739246100473287129e+02 2.928943062647959437e+02 -2.858514741033127962e+02 -9.725770824729123660e+02 2.393595815682242289e+02 6.876509077412111992e+02 6.131444914316746235e+02 5.066443668054766363e+02 6.883266593823857420e+02 5.446996407514881184e+02 6.534993776699204204e+01 -1.379279605804959283e+04 -5.806663890013247874e+04 -3.138638572828568067e+04 3.916802619558948209e+02 -1.280047119381054290e+04 2.868257293238110606e+02 -1.957123773824560885e+03 3.114804490187004831e+03 3.986898918858913021e+03 -1.480464791830064087e+03 2.219166331460741276e+03 -1.336092767112673073e+03 -6.727329815220798082e+03 5.814058375376212098e+03 1.938860142300309917e+03 -9.438210712880868414e+01 1.732941262946336792e+03 -3.838998017160595282e+02 -2.633292385471988837e+02 -1.055384013670621925e+03 -2.317570032511994214e+03 9.887582147014668976e+01 1.463792843127877859e+03 9.539555529339984332e+02 3.693395740401854255e+02 3.883827797652563252e+00 3.496813926964755979e+02 2.641358416957190798e+02 2.289680232183876853e+02 -3.463027333797955407e+02 9.393242452970224576e+01 -1.070702879223445620e+02 -6.581526477676858349e+02 -1.065005275081264699e+03 -1.810221398027950670e+02 7.236922366355369149e+02 -2.753974778930340221e+02 -1.818359598574751885e+02 -7.332938733667044744e+02 -4.202913700258201857e+02
-4.013211600368366635e+04 2.740645932955791068e+04 5.768373515020493869e+03 5.272401540364548964e+03 7.206367982643429968e+03 1.006827908009433122e+04 2.455694021509749291e+04 5.394968207367605646e+04 1.364341910626529170e+04 4.201681000262404268e+03 -3.566198742319650137e+02 -1.162724786037477145e+02 -1.347839078801236610e+03 2.105654269757367558e+02 5.754856359095732188e+01 -2.569049078364256644e+01 6.711112712254325743e+02 3.874111703108638949e+02 7.264852791169326807e+00 1.410095542638862298e+02 5.729389626308957304e+02 2.488985983793097887e+02 3.330527827611759903e+02 1.316976055496502340e+03 2.251864882016694480e+02 7.157447097174669182e+01 -1.766286104035661140e+02 -9.920280132853876864e+01 -1.503847734747107836e+02 2.570485997116289667e+01 2.866363276264349480e+01 -1.239153474191970083e+01 1.621601113908433831e+02 5.452414447754642168e+01 -3.461980510245818010e+01 -1.633423296580049850e+02 -4.205499903067028811e+01 -4.437152900816791856e+01 1.461634366319073024e+02 3.581101410081575409e+02 1.076068543694782784e+04 -2.865039890705265134e+04 -7.723645019156238050e+03 -9.768109676950711219e+03 4.854090328544694785e+03 1.027960745896675871e+04 7.438203743871192273e+03 1.084313021829714489e+04 -9.926304844090404913e+02 5.076551679007450701e+01 -3.416722300247572548e+03 -5.779439157060772914e+02 -3.103320288639911269e+03 2.007187758257215933e+02 -1.861103531037477296e+03 4.981784229076798169e+02 1.797353981683829261e+03 1.503101059229541534e+03 -1.082938035827043905e+03 8.764314351704275623e+02 2.727513507032679172e+02 1.859842981463591514e+02 -6.202021526143429355e+02 6.719348062141399396e+02 -4.553896896010000006e+01 -4.051847846825277770e+02 4.753300958597379804e+02 2.121024557455110937e+02 -1.379554484802891636e+02 4.086083538507102162e+02 6.959186333997358531e+01 4.549497558455692570e+01 -7.354103415902570759e+02 -3.996449197511075226e+02 -9.317394389296303814e+00 1.220556808818191428e+02 7.231497211335680504e+02 -3.960547614055515737e+02 -1.163588653055125803e+02 -4.102015328626956716e+02 -1.551683802061851566e+04 5.915135141646939701e+03 -4.567861103484735395e+03 -1.268701871894349279e+04 -4.194883217172391596e+03 3.609019044166983804e+03 3.161987238148912638e+03 1.023100546439055870e+04 9.026653036419564160e+03 6.763533918836801604e+03 3.969561919166479129e+03 3.075253316790711779e+03 1.366355686933017296e+03 1.977955312269076103e+03 6.229483814481443460e+02 8.011071196400307599e+02 -1.163342952841344641e+03 6.326648081432824711e+02 8.223533541800836133e+01 1.056853574702051446e+03 -4.315418915690516997e+02 -2.100223049748931885e+02 1.069314572423400250e+03 -2.029665408043392461e+02 -7.962524422622409475e+02 -8.567314071891541971e+02 -1.264334651146001079e+03 1.580672380547319733e+02 5.775131753922800044e+02 7.488109319742027026e+01 -2.070481432643681501e+02 -1.267627816895254227e+03 -1.079540604757143683e+03 -7.674261590111510714e+02 4.475422352524336134e+02 2.674835968345658799e+01 9.827859604281081829e+02 1.599996290093873483e+02 8.546106234208340879e+01 1.206367621955723024e+02
-1.201686935241253923e+04 1.427186420435761829e+04 8.213262843413180235e+03 -1.328157352543408024e+03 9.227754132102820677e+02 3.565461365525190104e+03 7.677315356770160179e+03 1.364341910626529170e+04 3.726113753784514847e+04 1.147454222890302844e+04 1.648878170999522354e+03 -8.333938260643830063e+02 -6.544033045954048475e+02 -5.141735001496355153e+02 -6.539598545565002041e+02 -1.351517552586780937e+02 -7.401517114681706744e+01 -3.175307725418670657e+02 -1.929530445732313240e+02 2.584091525741551436e+02 5.034949415944984139e+02 3.786326386576843106e+02 3.950860434740763480e+02 5.017329646567481518e+02 2.958803549598201812e+02 -5.731726369184048053e+01 8.130222057638142985e+00 -1.113087849873167556e+02 -1.386329549757330710e+02 2.212510517475951133e+02 3.551883834003965603e+02 4.901054629713222539e+02 -9.365259414240188107e+01 -1.192229960674671645e+02 -2.336784625394014938e+02 -1.502241543881181087e+02 -1.260549182155538830e+02 -1.678524935498730386e+01 1.974268969285877233e+02 8.335311888343078124e+01 -7.048870168081468364e+03 2.137145678972120368e+04 1.767186524646341468e+03 -8.055324680889796582e+03 -4.366355149174782127e+03 1.011740248510063248e+04 2.885962068798934979e+03 3.470040824263198829e+03 8.992574858933694486e+03 2.662510626644544573e+03 -2.671868592743704085e+03 -1.971821543523041555e+03 -1.557386878078593099e+03 -2.241426371998699949e+02 -2.017401200057183530e+01 -1.136805444619182737e+02 -4.561186634234799442e+01 -1.693830641817767173e+03 -2.065937719503037613e+02 1.554452908807860751e+02 -4.647812484618806650e+01 -6.201243507163428603e+02 5.499723537948217427e+02 5.384671242866177181e+02 4.903859188514062453e+02 -2.860990824869149378e+02 2.538166555099594746e+01 -1.049181544024735615e+02 -2.542529534487356457e+01 -5.172708386185074687e+02 -4.555182337251254125e+02 1.901210774080450250e+01 -5.253686118444047679e+02 4.513944082836863458e+01 1.049555948334020030e+02 -4.382488216590828642e+02 8.065736408696952253e+01 -3.066563471744069602e+02 -4.049455993287180977e-01 -3.404721618517027650e+02 1.055672649488490606e+04 6.513475201943617321e+03 1.483713064278445563e+04 -2.458932882702781171e+03 -7.772800830165867410e+03 4.234271995150089424e+03 -1.788885674708794340e+03 7.199785308156686369e+03 5.921959671886892465e+03 -7.867586584645362109e+02 -9.372204288530019767e+02 1.598136532555276744e+03 -1.237703641507172733e+03 -3.916995785728896635e+02 3.283379750182606585e+03 2.143296450915372134e+03 1.232537259496280058e+03 -1.178951743542937265e+03 -1.363437176157780414e+03 1.485853366743185461e+03 4.759948596692792222e+01 -9.474336260753850638e+02 1.914335504538132398e+02 -1.024700289353495464e+02 -4.813584884739395306e+02 9.067484048114936286e+02 -1.403427952962069583e+02 6.755314059879398769e+01 -2.104769029094148323e+02 -5.576602683245267826e+02 5.791810954320243354e+02 -1.573589872887021457e+01 5.063705223844426655e+02 -1.263707763013758722e+03 -2.649467013448492594e+02 -1.793418419223266653e+02 4.239731995982540980e+02 1.924016731266279976e+02 -7.441650701901470484e+02 -8.480665830307435726e+02
-1.967710060157708722e+04 4.803641449246015327e+03 1.087767913914728888e+04 -2.204328913881900917e+03 -5.929630761313877656e+02 5.401405649059370262e+03 4.769018044633802674e+03 4.201681000262404268e+03 1.147454222890302844e+04 2.613667314693582375e+04 7.667745440303489886e+03 1.240472205458239841e+03 7.009702720952826667e+02 8.627404175135628748e+02 -2.864317022065555420e+02 5.892123860551620282e+02 3.701635041448846550e+02 -2.305381948192250263e+01 8.330862627036546542e+01 1.934472214434556747e+02 2.722412919074164392e+02 3.319862061000524136e+02 5.665138655649799375e+02 2.730557417773607085e+02 5.689874502857047389e+01 -7.657914603244739737e+01 1.028926244082255437e+01 -3.162938676100972089e+02 1.288177188546926288e+02 1.885818150486885543e+02 1.659172505656768521e+02 3.167643962932701811e+02 -8.323810389999935921e+01 -1.270530454647056331e+02 -4.447874303435911258e+01 -7.619017206152751953e+01 -3.506033805010600446e+01 1.805980124468078785e+01 1.145680825641572795e+02 1.240797165123001022e+01 3.233092279160460384e+04 6.044421818650401838e+04 3.205033163249659992e+03 3.436721573739023370e+03 9.445664030105197526e+03 7.686319952492360244e+03 4.686715380505956091e+03 2.618265146495220961e+02 7.741938111785783576e+02 7.285448240082796474e+03 -2.370887038304071211e+03 -2.281418979103602396e+03 -3.086663472656043268e+03 -1.300989929091836757e+03 2.533275923157737566e+02 4.127812223007396142e+02 1.351040080179693405e+03 -1.157788703155509666e+03 6.705312286913341495e+02 1.231950739390823173e+03 1.188207269051389630e+03 2.846212009852302458e+02 2.735121584199525202e+01 5.921175326513962318e+02 5.182707600810928739e+01 -1.300018778867598712e+02 -2.654121394945104839e+02 -1.298001226398586709e+02 3.197395904403483087e+02 -1.233564830871981854e+02 1.004881445746646023e+02 2.530124697861715504e+02 -6.941459525222794014e+01 -1.141346395086547574e+02 -2.784498442269575662e+02 -2.524265142371639570e+02 -2.718490213253235765e+02 -2.180961477436061102e+02 7.140474624737825593e+01 1.327083593168682398e+02 -9.710403879259029054e+03 -1.754386197231445476e+04 1.028983014930360696e+03 -4.380206231841243039e+02 -1.390875580570432612e+04 -7.461765795952902408e+03 -9.679076691164911608e+03 -4.279056321720122469e+03 -3.981726332500603149e+01 -1.447455665395691994e+03 -7.092584835812677966e+02 -1.209798736537884452e+03 -1.620353281027655157e+03 5.023969557513008226e+02 1.322656216166281411e+03 1.792621033387150419e+03 4.480153717608536112e+02 -6.291860827016793110e+02 -1.186163310995117627e+03 1.481016524348285429e+03 5.060830229595442376e+01 -6.433070942856144256e+02 -2.390352493055974890e+02 -8.423655854069467352e+01 -1.059527493852139344e+02 2.597298505583087262e+02 1.357830698181423031e+03 2.219432245640491885e+01 -6.073340402335221455e+01 -1.021337848600365987e+03 6.030082041251497458e+02 8.924740608468532628e+02 -1.497813248477288539e+02 -6.030624015306664205e+02 -5.507995777010798122e+00 -3.001587626315741772e+02 3.451851092853485170e+02 1.021806719282709430e+01 -4.309857846906850227e+02 -4.386643974553053340e+02
-1.255293641871727232e+04 6.104312327538958925e+03 9.707109187466776348e+03 -1.511763268142559582e+03 6.054873840527852735e+01 1.444946114759952707e+03 6.651947883859359081e+02 -3.566198742319650137e+02 1.648878170999522354e+03 7.667745440303489886e+03 1.912721562824537614e+04 4.688077698330753265e+03 9.154875862471203618e+02 8.892285195893982745e+02 1.072564257692039149e+02 3.936430486564146349e+02 3.521472962092632741e+01 1.002044395241714057e+02 3.135675955435659148e+02 4.504462992945316557e+01 4.088215862400259084e+02 3.037244644242916252e+02 8.050463266438782739e+01 -1.299452476537701955e+02 1.455046082000260412e+02 1.702389322928632680e+02 3.819790443771277921e+01 -2.679395203637608347e+02 1.624455042614949889e+02 1.751175706547050837e+01 6.777230107557367944e+01 2.040715867932645153e+02 9.066594397937826955e+01 -1.034240971932340045e+02 1.754241485741762219e+01 -1.652722525469419068e+01 2.426030483634235679e+01 1.748592542257394200e+01 5.137248159633666944e+01 3.761168988387647971e+01 1.777895990854890624e+04 3.296086198686297575e+04 5.443575099359882188e+03 1.055662435574395568e+04 7.501754900526836536e+03 6.746312829749378579e+03 4.777453942862402982e+03 -5.145745707411507510e+02 -7.574163377903188348e+02 1.954152522762038416e+03 3.114082940942912501e+03 -9.473500454727220585e+02 -1.170729788957138226e+03 -9.972972080985924777e+02 -5.528016435087105265e+02 4.977404329387251209e+02 9.335979744031759537e+02 -2.820312882809140547e+02 -1.239161153769802866e+02 1.334962936653953705e+02 5.238723717830486066e+02 -1.073467248523076478e+03 -4.086551635999379073e+02 -2.205559286114016402e+02 -9.912873387378708401e+01 -3.683924303107835385e+02 -2.245186119822955959e+02 -5.247565297688372539e+02 -4.089649894920639781e+02 -3.350296340409431082e+02 -2.888547888521259210e+02 4.570319627771152682e+02 4.453782479785601822e+02 -4.371129813625848071e-01 -4.752594329360863981e+02 -2.045878851587192742e+02 -4.103648607211858348e+02 -1.684848930861505494e+02 -2.943068301368186326e+02 -2.334783678845302290e+02 -6.432579955915772416e+02 -1.279117772517117191e+04 8.605074819359393587e+03 4.453918874096159925e+03 -6.264918520034847461e+03 -3.088129590144641952e+03 -1.362759916044059082e+03 1.558358666762275107e+03 -1.784658986332047107e+03 -1.487339984056603271e+03 9.008377874969572758e+02 -1.767128838003107148e+03 -2.119386042653535540e+01 4.343985993067000209e+02 1.409179437276065073e+03 8.156810621523844702e+02 6.467678589053725773e+02 -7.796945794388492459e+02 -8.360267623701291768e+02 -6.186979706642654264e+02 -1.404458270550856241e+03 -1.096222908853997069e+03 2.022479932093424111e+02 -9.678558588727120195e+02 -5.337683140732427773e+02 -1.247929802021210861e+02 4.842610878712420117e+02 -6.482845339075740867e+02 -3.850799250382203240e+02 -3.583740244131273585e+02 -2.093366729483311133e+02 5.383523919944990439e+02 5.890873069259595241e+02 7.083713486489452862e+02 -5.954011237522245210e+02 -3.855888274234235382e+02 -4.940779739406231101e+02 2.452472864716308436e+02 -6.794250043671371486e+01 1.397711576549995414e+02
-1.157293059856957552e+04 8.233926099246798913e+03 7.093213469737518608e+03 -8.415730849388202159e+02 1.072899487214006513e+03 -1.187061737727310202e+02 -8.138648565502714760e+00 -1.162724786037477145e+02 -8.333938260643830063e+02 1.240472205458239841e+03 4.688077698330753265e+03 1.437527887154276323e+04 3.872507703494021825e+03 5.277187513071561398e+02 -3.178636814187772330e+01 -1.018324344415243843e+02 2.893826630189788602e+02 -6.794881529770992756e+01 3.346310357140696823e+01 8.311783788198653156e+01 -1.219630466081553664e+02 2.105834370244286902e+02 -1.016183414282764943e+02 -2.813276310438817518e+01 1.900211368013358424e+02 1.288928493809727982e+01 -9.424990530689812829e+01 -1.168228463597168343e+02 7.238478084951785263e+01 7.933870439883776271e+01 6.624798521713536559e+01 2.604946055724282701e+02 2.455761931475628330e+02 1.775007853087405465e+02 2.175677094921669266e+02 1.568882312055488910e+02 -1.811812307838252778e+01 -6.789186882201377671e+01 -9.835165673050621393e+00 1.270881738927991194e+02 -4.117331633903371767e+03 -5.133891671615046107e+03 -1.147457506812237443e+04 1.134598197984189937e+04 2.378706322525616088e+03 -8.207938742008008148e+02 -1.829812648259758362e+03 3.020650896234781612e+03 -3.066854330160761606e+02 4.618378320487893802e+02 3.920257444798054394e+02 5.954832032874821380e+03 -2.197238192123958527e+02 -9.778949796915652541e+02 -1.286464388707457829e+03 1.297453929079826480e+02 1.350259820639819054e+03 -2.302397070666014827e+02 5.983360496569336107e+01 1.196651423222044457e+02 7.770671009986917852e+02 6.633836959247666698e+01 2.875480113061162228e+02 -7.450262774737645941e+02 -2.404936785707804745e+02 1.864425199951409127e+02 -1.464106688639301126e+02 1.999738775592981455e+01 4.130139157204929461e+02 -7.281732198237961029e+01 2.530695455367196871e+02 3.591256987313192894e+02 -7.569419547851366836e+00 1.030721905581363984e+02 4.353018809388171917e+01 2.794147403821214652e+02 -2.787705036672604706e+02 -5.084108491992481618e+02 -6.816371067749130930e+01 3.030978168201916105e+02 -4.953499862418369958e+03 -8.979398750682898026e+03 2.397838748824508002e+04 8.914476144560517241e+02 2.330742950802653922e+03 -1.894807863046082730e+03 3.675600599433172647e+03 5.833385579914419395e+03 1.653964458709991277e+03 3.211802921968153441e+03 -1.313504717069815570e+03 1.249557382274068004e+03 -1.483055631508281522e+03 -1.457283282774178872e+02 6.836134468127737591e+02 -1.169724825395219568e+03 1.498254446813763934e+03 -2.531023139460074276e+02 9.406047519728375619e+02 1.900023124154606364e+02 5.165519163583296347e+01 -7.837314564581194531e+01 4.294975080630489401e+02 -1.036130534654118492e+03 -4.452460898642058282e+02 -1.805955691732395110e+02 -2.767936748756418410e+02 1.900179628576267987e+02 -1.390901372969327809e+01 -4.391226349944006557e+01 -1.896793187423087943e+02 3.941564321724383149e+02 -2.146672470265039578e+02 1.183364659746472825e+02 -4.142987833565775873e+02 -5.119925765648343940e+02 3.843478690364652550e+01 -2.601068449488967644e+02 -4.115199261069410568e+02 -2.219031378586361711e+02
3.701897959283228556e+04 1.162120219504870329e+04 8.486653756886237261e+02 1.808712479539299693e+03 1.753652114121538716e+03 -2.914600919374086061e+02 2.697668656941987138e+02 -1.347839078801236610e+03 -6.544033045954048475e+02 7.009702720952826667e+02 9.154875862471203618e+02 3.872507703494021825e+03 1.140358894125492407e+04 3.747959570586307109e+03 4.633824905873897819e+02 1.995845797685715581e+02 4.466618296889206476e+02 1.065383344148862790e+02 1.358964963960903560e+02 5.500975903840104593e+02 8.742446290476055992e+01 2.131327344650721329e+02 2.156103909360383284e+02 1.049776741229965751e+02 1.709321997857271072e+02 1.870490077652990522e+02 -1.052378419181301439e+02 5.731167659284488280e+01 1.445259202468024284e+02 1.886033638302255326e+02 6.589888732873686195e+01 3.310823038634696758e+01 1.121233701377638425e+02 3.181076071786054449e+00 1.991968717286107164e+02 1.705817371157207845e+02 7.022889958529833621e+01 -3.963263540912078753e+01 9.329168931062085335e+01 -5.818979472353744598e+01 -1.245636293475332786e+04 -6.492892822418067226e+03 -1.332752722480745979e+04 1.304872730028915157e+03 -8.815148007844550193e+01 -1.417687413512882813e+03 4.818921034492774425e+01 2.418497727363960621e+03 -1.205984523514483499e+03 1.281190016562201208e+03 -8.129852272062544216e+02 1.864507397718236916e+02 3.493465617369456140e+03 1.218038025216773512e+01 -1.359842926215075522e+03 1.001311315157825561e+02 1.188111125532607133e+02 -5.210592465163547331e+02 -3.231693550599330820e+02 -4.684822878969278577e+02 6.075783739673473747e+02 -1.084285532006170456e+02 -8.813174638934876270e+01 -9.301824985962143799e+00 -3.907959124139833875e+02 -1.293340116732760237e+02 -2.239303717109118708e+01 1.336893717091892881e+02 2.691297058105665130e+01 -1.707540854214911619e+01 2.293550081385195654e+02 2.237768193461359658e+02 2.512613852858719667e+02 1.876619700788059504e+02 3.764903220894464084e+02 4.514416590729719019e+02 2.408860167971309707e+01 1.028744267537397263e+02 1.071588498572343866e+02 3.159091586461741485e+02 -2.770851618579328715e+03 1.293854054879236355e+04 1.025708720253954743e+04 2.965838423309361133e+03 4.074022622673118349e+03 -5.778768246082673613e+03 1.642777724015827516e+03 1.637035200078225444e+03 2.094635997833649981e+03 2.268460730956244788e+03 1.377920405674025915e+03 -3.527786614652889057e+02 8.968808573928302508e+01 -1.918471389643711973e+03 -8.347593854052353208e+02 2.815968220039017638e+02 6.238802364570340160e+02 -4.970679811759171116e+02 -3.881159533445285774e+02 1.396104756697222683e+03 9.622911185217852790e+02 1.351450625791842128e+02 1.415246984511753681e+02 -4.491303402078027034e+02 1.684599468343205615e+02 -2.008275553610940278e+02 1.691803941834129432e+01 -1.206474641749653998e+01 5.031305441456474341e+02 5.065861658333861328e+02 -9.228924822705113229e+01 -6.925606278796462334e+01 4.716408035202981068e+02 3.931713186845649375e+02 1.639518903157897682e+02 -6.849144845761615841e+01 1.400514727105379507e+02 -1.615158774758461107e+02 -3.156986179628045761e+02 9.222784528255536429e+01
