6.422814688896452077e+06 2.323419603864703793e+06 4.928504558151133824e+04 -1.733774414580374723e+05 -8.256307138274103636e+04 5.934490260004100855e+04 -6.286492140711554384e+03 1.705730291438211498e+04 -7.444616310335625712e+03 1.426720315850148290e+04 1.406086021173577865e+04 -2.402386902052876394e+04 2.185219314932737689e+04 1.039244033207641041e+04 -7.387363450394215761e+03 6.470801660167270711e+03 5.533986273819886264e+03 8.833228101815602713e+03 2.973915361576583791e+02 5.963815216686721215e+03 9.741778199843416587e+03 -7.989861077198047496e+02 -2.347732767604091805e+03 5.143890494744277021e+03 -3.108156135400136463e+03 3.118577313557282196e+03 5.217257242117916576e+03 3.603919162472010612e+03 2.895795628696345375e+03 8.142696264437084892e+02 -1.215859252819737094e+03 -2.474822057889329585e+02 -1.614182046158245612e+03 1.275346160024655546e+03 -4.544364299943609353e+02 5.217239006380774526e+02 2.121875772163759393e+03 -5.085852052872337481e+02 -2.534198545198137253e+03 -2.882653373785650274e+03 7.786436539464563131e+06 3.430016150300842244e+06 -4.673717080275665467e+03 2.297393413780359697e+04 -9.728250267155526672e+04 2.281019657201815280e+05 8.633490748966528918e+04 1.075083545498857857e+05 -4.408789835154537286e+04 4.910197308619157411e+03 -2.920580558373893382e+03 -1.011917350089312822e+04 -1.528136436107795453e+04 -1.520470486743091715e+04 2.340399445746569472e+04 3.353948292877122003e+04 1.722462437130444232e+04 9.540883721700405658e+03 2.408732119212001271e+04 -2.130699819881887379e+04 1.092389883566608842e+04 3.568647254969165715e+03 -2.268651344493145371e+04 7.665073960914593954e+03 -2.644619426772993393e+03 -4.311819470022413952e+03 -2.664145452300509760e+02 -1.023254820834316547e+03 1.129858295151879247e+04 -2.670656100959315518e+04 -7.268747376028681174e+03 5.923267222020658664e+03 7.322903438461862606e+03 -8.034043649348822328e+03 8.677586639573895582e+02 -4.409567024605372353e+03 -4.074706794474225717e+03 -1.564487535806462802e+03 -7.410531027032313432e+03 3.692324535997497605e+03 -8.279461476766737178e+06 -1.884666913832061924e+06 4.123698827868142980e+05 9.959331900298426626e+04 2.363536926085522282e+05 2.213288022925882542e+05 1.189841944110713957e+05 1.232800928634307202e+05 -5.099480259120413393e+04 5.897331602221879439e+04 2.006774437265962115e+04 5.819177029156471690e+04 6.872180090247591579e+03 -3.745020413962094608e+04 -1.162352849842341129e+04 2.766015384340926539e+04 3.842598967882803117e+04 2.128082383221550481e+04 1.559242729904642329e+04 -6.677195102547856550e+03 -3.862547871354092877e+03 -8.804336111459988388e+03 3.390163005584385701e+03 6.051704170673578119e+03 -2.470822369609645466e+04 -8.141146266032021231e+03 -2.625964119097825460e+03 4.794763612529588499e+03 9.570762495766908614e+03 -6.029163258568746642e+02 5.198641099960231259e+03 1.341292701977401521e+04 2.896860902956540485e+03 -5.049562788779781840e+03 -2.475145090234013423e+03 -3.743353959671581379e+03 -1.471119339596144346e+04 -1.607401347433928640e+04 3.341021342184784316e+03 -3.132189370127664006e+03
2.323419603864703793e+06 6.401646484245600179e+06 1.201345324696525233e+06 -7.882356538563876529e+04 -3.157743691549056166e+04 4.915685700319291209e+04 2.392267214849272932e+04 2.643403654358131826e+04 -1.376202940041757938e+04 -4.030403028505042585e+03 -2.339061975078754131e+03 -2.512992836444058048e+04 -5.639768190416815742e+03 4.434163091738590992e+03 -4.864960381587634970e+02 1.228362073174373654e+04 1.273748201429356777e+04 1.675246098900396828e+04 1.653322041026228544e+04 -2.318970384619526158e+03 -9.555789865279281230e+02 -6.464773351973321951e+03 6.315695865574532490e+02 5.255742236298078751e+03 4.612624198046879428e+03 7.460978537658485948e+03 -1.966305108660979215e+02 -2.727371278899406207e+03 7.429809278766191710e+03 -8.875163629217086054e+02 1.669742644752652723e+02 -2.367786765739768100e+02 -1.123846867975860505e+03 -4.393585613904546335e+03 -2.955535472192570978e+03 -1.146251981466764846e+03 1.181279513346760268e+03 -1.471431354544669830e+03 5.382812044199225738e+02 -7.119216637589378252e+02 3.114097259325340390e+06 9.251243108127687126e+06 1.624563680110082030e+06 9.198066865366199636e+04 -1.533238665380671446e+05 4.025154515469275066e+04 1.322617754410187899e+03 8.817213977982607321e+04 -3.131403314715748365e+03 -3.493388726456506993e+04 -4.842285564000927116e+04 -5.883273349065590992e+03 -3.353946182734338799e+04 1.373555910089352437e+04 2.272766814645993509e+04 -9.466659876353607615e+03 3.742897407217731234e+04 1.040112297317241973e+04 1.476083972319351005e+02 1.614531194847962752e+02 2.136326800925196494e+03 1.317942405253093057e+03 -1.490244436971978757e+04 -1.237825526733888410e+03 -5.310441239860032248e+00 -5.347184350907162298e+03 5.647786979107067054e+03 -8.056943109804321466e+03 8.672913924254495214e+03 -7.939371166750358498e+03 -4.519246829949802304e+03 5.400702910204185173e+03 1.066982445138259936e+04 1.230291674264786707e+03 7.613583416236502671e+03 -3.810752773849451387e+03 -6.687294227199850866e+03 -3.162725687733058294e+03 1.142488659849258738e+03 6.607330854437728931e+02 -2.735841443524927367e+06 -5.792014187974481843e+06 -1.089248876064769691e+06 2.859828635958549421e+04 8.522578830118321639e+04 9.793788876659877133e+03 -9.468367730855799891e+03 -3.311363922815940896e+04 -7.037054683725994255e+04 4.855659569364446361e+04 7.687241030083938676e+04 4.448397309821697854e+04 -6.147864840338006616e+03 -1.593985966716167241e+04 -1.477772343074248784e+04 1.168965683450525148e+03 3.178766726519123040e+03 1.529797364020204805e+04 -9.615666452397297235e+02 -1.970591604005679983e+04 -7.031411287500660364e+03 4.224213502884179434e+03 5.405898853479919126e+03 -1.696706243123967943e+04 -2.196447254422929473e+04 -5.194136763160408918e+03 -3.222830641445174479e+03 1.037108851977445056e+03 -6.335779471863024810e+03 1.261846526145181535e+01 1.206726386542852379e+04 1.570572047755556014e+04 -1.530011972008561088e+03 -3.062800601590415681e+03 -7.902165123168489345e+02 4.381051872229547371e+03 7.066707606962373802e+02 -1.540536594753020609e+03 -1.159362916560059602e+03 -7.266216349357073341e+03
4.928504558151133824e+04 1.201345324696525233e+06 2.835556841899569146e+06 5.150344817724943860e+05 7.670977396381627477e+04 6.529755603097356652e+04 1.296124275470475141e+03 1.000420336072051214e+04 3.787293983854479393e+03 2.842435513224184433e+03 -5.305269105774718952e+01 1.232133569319829803e+04 3.763091112489616080e+03 -9.378269575730544602e+03 -5.123720414959627306e+03 8.006650633235678924e+02 1.639951550010616847e+04 1.510329763072342030e+04 5.641085347703271964e+02 -7.686743572926370689e+02 -1.232503125023798475e+03 -8.296474147880635428e+02 1.417356494167056098e+03 1.134110053833052689e+03 4.096422137770888185e+03 5.229518653678172996e+03 6.849277991563080832e+02 -3.010592880867756321e+03 9.405030028906287498e+02 -6.543015588330671335e+02 2.831713912038055241e+03 -1.581885857162974673e+02 -5.280654180004299860e+02 4.568334551630333067e+02 3.030387622254384627e+00 1.707155175212660083e+02 -4.651328411745693074e+02 -1.185950948037719854e+03 -1.313209907925038351e+03 1.760074542166767287e+03 2.770109864984440501e+05 2.127748793027063832e+06 3.709200957981308922e+06 6.403520111542736413e+05 -3.998724382470633282e+04 7.250585851258262119e+04 7.929233975400020427e+03 5.714594492897607415e+04 1.728368910731391225e+04 9.278715841202629235e+03 -1.169066665742352234e+04 -8.062336424370147142e+03 1.416926312532123484e+04 -2.517253079685394550e+04 -3.161354236899184116e+02 1.660664004947623880e+03 1.891301912460698441e+04 5.310429986620459886e+02 1.706547768303158364e+03 2.084624295850313501e+03 3.206385992046382853e+03 1.799583639191774864e+03 7.974326290735551765e+02 4.142092669053898135e+03 -5.693745031829526852e+03 8.121327658881907155e+03 9.589789312404111115e+03 6.696750212990606997e+03 9.934274018921540119e+03 6.092703591579550448e+03 -4.662444595504091467e+02 -6.156100452672205137e+01 -7.557123463689445998e+03 3.723111487893743288e+03 -7.105321759637809009e+02 4.372778695263374175e+03 -6.848603556741666125e+02 7.071400055091304239e+03 6.276757829068215869e+03 -2.276261840973583617e+02 1.894325979836172774e+05 -1.175402688465834362e+05 -2.041068761220111279e+06 -5.845367237445376813e+05 -4.847405748622881219e+03 -2.997487171273028798e+04 -1.022707416599499629e+04 1.766945826439297525e+04 -2.736276740127957601e+04 -1.457678227866509587e+04 6.097611645682841481e+04 1.829902463456712576e+04 2.826769976430838142e+04 2.532943892377375505e+03 5.850774457197123411e+03 -9.418827739895732520e+03 -2.687641510443548759e+04 6.058004069562598488e+03 -2.183766786929689260e+03 -1.794588903848793416e+04 -1.151358918474153688e+04 -6.525196146463684272e+03 -2.327938858763705412e+03 -1.470083705747172280e+04 -2.209788194280406799e+02 -2.088467324329481016e+03 -4.702662465184518624e+03 -4.167408793341693354e+02 4.190385805059362610e+03 8.178294110571163401e+03 -3.243057099487912637e+03 4.183719768142885187e+03 7.277232485233793341e+03 5.485047257976978472e+03 8.816116159950677684e+03 1.555714833929276665e+03 6.570466212245845782e+03 6.052063074160930228e+03 -1.075669101648373498e+03 1.863158253857499631e+03
-1.733774414580374723e+05 -7.882356538563876529e+04 5.150344817724943860e+05 1.363351182850952260e+06 3.076062766166396905e+05 2.658589868286658020e+04 2.250221598372235349e+03 1.117612947598169558e+04 2.657533145990182311e+04 5.880144420279959377e+03 -6.608492994287229521e+03 1.385609595230590821e+04 1.798540588961741378e+04 4.781144449713240192e+02 4.058213323024284023e+02 4.702633461556009024e+03 1.102275912526049979e+04 5.271513005007010179e+03 9.681727442382476738e+02 -3.036195087086553940e+03 1.585655373594208640e+03 5.555630140275931126e+02 -2.161245267278112806e+03 -2.622813292062136043e+03 2.488535244403051820e+03 3.346154562424554115e+03 1.515894524489893456e+03 2.982851584884687668e+01 4.000401693804334968e+02 2.937808231301157775e+03 2.094975895654347823e+03 -2.025324692471327126e+03 9.303177137367345040e+02 9.670984095205278663e+02 2.882725368250995643e+02 6.586068426470264967e+02 1.172942742608498293e+03 1.041100844736547515e+03 -4.589016996994779447e+02 1.245004663174341886e+03 -1.138028250381674006e+05 -2.544373178315648693e+04 5.251521185440139379e+05 1.530005518473168835e+06 2.560568747420590371e+05 -4.548913564427456549e+03 -5.930834360289231699e+04 -3.149549155343544771e+04 2.529039118484196661e+04 2.714727601353455611e+04 2.890176490715152977e+04 1.552858282961379882e+04 7.303446994480864305e+02 -1.855201362715368305e+04 5.614006141446485344e+03 5.043673082273444379e+03 1.630918382310257039e+04 -4.218331471949165348e+02 -6.311359988812390839e+03 -2.741934091620676099e+03 1.047402769363753941e+04 7.366971734569834780e+02 3.961379525141496742e+03 6.446807398622014261e+03 2.494589180899487928e+03 3.270386637573073131e+03 -4.909108409373281575e+03 -2.449037453881546298e+03 -1.411978423601847908e+03 -1.031758339917973899e+03 -1.156826836393651547e+03 -3.059334982451418909e+03 -5.929234933687926969e+03 -1.134219897067737975e+03 2.466482228067672622e+03 3.892974258894972195e+02 -4.826163741151591239e+03 -3.691184286380507274e+03 3.033949452757522067e+03 -3.921399203493801338e+02 3.498597175680446671e+05 3.167089167264052667e+05 -3.654864463740554638e+05 -7.976289905371187488e+05 -9.321628048900175781e+04 2.460914360386406315e+03 -9.865322930628285394e+04 -9.781306275698420359e+04 -2.562345929978827189e+04 -5.301137582451249727e+03 1.575568346971942447e+04 5.691917956543860782e+03 -1.376432196064094023e+04 1.992813362110627622e+03 -1.415516786654487260e+04 -3.023157422112708446e+04 -1.322680730089853205e+04 2.721846861416851425e+03 -1.227285809926778711e+03 -8.432887559335130163e+02 5.195508442752481642e+03 3.049989461935882446e+03 -5.736027940955214035e+03 -2.048381218411607279e+03 9.616429927771321218e+02 -1.281617473499138896e+03 6.262994792183326354e+03 1.605930745469016756e+03 1.510206192056912641e+03 5.545585471892321948e+03 -3.756535417768293428e+03 -1.324954668778100086e+03 -5.642694142432838817e+03 1.262773201723639067e+04 7.778523309406795079e+02 -1.840801183655504701e+03 4.973162932671121780e+03 -1.482227743649598892e+02 2.076005316755928106e+03 8.320877720959572343e+02
-8.256307138274103636e+04 -3.157743691549056166e+04 7.670977396381627477e+04 3.076062766166396905e+05 5.880779671926274896e+05 1.078673124471172050e+05 5.141674617725080680e+03 3.391475853248850854e+03 1.160226756534029664e+04 3.379117113613589481e+03 1.493822461624461539e+03 7.384875088517906988e+03 6.290044438822503253e+03 8.867641830135714827e+02 1.113336013285928630e+03 2.394870159995377890e+02 6.001861553303600886e+03 1.775269040489129111e+03 9.052869548632234853e+01 1.393754928245816700e+03 1.256867773138901157e+03 4.863620331359624629e+02 9.762972429328932549e+02 -2.355842643805374337e+03 4.766695709498094971e+02 1.508637121687610488e+03 1.919106299412829685e+03 1.667247596758112707e+02 -2.004339908459112110e+02 4.020220069919326988e+02 -1.467391641153424864e+01 -8.018206852739162969e+02 4.222102521432387903e+02 2.819802539731988418e+03 1.978358318567844094e+02 3.782905006158239871e+02 5.587676109702606482e+02 1.687769968775573489e+03 2.582514751363858707e+01 1.453255585262487102e+03 -8.471732588142449094e+04 -2.776033730993802237e+04 -1.042822996575500838e+04 3.800924179612675798e+05 6.869649541859157616e+05 1.022551374058817601e+05 -2.705664429818092685e+04 8.614556346625871583e+02 3.324449987916126702e+03 2.359711305172112407e+04 2.367452884237399849e+04 1.304109123338808422e+04 2.601941507976002413e+03 -1.621321129275535714e+04 -1.906715989932976072e+03 -1.350672050677172410e+04 4.391746607353304171e+03 -2.537650916594589944e+03 2.205112794903599024e+03 1.882301154094400090e+03 2.086984441683705427e+03 -3.609333515663479830e+03 6.841135813087270435e+03 2.797909138758869290e+02 -3.938593737577258253e+03 -4.356346597628599739e+03 1.072482900561319639e+02 -1.148300430884823527e+03 9.369934293338953921e+02 -1.455425069324265223e+03 -1.846056196448774472e+03 -9.460686181401324575e+02 -2.406516947625827925e+03 8.658459696695022103e+02 3.082731343744854939e+02 -2.244859729562173925e+03 -3.489802647133180017e+03 1.434342410984017533e+03 2.407527467490276194e+03 -4.328308671378931081e+02 1.350852006416528020e+05 -1.760855654160991617e+04 -1.462961773271980637e+05 -1.368427697999819065e+05 -1.275973165420582664e+05 2.834351314590022230e+04 -5.776023035728928335e+03 -7.464124488325855054e+04 -2.843547635911780162e+04 7.075255119033265601e+02 1.872195685838511781e+04 -8.898118131840577917e+03 6.335735957092247190e+02 2.847555142241037902e+04 9.785737670967533631e+03 -7.190929584246325248e+03 -5.227476340440116473e+02 9.679315535132511286e+03 1.983309785641880808e+03 -1.069704251851592744e+04 -5.511688850131678009e+03 -1.925951580549594382e+03 6.587192640430330357e+03 -3.703505059592319412e+03 8.695066277955385203e+02 -4.815381053709797925e+03 1.832580727833495530e+03 1.471485174951408908e+03 -4.503606527148120222e+03 2.961500546494648916e+02 -3.626111266195552616e+03 -6.376260775505541460e+03 -8.621985597311685297e+02 1.884261410262276513e+03 -1.536337375017805925e+03 -1.027183720434258703e+03 1.065634615771875588e+03 3.081259642304393765e+03 5.586467810367770426e+02 1.456667380367475971e+03
5.934490260004100855e+04 4.915685700319291209e+04 6.529755603097356652e+04 2.658589868286658020e+04 1.078673124471172050e+05 3.110600729505596100e+05 4.409851700689911377e+04 1.519121286403585873e+04 2.242216408754624354e+03 -1.928403692795891629e+03 -1.146809364352730427e+03 2.587727835184226024e+03 -1.483704136771026242e+03 1.737735927646084519e+02 6.459992835807506708e+02 -1.434294773151400477e+03 1.264126161169313946e+03 2.199313032101662884e+03 1.622752133247049869e+03 -1.821154366435520842e+03 1.577886448878811052e+03 -6.232578658541754066e+02 1.214842414602474605e+02 1.544193025862887225e+03 2.770477986625747349e+02 -2.224725613774124326e+02 7.042060368355586206e+02 5.039912140816560964e+02 1.266186490671374486e+03 -3.212389537521502234e+02 -3.954539110839735940e+02 -2.715453164805858250e+02 -6.786113013117125092e+01 1.818752109836725310e+02 3.951628451509440652e+02 1.407264504093071309e+03 -5.695126710451899044e+01 -6.753937580507404448e+01 1.013248476331649613e+03 8.942835286224902802e+02 2.855880527983728825e+04 6.409341412352152838e+04 -6.144395400715548749e+04 -2.712344186175608411e+04 1.493082500283109548e+05 3.088544780166713754e+05 2.945057509115208086e+04 4.004936373943532817e+04 1.161813375405996885e+04 -5.297605805765427249e+03 -1.053244388783972317e+04 -2.591345524212902092e+03 3.654138836027398156e+02 -7.916282955018597022e+03 5.181652696015410584e+03 -3.165909157154622790e+03 -1.753685887073436106e+03 7.347254994189108857e+02 3.771181494376550290e+03 2.396999386754858278e+03 6.412372523114812793e+03 -2.213689041104577427e+03 -3.259808036465925056e+02 -4.517212521203311553e+03 1.323698891091727091e+03 -2.151908882224682202e+03 1.391825476361178289e+03 -1.103014203867816832e+03 1.702732242846424242e+02 7.319365623915902006e+02 -4.302562188048582925e+02 -7.044206059045142183e+02 -3.783071545319902498e+02 -3.119609845957456855e+02 1.385986409628437968e+03 -1.660983566144400640e+02 -7.833861064803970748e+02 2.344839312166106083e+03 6.091238726083432766e+02 -2.444189243830132455e+03 -9.036204728717054240e+04 -1.293349759961028758e+05 -1.794029065824075078e+05 -9.426282288544072071e+04 2.500413966339078252e+04 -4.570751469532666670e+04 -3.564220567480423779e+04 -2.018023996660966804e+04 -7.213297158282531200e+03 -7.899999188652600424e+03 1.632559674882332365e+04 6.588441813336557971e+03 5.247207265356789321e+03 1.803950205403064319e+04 3.606298388454476026e+03 8.699751307644552071e+03 -8.108431844430340334e+02 1.114208808357076805e+03 2.899743524266114946e+03 -5.403701100585323729e+03 -1.541706139119363002e+02 3.025104445786043925e+03 1.324107141786651709e+03 -2.696465763828869513e+03 -3.204807845242452458e+03 2.912366964678267323e+03 7.097923502805582530e+02 1.804423722541739153e+03 1.969340406885866742e+03 -3.612877438381763113e+03 -2.420014164499413596e+02 2.286875617118634182e+03 1.432665384124282355e+03 2.825291924094215119e+02 -5.953125578759452765e+03 -7.997192362575236757e+02 -2.504514294497020728e+03 1.549081213309573968e+03 -1.351847103440889441e+03 -4.250111917153014360e+02
-6.286492140711554384e+03 2.392267214849272932e+04 1.296124275470475141e+03 2.250221598372235349e+03 5.141674617725080680e+03 4.409851700689911377e+04 1.907591223152717575e+05 3.894323925976946339e+04 3.880714246936197014e+03 1.578131609311457623e+03 6.079459701043573432e+02 1.527907562326369089e+03 2.256200786889960000e+03 4.678867133870382531e+03 8.939013918276494906e+02 9.529345655517108753e+02 8.777472988633478508e+02 1.760680820505985139e+03 2.511205139216905991e+03 -2.748882543037549908e+02 1.828701436150513700e+03 1.993647815247293522e+02 5.856693914087258008e+02 1.529031541059929850e+03 -5.412412559246165529e+02 2.908423265080894566e+02 -3.351207133633393731e+00 6.386511685726436554e+02 8.287446501781671486e+02 4.330602198834840237e+02 1.838469453558622490e+03 2.135126728296446004e+02 8.431552275523404205e+01 -4.557796588388347914e+02 -3.797902513311490935e+01 1.525663103278597646e+03 6.204494820392195606e+02 1.723363422468409851e+02 4.913157351780833437e+02 8.620179481054284452e+02 -2.158894623245690309e+04 7.396117631498283299e+04 -4.365841483805287453e+02 -3.677426977260876447e+04 1.514426578305446856e+04 4.071534852089205378e+04 1.832495864754519716e+05 2.736411328842023067e+04 -4.672082367994331435e+03 -1.393189437279433514e+04 2.987920109755196449e+02 7.477236438259958049e+03 6.018065480936945278e+03 1.065598880454019309e+03 -6.710921424140028648e+02 6.274605818269753399e+03 4.298681327023355152e+03 5.286609068097281124e+03 5.603816617538715036e+03 1.060178943252692079e+03 2.795550775408387949e+02 1.291153892786441475e+03 1.764313067382064446e+03 9.047491432684332722e+02 5.323357762007146903e+02 8.349363744412469259e+02 -4.727362311954051393e+02 -4.767715394971287992e+02 9.140088559002575721e+02 9.488443914152310299e+02 -1.102030544743710379e+03 -7.702791981407278854e+02 2.842138986962438025e+02 -1.474292471375787045e+03 -3.389394597632047521e+02 1.111377777964419693e+03 1.307782314187596739e+03 1.481533060378905020e+03 1.627947433199550233e+03 7.262082654369517059e+02 -1.216784621258289189e+04 -8.196913880927971331e+04 -5.444699574653258605e+04 -4.617503280434365479e+03 4.831780327140712870e+03 -5.730633073484485976e+03 -1.634070545016690812e+04 -7.261884623814230508e+03 -1.176827695667527041e+04 1.151142552788709691e+04 1.218843278993334252e+03 7.824021388053926785e+03 -1.920866320530850089e+03 -3.313179764982347024e+03 1.642751626834756507e+03 1.236458176874776655e+03 -2.439760846571215552e+03 1.847611358356584788e+02 -5.692454447248267570e+03 -3.282433555590707783e+03 -3.401095934477713399e+03 6.611030973285784285e+02 1.090053716588838370e+03 -3.122663229748960930e+03 -1.232383036305204314e+03 2.882131706852464959e+03 8.706933074525484244e+02 -3.918113488739318200e+02 6.744158374269476326e+02 9.755560093143893141e+01 -8.156795697095053299e+01 2.395981616240232142e+03 -1.899526379417852695e+03 2.688656724064805417e+02 -6.777311393615605084e+02 2.949538797886468728e+03 1.273242609164147098e+03 1.093176151265093267e+03 1.424050495463272682e+03 -1.207452389359390509e+03
1.705730291438211498e+04 2.643403654358131826e+04 1.000420336072051214e+04 1.117612947598169558e+04 3.391475853248850854e+03 1.519121286403585873e+04 3.894323925976946339e+04 1.196589718040597654e+05 2.072090211502317470e+04 -8.687912053175866731e+02 1.060905745835238804e+03 4.360137624699825210e+03 1.401995909651848706e+03 9.311349657182194051e+02 -1.610257090093794829e+02 3.312391561737083521e+03 4.399044009074936525e+02 1.424852800813086333e+03 2.644490223044438153e+03 1.515934870802454725e+03 1.159106374103947701e+03 -3.237691745129422429e+02 -1.812718921771459861e+02 3.591707625981548517e+02 1.975031180761090752e+02 9.387175666465386712e+02 4.618590753045206156e+02 1.186989573433194067e+02 -1.433616351392589650e+01 1.371380519230717709e+02 1.141437355688050729e+03 -1.916991758513388504e+02 -4.240970138840432213e+01 3.204206439244766358e+01 8.878067670515241616e+02 5.832289975769614330e+02 3.767806424711245654e+02 2.663301263663906298e+02 -8.717518916459660261e+01 1.591049682638795844e+02 3.223792088280497410e+03 -5.971981033797007694e+04 3.314133890016447822e+03 2.214361319254917908e+04 1.611733791033992202e+04 2.490522307868509233e+04 3.931955251745081478e+04 9.897451731120866316e+04 1.664119905992055283e+04 5.652987613281807171e+03 -5.980607153840618366e+02 4.143477640224138668e+03 -2.816529384657032097e+03 2.934867577213772620e+03 1.615556524690519154e+03 3.212420497530154989e+03 1.981121691907992044e+03 3.268665110126303716e+03 3.169736864106497251e+03 1.254200675346048229e+03 -5.405419252894046167e+02 5.869366506932376524e+02 -1.579027983648888039e+03 7.004502421988613605e+02 5.939972913658849620e+02 2.386519315827781327e+02 -3.090831445277510170e+02 5.378003430651111785e+02 -6.515696453999313462e+02 -7.248226575616421030e+01 -1.863162876711919580e+03 -1.357821888837864037e+02 -5.230712009974589591e+02 -1.600258976249054740e+03 8.318993530171507018e+02 7.370551398683466005e+02 4.694863393559581368e+02 4.162620426701166139e+02 6.739932264139837059e+01 9.147634305452633896e+01 -4.551811755082805030e+04 -1.720731098146497679e+05 -5.116698022589575703e+04 1.480190046110187495e+03 5.980971950256854325e+04 4.522396934830341343e+04 -1.237448838651071128e+04 -1.780052051429513813e+04 8.870536583685588994e+03 7.292235184643040157e+03 2.722900272214859342e+03 8.938616078396395096e+03 3.283657584649214982e+02 4.393558896233196720e+03 3.231734992456532382e+03 2.924585097948133352e+03 2.048832716799172886e+03 2.936996053801566177e+03 -8.848379795489696562e+02 -1.906190930116097661e+03 -4.176449121826409510e+02 5.214248871854163554e+03 3.355141778223091023e+03 -1.627639215858821672e+03 -8.705525547565745228e+02 -4.596835497673208124e+02 3.097243450042587369e+02 4.473978173549357393e+02 1.165457509794729958e+03 -1.048614896762444232e+03 1.246913033749995520e+03 7.061972368632547159e+02 -6.950392442068912260e+02 1.003602911228869971e+03 8.467470204217744367e+02 -6.017461230312812859e+02 9.874046841486729136e+02 4.779240646502963159e+02 7.107735148736968540e+02 8.223729012252528037e+01
-7.444616310335625712e+03 -1.376202940041757938e+04 3.787293983854479393e+03 2.657533145990182311e+04 1.160226756534029664e+04 2.242216408754624354e+03 3.880714246936197014e+03 2.072090211502317470e+04 6.935853812303765153e+04 1.512386830183027996e+04 1.454979983843129503e+03 4.234894030658581414e+02 9.847750802207396248e+01 3.337096860385799459e+02 9.161831062000260317e+02 1.481613365939452706e+03 2.534065398958471178e+02 6.218481299192614387e+01 1.434483487971391014e+03 9.271468571795938942e+02 1.885926343599194070e+03 7.294803313014089099e+02 2.077165202106785102e+02 9.658234153622807980e+02 1.138869685084851199e+03 1.479807828271000744e+03 6.060506959493587829e+02 2.549830339258450920e+02 -3.842771202195946589e+00 5.893606076037940511e+02 5.526885124357756922e+02 -3.244266180474090788e+01 6.915525311145529486e+02 2.851554167776888562e+02 8.795253910709527645e+01 1.881714819304701436e+01 -9.665340262772308222e+01 -2.826294809509599872e+02 -1.467792405217057876e+02 3.951856836315261035e+02 -2.805664915197173468e+04 -7.632796866328571923e+04 -1.866579982205603665e+04 6.360403511386218452e+04 7.206054017921997001e+03 -3.875617920325587875e+03 1.874547126746048889e+03 1.972705573173448647e+04 5.965207876576311537e+04 1.012213111107296390e+04 3.044298197667908880e+03 -7.048229292106159392e+02 -2.340496711064402461e+03 2.160349263426745097e+02 5.324995658163520602e+03 2.849062694638973426e+03 4.677067196358972978e+03 2.223653737260000980e+03 1.908717241778683956e+03 2.070493404282624851e+03 1.224956150702417517e+03 5.236919553663260558e+02 9.274254387000388533e+02 3.053637346242676358e+02 1.235976161569259830e+03 1.235895161744715551e+03 -2.070765891285191884e+01 3.006564951628402014e+02 -4.008881982219731981e+02 -5.682729157557400868e+02 -1.269590894816983109e+03 -5.300150943767857825e+02 8.636595284911252293e+02 8.358592242203405931e+01 6.946818074529024045e+01 4.779382247567409649e+02 9.621002977221788797e+02 -1.312814478018055127e+02 -4.472502162749537433e+02 -5.692053357987559821e+02 -1.228723112782351018e+04 -5.058447917208882427e+04 -5.927367921459379431e+04 -1.180702050446377689e+04 -1.002528936423381856e+04 -1.590845764141523887e+03 1.652587348708475474e+04 6.567954651417549940e+03 -3.155751325061656644e+03 1.289790271054077095e+02 -9.004502134983760698e+03 -3.546837630623057294e+02 1.610275312576326769e+03 1.803400606220290285e+02 3.434279845560263880e+02 -1.451955698513791276e+03 7.997858406735401786e+02 -2.411623939071577752e+03 -3.753342128227885723e+02 1.793258127791473953e+03 3.483875733525079795e+03 1.379696999705287453e+03 6.993085370372795069e+02 1.975368649020533212e+03 1.631519679009040829e+03 -2.462054399690158277e+02 -1.384489384603540657e+03 1.208792039164364269e+03 4.651076831355915147e+02 1.579458653387157199e+02 -6.519569466539962832e+02 -5.631515001065357637e+02 1.196719815208632731e+01 7.184330112952204672e+02 4.095616662183938956e+02 2.993807358032555612e+02 1.568478913144692797e+03 -4.833345670638761362e+02 -1.645266756891242892e+02 5.651321457813501183e+02
1.426720315850148290e+04 -4.030403028505042585e+03 2.842435513224184433e+03 5.880144420279959377e+03 3.379117113613589481e+03 -1.928403692795891629e+03 1.578131609311457623e+03 -8.687912053175866731e+02 1.512386830183027996e+04 5.527836953906994313e+04 9.056615275743981329e+03 5.418155965051122394e+02 1.199828118199488017e+03 4.726360277949348756e+02 1.587213335611255161e+03 7.810920933582789303e+02 6.269030482978652117e+02 1.366945804304646799e+03 1.413137317787888776e+02 1.086038304029355004e+03 1.228372346079664339e+03 9.249156694306135478e+02 8.449924697695544182e+02 4.978525892561590922e+02 4.676558957086296573e+02 8.427287809946554944e+02 6.725902135620040099e+02 4.711206037864423024e+02 2.421026304889756773e+02 5.550122108549319364e+02 -1.318981437594667909e+02 -1.834642808593588938e+02 3.458223072548880737e+02 5.447602110822253962e+02 1.375146729304520363e+02 2.827506269852900687e+02 2.227228355009492873e+02 8.544276225514147427e+01 -3.187261588543572088e+02 5.244209956039714626e+01 1.662656096075995811e+04 -2.681224355643412491e+04 -3.395298633269418497e+04 -1.353636505591438436e+03 6.523603353228284504e+03 -1.223171704720970411e+04 1.325258953819239287e+04 -4.878956431601509394e+03 1.278966395903566809e+04 3.647285734050280735e+04 9.133547807648736125e+03 3.698054089301643899e+02 -3.526431178088127581e+03 1.123563458921314329e+01 1.950654412540030307e+03 4.448032080002800285e+03 9.301393294134703638e+02 -9.842679678583589293e+02 3.815683993885673431e+02 1.697111823613221304e+03 1.823972913654160038e+03 -8.380108877847387703e+02 -3.011086782938655233e+02 -1.807046022349250904e+02 6.513743678416418561e+02 2.084618816183086437e+03 2.939688966579238922e+02 6.405203873784910229e+02 -4.885648983067742961e+02 1.872837879560817953e+02 -3.723729820090251792e+02 3.180603866511582822e+01 9.974611250008839534e+02 9.661983285984484837e+02 3.071135916170479732e+02 6.817894162508354157e+02 4.718200768402249423e+02 7.122075955301144745e+01 3.054459992186766613e+02 7.985750885293450665e+02 -2.063899493521381373e+04 -4.979984036107818974e+04 -3.822504266878363705e+04 -7.417909440474089934e+03 -1.383765130105653952e+04 2.503277285053180549e+03 1.001979532276389909e+04 -1.555124920467389302e+03 -7.199728195135696296e+03 -1.330162436089145572e+01 -9.982467882543014639e+03 -1.547309083035139111e+03 1.294993010765707140e+03 1.150900592862838039e+03 -1.722045752330720234e+03 -1.088741931924605979e+03 1.269942399173987496e+03 9.119042527056774361e+02 -5.449635979364304603e+02 2.089251472564601499e+03 3.127199347500401018e+03 9.031913634573344325e+02 -2.573665394723807864e+01 9.698167812246830977e+01 4.028896225067593377e+02 7.725922563892720518e+02 -9.029158440523366380e+02 -5.269773105938755862e+02 1.403715943560646622e+02 3.896070083707498384e+02 -7.223847304767876949e+02 -5.908465068562447868e+02 1.645118480065671520e+03 5.645030658888084645e+02 5.995058040957962930e+02 9.542912591632232306e+02 1.644939165137077680e+03 5.597117114664970359e+02 -1.060671979957523945e+02 2.685629170529111320e+02
1.406086021173577865e+04 -2.339061975078754131e+03 -5.305269105774718952e+01 -6.608492994287229521e+03 1.493822461624461539e+03 -1.146809364352730427e+03 6.079459701043573432e+02 1.060905745835238804e+03 1.454979983843129503e+03 9.056615275743981329e+03 3.274223259457956738e+04 7.257622262770315501e+03 2.042699533634331146e+03 2.613018321229022263e+02 2.196833755411854327e+03 1.358268977977869554e+03 1.226492287905562307e+03 2.451494078745501213e+02 7.023590345734136235e+02 9.025187096542239829e+01 5.493166739120148350e+02 8.150449121365101064e+02 5.086528380620128331e+01 -3.721718357064171414e+02 -7.029470886912947947e+01 3.333264050726702976e+02 -1.735106548231229908e+02 4.472177780782015333e+01 1.280723083259767066e+02 3.453256399358972999e+02 -2.357699373285123272e+02 -1.626356257918640438e+02 3.631015136470318225e+02 4.535892831607080780e+02 5.006824771617809944e+01 -7.011448829912362157e+01 2.065209828855200840e+02 -9.759459424513640613e+01 4.418748550952205534e+01 2.340385052264551291e+02 1.379145694891786661e+04 -3.456280061772852150e+03 -2.463450416951362422e+04 7.315731666258498990e+03 -1.402477303779066642e+04 -2.224053740155832656e+03 3.213347264300928146e+03 2.895304313005502536e+03 1.737669482591883025e+03 5.290008799706128229e+03 1.982609153388311097e+04 4.807861332939330168e+03 2.706664820136523758e+03 1.973010940823012788e+03 -1.698557168203457124e+01 5.782559742439452748e+02 -6.645219166445536985e+01 1.904154690171428683e+02 2.513355896622452121e+02 4.181924203679835159e+02 -2.630567080301830742e+02 -2.026865395510144765e+02 -1.278931848456780784e+02 -2.430743554580856483e+02 1.460842936778875583e+03 1.596511691661346504e+03 1.042746363059977512e+03 -1.811094641672875127e+02 -1.490601376798370211e+03 -5.094209444554135047e+01 -1.071849701146771565e+02 5.941124766486729669e+01 5.233846317532370449e+02 2.137719283180667560e+02 -1.654619430874340651e+02 -4.292719053587926226e+01 3.265468283348683940e+02 3.493881474629293393e+02 -1.007918442968408783e+02 5.260875643557585590e+02 -2.867035175160199287e+04 -3.201536448109312460e+03 -2.154603457772065667e+04 4.952247761825755151e+04 -1.116011731234939543e+04 7.270693927163198168e+03 3.137681535841122241e+03 1.987436462335010901e+03 1.358964127191981959e+02 1.260489594619262334e+03 -3.176852162997564847e+03 -8.183805304181583779e+03 -6.579297958420177110e+02 -3.143790776821803320e+03 1.484149404109521811e+03 -1.337375331365295551e+03 4.165546663329093349e+02 2.814299390313931895e+02 -1.022161701058669223e+03 9.370378454832615489e+02 1.232408141117827881e+03 2.380585737561084443e+03 -2.275589817803675317e+02 1.701508441154904631e+03 1.880863453746615278e+03 1.692649111829824278e+03 -7.238285560763485194e+01 -2.650511960930606961e+02 8.162174837940019643e+02 1.223159454943826859e+03 1.279213520738815987e+03 -1.693660704152437972e+02 2.375358126804218273e+02 -8.389502445648604407e+02 1.474553174130501475e+03 5.370155062119118838e+02 -1.379840302804842338e+02 8.827281037986022056e+02 9.467121565997900916e+02 -2.528902475933018366e+02
-2.402386902052876394e+04 -2.512992836444058048e+04 1.232133569319829803e+04 1.385609595230590821e+04 7.384875088517906988e+03 2.587727835184226024e+03 1.527907562326369089e+03 4.360137624699825210e+03 4.234894030658581414e+02 5.418155965051122394e+02 7.257622262770315501e+03 2.668478474113841366e+04 5.545609037741292013e+03 7.978283463945704170e+02 9.770862839410668812e+02 1.280768593723236336e+03 6.840974313485081666e+02 7.790119820643838011e+02 2.810278979511986677e+02 3.380343091517572134e+02 1.269268262167835246e+02 3.120718998894474225e+02 1.590368139926709716e+02 -1.612559616346123903e+02 1.796710799149425952e+02 1.489672069987390728e+02 5.033198884394580119e+01 -1.914845569515905481e+02 1.726951486325225176e+02 4.944688162343048248e+02 3.533492437749467285e+02 1.839831934283734824e+02 -1.822412263450137573e+02 7.461716694426830827e+02 5.993982899056235283e+02 3.159633968311605372e+02 1.210648923143532016e+02 2.006147160531562008e+02 9.103914029668092667e+01 1.957296145059632408e+02 -3.108643607039781637e+04 9.559057587974268699e+02 -6.978276208997349386e+03 2.755989998252226724e+04 2.107048859344149241e+04 -3.099243592909836309e+01 -3.962033580589914436e+03 -5.212855851303539794e+02 -1.682443050342415290e+03 -2.780831861877447864e+03 2.474860485256343964e+03 1.808637778052595604e+04 4.354796634650491796e+03 2.145230152278806599e+03 -1.207385724490952043e+03 -3.497652785152464730e+03 -1.790094928722186296e+03 1.479390150344981294e+03 2.099718930940651873e+01 -5.109312445659578117e+01 -2.969989325743287623e+02 -9.535961519184677115e+01 -3.754933478540115175e+02 4.703173032760020078e+02 -1.561008300134838009e+02 7.335089755089660457e+02 5.470332517581430238e+02 7.518882729246780627e+02 -2.715533509277321400e+02 -2.680183728769832214e+02 -2.767210862261159718e+02 -3.989724616991907737e+02 2.242615880192340398e+02 -2.634076051600979085e+01 7.653679554763825763e+02 5.680340735231327898e+01 1.035035650893011052e+02 -9.770609090455404555e+01 -3.125342201729608860e+02 -3.146194930120096274e+02 3.321797593090871669e+04 7.473959070378360047e+04 -2.162021883764923041e+04 1.959118171622531918e+03 1.326814766485289147e+04 7.868747000007993847e+03 1.836349468735290102e+01 7.796346203405712004e+03 -1.188756366267518615e+03 -3.076623201379970396e+03 -7.317690644894119941e+03 -2.257847473662513494e+03 -3.164190378352497191e+03 -3.075947172390999185e+03 3.074323621116043181e+00 3.806914412137174395e+02 9.858859998166455796e+01 4.749538051218869583e+01 5.512419599893269151e+02 6.906310667389235505e+02 -6.752831210013218879e+02 1.493306672248735595e+03 -1.067016156706059064e+03 -1.697196700101044371e+02 7.970880390812718588e+02 1.033516231410859518e+03 -4.325274986454487021e+02 1.125288587146935924e+03 7.771908052555193080e+02 8.265317324639015624e+02 5.061770860351243329e+01 -8.873947891510317731e+01 6.138172787065752800e+02 -2.014761047523652451e+02 2.332490379624289858e+02 5.366186597437899763e+02 1.193902782981006794e+03 4.501067643510553467e+02 -2.053833529641128735e+02 5.336251429043072676e+02
2.185219314932737689e+04 -5.639768190416815742e+03 3.763091112489616080e+03 1.798540588961741378e+04 6.290044438822503253e+03 -1.483704136771026242e+03 2.256200786889960000e+03 1.401995909651848706e+03 9.847750802207396248e+01 1.199828118199488017e+03 2.042699533634331146e+03 5.545609037741292013e+03 2.089089054305649188e+04 5.805981338573773428e+03 1.461616569983983254e+03 1.290276249630873508e+03 1.089143784778935924e+03 8.371354334195993943e+02 -1.204914029099693273e+01 -6.250538313089608522e+01 1.105209929462271703e+03 3.245683086711796363e+02 -1.022509871423093983e+02 3.125300094245196760e+02 3.277826148513374847e+02 7.009161439546019210e+02 2.922733496420619872e+02 8.909817994802966723e+01 1.840586736347696899e+02 4.205097875348998286e+02 4.586994112654904256e+02 -1.453244826366898401e+01 1.270108421703459811e+02 2.448376441549624758e+02 -7.722387629962519817e+00 2.967426155153387768e+01 3.170420165013297833e+02 1.686592505304458882e+02 2.459701694012963173e+02 1.142643401962424434e+02 6.854693948497172642e+03 -3.661456476123604716e+03 5.705116031376544470e+02 1.754008202052370393e+02 -7.285577722027389882e+02 6.371343217996001158e+02 5.312675413831882906e+03 2.279885249811948597e+03 -6.119691723440053011e+02 -7.715390049127369139e+02 3.274588670856071531e+02 1.937654357001301150e+03 7.238186004297354884e+03 6.512796205598394863e+02 -6.208039652135425257e+01 3.149808546772910631e+02 -2.473377839647551468e+02 3.807718985158926444e+02 -9.949699530967156136e+01 -1.505285418173293920e+03 1.100928553977450747e+03 -5.247728141941675517e+01 2.166851817388962331e+02 1.133448832937481029e+03 1.759082733156075449e+02 6.108531007334893275e+02 3.339196308094673782e+02 1.993403316754944399e+02 2.109964168082602498e+02 3.306592691778418498e+02 -1.814054955730995289e+02 -3.850264905509710616e+02 -6.747267881903734406e+02 -5.028846060173838168e+02 5.325762089385563058e+02 -1.355215610555344767e+02 -1.550261491004913523e+02 -3.019943055161199368e+02 -3.038289250716023844e+02 -3.972271004245949371e+02 -5.034138969161010755e+04 7.884492616247634942e+03 -1.654893481095066818e+04 -2.757833511266862479e+04 -5.940346250435851289e+03 4.652268500075129850e+03 7.743461748584579254e+03 3.047319526095443962e+03 2.694357174222895992e+03 -1.160276503023190344e+03 2.982316137343072455e+02 5.271474050562346747e+02 1.408700946938119159e+03 -1.665815500753154765e+03 1.893662751903171284e+03 -2.766392425146487312e+03 -1.045872531116173604e+03 1.293785923749640460e+03 6.221666638646121328e+02 -2.372748050725222583e+03 2.785483541719322034e+02 -2.797802064765150831e+01 5.340049814844312550e+02 -9.382396971174708824e+02 -6.249201902818076633e+02 -2.667658124691711237e+02 -6.292246417915427514e+01 -9.881451126820786612e+01 -5.669350306915696365e+02 -1.407094988469677332e+02 3.747797042243223018e+02 3.485989625152481040e+02 2.281874812538307253e+02 1.695438212159181717e+02 4.515361130354079933e+02 9.025466916044724712e+02 -8.693353394240800114e+00 -2.736151997036714647e+02 -2.723035073463408366e+02 -4.400473298835950118e+02
