8.295604192610207945e+06 2.049826406914564315e+06 6.206349276125370670e+04 8.929399245729746326e+03 -1.600336550730797717e+04 -4.196813956185811548e+04 7.028949781385314964e+03 -8.149693408594892389e+03 -1.055367591380155136e+04 -5.670884146386503744e+03 1.006562614333061561e+03 -2.187612210417633469e+04 8.667571271584545684e+03 9.638838089853648853e+03 -1.033840858126119929e+04 7.688684453702062456e+03 7.312153993264566907e+02 -3.456985162112776067e+01 -1.275770934501349984e+04 -1.167544795666331538e+03 7.611769479864770801e+03 7.505201693323345353e+03 -4.248971722928510644e+03 -3.235680402783314094e+03 3.545952433259890313e+03 -5.126400708770338497e+03 -5.918355654121476618e+03 2.722469916075817196e+02 -6.068553354347822278e+03 7.719919809464574882e+02 1.826001431738102383e+03 -4.389450365757220425e+03 -6.719826851462873947e+02 -2.573649077852233404e+03 3.352658744185568594e+03 2.223917775577316206e+03 -1.696355768168664781e+03 4.067623726454151893e+03 -1.403308447828045928e+03 -6.891818846934209432e+03 -5.310199721349897794e+06 -1.851439547472863924e+06 -4.909566666769066360e+05 -2.421260670802241657e+04 1.354994846043202269e+05 1.058207348722734605e+05 -5.775835269136452553e+04 -1.311408627707869455e+05 -4.564728381978998368e+04 -1.156320605749438437e+04 -1.887400608920761670e+03 -2.151320921210205779e+04 1.329732176765656050e+03 9.634643659929000137e+01 1.294868376853997916e+03 -2.463956649902664140e+03 2.047005397332820939e+04 -1.557971650182144731e+04 1.166810757003047547e+04 -2.779500983281453955e+04 1.244963417407813540e+04 1.781492085592118428e+02 -6.821722332464518331e+03 -1.418828157701439886e+04 -3.436685902133498530e+03 -8.391754045260790008e+03 -1.159604118835905410e+03 7.395804585428834798e+03 1.052797469351337531e+04 -3.871458837547480925e+03 -4.391019648519015391e+03 -5.518324913651978932e+03 4.152920150064690461e+03 6.922830888222409158e+03 1.070931066627458449e+03 -2.841836157147932681e+03 -7.597336576818803223e+03 -4.951053202339645395e+03 -4.272355581188065116e+03 -2.822060206460225800e+03 -1.136183748285377165e+06 1.009205423175105243e+06 4.638894692046674318e+05 1.092270223762529058e+05 -8.671171027535725443e+04 -2.432250572074243610e+04 4.567146874424609268e+04 4.692945419856356602e+04 3.256800440709306713e+04 2.698249053599824765e+04 -3.339356997197690362e+04 5.084325216676705168e+03 2.553540568981237448e+04 1.692346177433625826e+03 2.500226081240654821e+04 1.884596869735553628e+04 3.564154575169198506e+04 8.613067612180680953e+03 -1.132934934490564774e+04 -1.291930311126236666e+04 8.515937146689082510e+03 -1.322117696317674017e+04 1.705590982417186024e+04 5.227545633134463060e+03 -2.196592672469245713e+02 -1.354917139807655440e+04 8.458400306378245659e+03 1.732273524992659441e+04 -6.296637691510185505e+03 1.423953790645910340e+04 8.950172891548356347e+03 -1.827733712857156434e+03 8.852419297399275820e+03 1.340013908940435067e+04 7.053064170363809353e+02 2.520687141801356574e+03 -4.105069259542970030e+03 -3.669305717285452829e+03 3.640892583696893780e+03 -8.307698737598439038e+03
2.049826406914564315e+06 6.584863541315850802e+06 8.319967532835491002e+05 -5.228417679583634163e+04 -1.089519514609094404e+04 -1.110026875032140742e+04 -1.296414098587507578e+04 3.234410014892621984e+04 1.187403651664798053e+04 -1.047238727334155556e+04 -1.204464567284715122e+04 -2.168380047176940934e+04 -3.590168438368845727e+03 4.200265868121640779e+03 -3.806508417681928222e+03 1.233506826149496737e+04 9.901230596482431793e+03 8.360058949181166099e+03 -5.961613721054819734e+02 2.895312866612744983e+03 -2.252422515383917926e+03 3.740637006176547402e+03 1.339743134960240695e+03 4.928720636170050398e+02 3.593199239973455860e+03 8.411271429970092868e+03 -8.122189586000904455e+02 -4.938576029747673601e+03 -5.289206021582584981e+03 -1.250616662203517308e+03 -1.620672141959717464e+03 1.336234221709559279e+03 5.223963091220255137e+02 -6.489518481882842025e+03 1.141123097800024652e+03 -2.367183607046387806e+03 -5.207804186774966411e+02 2.695759934952170624e+03 1.210542111373940060e+02 2.343061487991686818e+02 -1.547490756397949532e+06 -6.082802426759762689e+06 -8.178907479869271629e+05 4.097374988626594131e+04 6.515454231011785305e+04 6.910432111257816723e+04 1.058282036308688403e+05 1.178755398580074834e+05 5.442877478440859704e+04 -2.937365089093105780e+04 -4.101619932969798538e+04 -2.159738506199209223e+04 -1.111045529830273517e+04 5.406272999249464920e+04 -1.851839156382288638e+04 -3.219638002880575732e+04 1.221237148343546687e+04 -3.135997284062121253e+03 -1.222585201284751020e+04 -7.106943847099324785e+02 7.341227208439006063e+03 1.415288444779771453e+04 6.666339911149145337e+03 -1.384518539456439066e+04 -1.062674265697812916e+04 -1.017364613347895215e+03 1.817210980361289103e+03 -3.372209925997378264e+02 -5.562977119425050660e+03 -5.867525201963841937e+03 -2.228804490621097102e+03 8.253752334316252018e+03 -3.231613396143453429e+03 -2.873886740873749659e+03 -4.150856094392305749e+03 4.429032780758616354e+03 -4.298495729290890267e+03 -5.676838009534707453e+03 -8.503483935933854809e+03 -3.657270776101929641e+03 3.089013172388832318e+05 3.439072308909206185e+06 5.272605517120924778e+05 8.653661763852252625e+04 4.039329617409769708e+04 5.117691218207888596e+04 3.422186370952518337e+04 -2.465416675656604639e+04 5.229643711206217267e+04 8.592353139169418137e+04 7.660090600245248061e+04 2.540310569796135042e+03 4.336014523608012496e+03 -3.812456187380952906e+04 -8.578040242182723887e+03 -3.556988384903703991e+04 -1.711087795909331908e+04 1.697641743184954976e+04 2.015203358810306236e+04 1.934032919686931564e+04 3.416075362229911661e+03 2.276525138246248389e+03 -1.103922842774610763e+04 -1.861527150308496493e+04 -5.826080729345931104e+03 1.025614151316209427e+04 1.138673283937019187e+04 1.128518451206334794e+04 1.140769647904107615e+03 6.567935886215129358e+03 -4.061787262602033479e+03 1.016541904170352609e+04 6.893273152335445957e+03 8.465146265497307468e+03 9.758109919733060451e+03 4.108985563949137031e+03 -1.651526374421553555e+03 3.947525893591558997e+03 -9.837264680610527648e+03 -3.436317326712244721e+03
6.206349276125370670e+04 8.319967532835491002e+05 2.027871017350670416e+06 2.645584771166815772e+05 4.564224493326991069e+04 3.874072748720808886e+04 -1.453428577192931152e+04 -1.374206185885692321e+04 3.652525913813863099e+03 -3.516851071983158363e+03 -6.067340497004312056e+03 -1.280928688416029445e+03 1.330767245842777811e+03 8.993275966064729801e+02 -2.548031053682131187e+03 4.649856330702810737e+03 -6.972677911058118525e+02 4.084005980026443012e+03 1.226643494375766750e+03 2.964646781967682728e+03 3.522095715842618802e+02 -2.945033387241186119e+03 3.299349257300745649e+03 6.265454753544575084e+01 1.322351271575119881e+03 1.665047501597289511e+03 2.183125711315590252e+03 -3.193316529348442145e+03 -2.064299995659843887e+02 2.847731764667058087e+03 1.667672643713925936e+03 -4.287540002781103254e+01 -1.104943197009173900e+03 -9.816378304151744487e+02 3.718084823790891278e+02 -3.724197323296689774e+03 -1.145597442109467238e+03 -3.333897903932702320e+03 -5.045867986029940766e+03 -3.168948299135707316e+02 1.391359281157328405e+04 -3.152957867266979301e+05 -1.147251753899025964e+06 -1.269721450952609448e+05 -1.348712536017292005e+05 5.845895873479823058e+04 -1.754603980174729941e+03 4.005686140221534151e+04 1.063757333730589198e+04 1.833131915918175218e+04 -1.899481011967765517e+04 2.731436525375209385e+03 1.356704598249628725e+04 7.735599787495142664e+03 -5.215975293607688400e+03 -9.083452076477374248e+02 1.013098880617498253e+04 -2.055503864233346121e+03 -9.600816225309199581e+03 -7.244585293900590841e+03 1.109689879027463121e+03 -5.300568108542786831e+03 6.699461118340240091e+02 -4.926711469594113623e+03 -3.123728918347545005e+03 4.392962829226462418e+03 2.187540942125530819e+03 4.635599490476456594e+03 3.194618577014526181e+03 -6.585611717671070437e+03 -2.096244803890692765e+03 8.021363856488864258e+03 2.746788562778880078e+03 -4.970925366245935038e+03 5.846566985104190280e+03 -8.849500758582855724e+02 1.852418205823975313e+03 -1.864180390253649648e+03 1.971190345401120794e+03 2.830385011488885993e+03 9.553258908581873402e+04 8.578544598439468537e+05 6.145423912789315218e+05 -7.436263845117921301e+04 1.060482043808736344e+05 -3.254076290562652048e+03 -3.381820940313542087e+04 -2.188206242899249628e+04 3.527803582906702559e+03 -5.782070079714596432e+03 3.552088543356180890e+04 3.093691408568088809e+04 5.777702067100587010e+04 1.796953092012045818e+04 -8.269235232363447494e+02 1.415453832937287416e+03 -1.930972042950557443e+04 -7.455199130348147264e+03 -1.657159409233415136e+04 -8.987592132326801220e+03 -6.770193290342394903e+03 1.359304407553670353e+04 -6.902019050488896937e+03 -8.914753627964924817e+03 1.823864661895109293e+03 -7.090203955839992886e+03 -1.777197925996901859e+03 -5.164981117233646728e+03 2.149124926032191524e+03 6.655151736410582998e+03 -6.586965094222183325e+03 -4.864701078081551714e+03 1.047058226643958733e+04 4.606440912451086660e+03 8.316593377436285664e+03 2.042936685423903555e+03 -1.974360366155530755e+03 1.266134684898921932e+03 3.653399386786337573e+02 -3.839223972778764619e+03
8.929399245729746326e+03 -5.228417679583634163e+04 2.645584771166815772e+05 8.627837494057657896e+05 1.608871082616883505e+05 6.393521716611963711e+03 4.976172278785214075e+03 3.451492138500010469e+02 9.468339597824082375e+03 7.009137788655824806e+03 -9.676102983351946023e+03 4.812160656263396277e+02 1.015173524458751490e+04 -1.874185435769480819e+03 2.949616638163498465e+03 1.605792328573168390e+02 2.067401701981139922e+03 3.879051112017879746e+02 -1.517175032193847983e+03 -1.630550778604967036e+03 -3.673742594207134289e+02 8.492124733387713604e+02 -4.220435633230978283e+02 -1.650286181078171467e+03 2.135254086899130925e+03 2.164115147222329142e+03 -1.712468510486179127e+02 -3.692694462028160274e+02 1.077490199690123518e+03 1.435794761684745936e+03 4.679695184461058233e+01 -7.338541885464813959e+02 -5.375510789956068720e+02 4.132122544270860658e+02 2.930827779455655104e+02 2.564768776417743652e+02 1.908568030612832729e+02 8.020341619421471933e+02 3.634922619109221387e+02 6.732427523584208302e+02 -1.710395529357235064e+05 1.399574875630823226e+04 -1.869795971853759256e+05 -3.752263823595713475e+05 -5.636200874595860660e+04 -2.106822919792470930e+04 -4.957476933360371186e+04 1.051198920077358025e+03 1.483706913632645637e+03 6.085291743658517589e+03 1.026857453949842784e+04 -6.416290961004589917e+03 -1.064004890466437018e+03 -2.043911627671708629e+04 1.467864621824911865e+03 -2.051178060326963077e+03 -2.375708870508753535e+03 5.911690308927111346e+02 3.552713495731204603e+03 -2.316135228231271412e+03 2.242157583193483788e+03 -4.045024299005038415e+01 -1.923471350671823288e+01 -2.630113669541286981e+03 -3.031279728096498275e+03 -6.975071977742190029e+03 -2.929202598687442332e+03 -1.120739729865531672e+03 3.375137557382171508e+03 -4.997145383045721019e+02 -2.451239279459983663e+03 2.315314577399160953e+03 -2.954335245203055365e+03 2.503979436662856642e+03 9.789724986201556476e+02 4.149382252965162365e+02 1.721210800774633526e+03 8.881462939838814918e+02 -2.855869405108807314e+03 -2.468851041811809921e+02 1.619817298162208463e+05 1.527984125477083726e+05 1.053705345345754031e+05 7.625752379016028135e+04 -1.108729245423193970e+04 -9.786218559438255397e+03 -5.275128571378752531e+04 -6.013410356050859264e+04 -1.130408747149500414e+04 -6.459462894517473615e+03 -2.643217183051970278e+04 -1.115880233577640320e+04 1.844488169515145273e+04 2.688273592483078573e+03 5.396675284932159229e+03 -2.594895581606616906e+04 -8.429879826533204323e+03 -3.753392473012956998e+03 -1.125744362205488869e+04 -2.913737294718567682e+03 -3.788424223407525005e+03 4.074385239586544685e+03 -6.767552222208533749e+03 2.257225857209270089e+03 -2.573588845186934577e+03 -2.675739842280126140e+03 1.988415408064262465e+03 1.213058529212106350e+03 4.849576279472286842e+03 6.523380265544944450e+03 5.554432980544523843e+02 -2.849023581371119690e+03 2.591349563579035021e+03 5.458779304942030649e+03 1.367423680743983823e+03 9.939186892693863911e+02 1.499006225816265498e+02 -3.753682690860443927e+02 -1.020878045463728768e+03 -1.573829906813203706e+03
-1.600336550730797717e+04 -1.089519514609094404e+04 4.564224493326991069e+04 1.608871082616883505e+05 3.563858496624918771e+05 4.880572155413433939e+04 5.277333910015905758e+02 -1.296915289728938205e+03 1.115117168672407024e+04 2.993175933992679802e+03 2.030200753693422485e+03 1.595043464000579661e+03 4.504792984141953639e+03 -1.635576475410481180e+03 -4.181655149437683008e+02 -1.847674091116006366e+03 -1.305355399966639197e+03 8.750451904236485916e+02 4.064844978215680840e+02 -1.170427009122114214e+03 -1.267579521807825586e+03 -7.939210134557916945e+02 1.075063702453407132e+03 3.376714570278248857e+02 -4.837142249980847737e+02 1.288036999038753493e+03 2.666403493714238948e+02 3.290543541515136212e+02 9.218687897321710523e+01 4.343665834012859932e+02 9.201248862682228946e+02 6.015222416632908562e+02 -3.860967376206965014e+02 -3.901417860617564202e+02 -1.903736449720362032e+02 6.853791712208836771e+02 -1.249345162757989414e+01 5.127292478719880364e+02 -5.837755514120904081e+02 1.165920072455793246e+02 -8.606560372333331907e+04 2.925326195653661125e+04 -8.057419035539563083e+03 3.645322743402826745e+04 -7.865930512603079842e+04 -2.328502866218088820e+04 -2.923992157697323637e+04 -7.848290483401046004e+03 1.741994610763023488e+01 5.646689193807027550e+03 2.620428075024073678e+03 2.010917222431191249e+03 1.681806506640021098e+03 -1.222527430716328490e+04 -8.846655097177688731e+03 -6.668139891581105985e+03 -1.764539404506130495e+03 2.847796686557590874e+03 3.567355516463545428e+03 4.113600758481305775e+02 -1.883928096016274367e+03 -2.268000486427813485e+03 4.104629269398879842e+03 1.545034282291661157e+03 -1.244551380115190113e+03 -1.243899149817781563e+03 -1.070668739181367528e+03 6.693288853127330640e+02 -7.445950633698046204e+02 -2.392738560570005120e+03 -2.512778578752956037e+03 -4.958620271401101718e+02 1.057268763358739534e+03 -1.007119516884178438e+03 -2.602870274262746989e+03 9.155369007422268623e+02 4.252385128229918223e+02 -1.181000936526442729e+03 -1.208200014465547156e+03 -3.153444710434887384e+03 1.031351972013413615e+05 2.826204040687080123e+03 -5.237991734530770191e+04 -3.043249715547760934e+04 3.682021457105412264e+04 8.494824907099215125e+03 1.369158173745745626e+04 -3.833156247591416468e+04 -2.407128704047527208e+04 1.702952682892261464e+03 9.642609693201813570e+03 -4.836245961633562729e+03 5.342170480435104764e+03 9.691310826347087641e+03 1.572064822081655439e+04 -6.052285151421604496e+03 -1.071159857244853129e+03 7.757705474339623834e+03 -2.418761540461748609e+03 -4.344584753629966144e+03 -4.442677602813165549e+02 -4.548299015964425053e+03 -5.980350694194746211e+03 -2.457102398637264741e+03 1.090658415188896470e+03 6.072873436353193028e+02 1.367769770153998479e+03 -3.493254854673146838e+03 -4.830737705243392156e+03 -2.857924792769076703e+02 -1.885899290301397969e+03 6.421301169423095416e+02 -7.176841025538407166e+02 3.127069303514564581e+03 -2.901997005531485456e+02 -2.564658349706278841e+03 -2.617920510737922086e+02 1.573284341370624361e+03 -2.142943115998387839e+03 -2.670289147518043592e+03
-4.196813956185811548e+04 -1.110026875032140742e+04 3.874072748720808886e+04 6.393521716611963711e+03 4.880572155413433939e+04 2.038438316523735120e+05 2.307494818310291885e+04 1.053383483672679540e+04 -1.655842106443525154e+03 -3.579308373389419557e+03 -2.131919906044685717e+02 -1.416723074373696818e+03 -1.296657457143714737e+03 4.802673110973216239e+02 -2.114976564177439684e+02 -1.316947274809110013e+03 -1.367814314640374732e+03 6.286190229651766685e+02 1.227759584266656390e+02 -1.341888239796898688e+03 1.449242316826508613e+03 1.149098096239680444e+02 -6.749834705400686516e+02 1.295509709860125440e+03 8.150040017860126795e+01 -2.904235938707529385e+02 5.947913273063057460e+01 5.838149738614959006e+02 3.584782767317526009e+02 -1.330906642292509559e+03 -2.274016166760041244e+02 -6.725486073697065876e+02 3.641267466560207140e+02 5.505884315071638184e+02 3.059597010876865966e+02 3.423641105921234953e+02 -2.651313984123934233e+02 5.180323378720845540e+02 -6.297402040735096307e+02 -3.031070778994400712e+02 6.772667209121171618e+04 -1.585064104118785872e+04 -2.732585088177348371e+04 -8.825292235750381224e+03 1.861301915032256147e+04 -3.082097706639150056e+04 -1.212513443943552738e+04 2.276477467778389382e+03 4.238088730960016619e+03 9.058439377616397223e+02 1.897784308291691559e+03 -2.652116550696207014e+03 -3.237867059729353514e+02 -5.231521536108548389e+03 -2.241688629378501901e+03 3.203348070968311731e+03 3.018292409373542569e+02 7.311470654140806573e+02 2.541717021124877647e+03 -8.426520213871718852e+02 5.730222742563640850e+02 -2.641829384110680621e+03 2.279734910855744147e+03 2.141861710024935292e+03 1.159366479673750291e+03 -2.611563486194555935e+03 4.533947820718383781e+01 -4.641907826505188268e+02 -5.328872753925709276e+02 -3.551941260806542573e+02 -9.938826930619417226e+02 -1.144680233144904605e+03 2.625178163702321399e+02 -1.091290758233312317e+03 1.513224896518511969e+03 8.053302007031943504e+02 2.326600157749103630e+02 -7.015292347780308546e+01 -2.096315662547279715e+02 -1.287793267759582704e+03 -2.726064363398253772e+04 2.572721444321810122e+04 7.425772330687076646e+03 -3.328842401578133286e+04 1.986715648992202841e+04 1.359801900886688236e+04 -1.780349778375742972e+04 -5.786902702304192303e+01 -1.666838699363818159e+04 -3.314830083994880624e+03 1.563979005499027517e+04 1.422628808300332821e+04 1.364545725172188759e+04 1.349318756344844405e+04 -2.384965953949835239e+03 1.679281246908265643e+02 -8.821740821510438764e+02 -1.217483080723909552e+03 -4.462338415979519596e+03 -3.984021810748047301e+03 -2.812933521367002498e+01 -5.895554391829105043e+02 -1.464721179321540603e+03 -1.475141552715387206e+03 -2.476152124101258323e+03 -2.806226843578524040e+03 -4.122304366536860471e+03 -1.936140768821353959e+03 -1.929513343282407902e+02 -4.075894547984755718e+02 -3.045253096504283803e+03 -2.058440686100530911e+03 3.123826350014588570e+03 9.505883294888716364e+02 1.689399382482123201e+03 1.997596726889298395e+02 1.362093262649675864e+02 -9.769009700534282956e+02 -9.566008111580207469e+02 4.742142588698058603e+02
7.028949781385314964e+03 -1.296414098587507578e+04 -1.453428577192931152e+04 4.976172278785214075e+03 5.277333910015905758e+02 2.307494818310291885e+04 1.228002377768297592e+05 2.456534618425583176e+04 6.823916591453166802e+02 1.979584785675986495e+03 -2.027976063171050569e+01 -1.775319200242744046e+03 3.655371759706713419e+02 1.481370921942601171e+03 -4.393277139374542344e+02 -3.650021232552653032e+02 3.015855346150179344e+02 7.789004557123107588e+02 1.375470481309170054e+03 4.544027243978962929e+02 8.664802740656165270e+02 -4.387115465437724993e+02 -3.852381531854559853e+02 4.450958298531561468e+02 3.074912908869678176e+02 -7.250583535411975618e+02 3.635467637982927727e+02 9.813959920536028676e+02 -3.217264375290599219e+02 -3.875180211795599234e+02 7.360957698891946848e+02 2.935152613510518904e+02 -2.217560341456293571e+01 4.943093690001096974e+01 7.756634527585637215e+02 3.821271605504309719e+02 4.016490546252079952e+01 1.904592348569453293e+02 1.024250618218248547e+02 5.291867243372217899e+01 -4.562828330371149059e+04 6.486003320389836153e+04 7.897053832084407986e+03 -5.645434557239516835e+03 1.554980346263196225e+04 5.377642749931022990e+03 -2.313469680102446091e+02 -7.730801006674533937e+02 -1.889598750628339985e+03 -5.461228889732446987e+03 6.794468697336969853e+02 3.855522307474424792e+02 1.962910513497742386e+03 -9.879685311871988915e+02 -2.933729688131707007e+03 2.950016269750719403e+03 -4.137391334165920966e+02 2.067541650255570403e+03 -2.396644744598565069e+02 4.536843078156473439e+02 6.128400948509337240e+02 1.280148218476093007e+03 7.816035842168973886e+02 3.108378343914806010e+03 9.900811760013630192e+02 -1.571630272019605627e+03 -7.628272722646745478e+02 -2.435664288748086790e+02 -1.708712191499710343e+03 -2.087393064510860768e+03 2.792549202732638847e+01 -1.252386186155571977e+03 -7.882045730255613307e+02 -1.079939650417319172e+03 1.943912809257572007e+02 -9.276365057927572479e+02 -4.035508215289947884e+02 8.405682742261950580e+01 9.711193120402634804e+02 6.024092163320824511e+02 3.067340009390044725e+04 2.070006277216374292e+04 1.849925017015700359e+04 -1.082304720821370756e+04 1.240915899729234297e+03 -4.561437849369345713e+03 4.183919006116363562e+03 1.091923597169041642e+02 -7.565534756899263812e+03 5.756551588008969702e+03 -3.632595509623033649e+03 -1.844514806249278308e+03 2.356189329490728426e+02 5.457951380691667964e+02 -1.162026457673810455e+03 -3.334375935668338684e+02 1.187630641110659099e+03 -1.714893270810623108e+03 -4.429247753336011556e+03 -3.285687861353712378e+03 -1.431355141171390869e+03 1.003288343417911648e+02 -3.760824886637346367e+02 4.614841470790750577e+02 2.792020196632176976e+02 3.541597224481602552e+03 -7.117076913886689908e+02 -1.733117050370419065e+03 2.056617467705307547e+02 4.840394814482899051e+02 9.708296286433152318e+02 2.376669255969149503e+02 1.198996886470271335e+02 1.487946608402748438e+02 1.940308929384223120e+03 -1.612517535758197482e+03 2.280887064671165660e+02 -1.519879101603715526e+03 6.019239239182868459e+02 -6.504693974235242422e+02
-8.149693408594892389e+03 3.234410014892621984e+04 -1.374206185885692321e+04 3.451492138500010469e+02 -1.296915289728938205e+03 1.053383483672679540e+04 2.456534618425583176e+04 8.269997896111369482e+04 1.234680539456028055e+04 -2.641727087763152213e+03 -1.725106134442701205e+02 2.344524075595239481e+02 -4.952113900949322556e+02 -1.248444007075149102e+03 -1.477965207996472827e+03 1.988557331601005671e+03 5.396903675702396868e+02 1.572692262581605860e+02 1.620748589292940324e+03 1.467244323129820600e+02 9.784405082382564842e+02 -7.310415344929451749e+02 3.384453993940149985e+01 5.532310213934604093e+00 -3.350550740475125622e+02 4.109112966009603269e+02 1.722485163046731031e+02 3.921596497711166194e+02 -1.933424380409765320e+02 -2.595106806580967884e+01 6.713602642381513306e+02 -8.103293850400234533e+01 -2.396348301357825505e+02 -1.012235930386487581e+02 5.108913670297972658e+02 -4.192929046942631999e+01 1.292177866026006541e+02 2.367147358355614699e+02 3.236534991470218756e+02 2.178050892211637972e+02 2.717961721564412983e+03 -3.570873762688479474e+04 1.480349336967578347e+04 4.559019006190905202e+03 3.346684560842912106e+03 3.985211209867600701e+03 1.021884799880975947e+03 -5.925848093970209902e+02 3.496498577167737949e+03 2.809050159966497517e+02 -4.769400181771577081e+03 -3.535457305989571068e+03 3.995016103840993082e+02 1.558918872837352865e+02 -2.523904053734360787e+03 3.366714764027798310e+02 -3.615709272405371166e+01 -1.494223279717666401e+03 -1.528227217379267131e+03 -1.067657320923465250e+03 -9.160421638118300507e+02 5.343856226046307256e+02 2.550870140085077935e+02 1.200579394636101142e+03 -1.423096815229987214e+03 9.179169225292508827e+02 -1.454055907123891302e+03 -1.972406775452070860e+03 -1.215353503250657695e+03 -9.466486618136548259e+02 -1.203159785379198865e+03 -1.561570217760062633e+03 -3.218467180779580872e+02 -1.203037960942132031e+03 -5.104730905948724171e+02 4.735595250468781501e+02 1.908006138011277244e+02 1.683270996757375144e+02 1.397313369444578370e+02 -9.056888235493967443e+01 -1.414371396687726883e+04 -5.021376730623926414e+04 -3.964491050967250339e+04 -1.473784213628395946e+03 2.389825416197309460e+04 1.945671840673836778e+04 9.906776268503108440e+02 4.891704780895098338e+03 8.342309760930986158e+03 8.255761410568415158e+03 -4.404623175441466628e+03 2.608051309366474015e+03 4.596941033082018890e+01 1.646242470005088876e+02 -1.282362898261415921e+03 9.239088533444988798e+02 -1.072517149856425249e+03 3.302858555053650889e+03 -2.971375855644393141e+03 -1.174118921975459898e+03 4.613512302256454518e+02 -3.396743118337502665e+02 1.626196337902126288e+03 -6.227572943853890592e+02 7.384716247794082733e+01 3.732983414091422219e+03 -1.199991674720233505e+03 1.428854939366171493e+03 -1.674587871184322907e+01 3.185253080163662887e+01 2.078891692245148988e+03 -4.534920482625141744e+02 -1.710204955415489891e+01 -7.351035752354616193e+01 9.939858488957132749e+02 -3.949119453965132607e+02 6.993497530028085976e+02 -1.607706845681077311e+03 9.077789497294206740e+02 6.659895013910188482e+02
-1.055367591380155136e+04 1.187403651664798053e+04 3.652525913813863099e+03 9.468339597824082375e+03 1.115117168672407024e+04 -1.655842106443525154e+03 6.823916591453166802e+02 1.234680539456028055e+04 5.321441643103119713e+04 8.136830205874229250e+03 5.597071461218768036e+02 1.436531328641340906e+03 -5.317147059181902335e+01 -1.966150795812511205e+03 -4.480941642373936702e+02 7.163275081277101890e+02 -7.123517142009420411e+01 2.632973320695519419e+02 5.765020470617099591e+02 3.491300443293218905e+02 1.602383884954854011e+03 7.715285747409986925e+02 -2.697736317547614249e+02 -1.178359754638078414e+02 4.883940884031695759e+02 7.125549105383992128e+02 7.069020744842666772e+02 3.158430953312682732e+02 7.751697519855096630e+01 1.452849964024332508e+02 9.696863606264885505e+01 3.550309392328807121e+02 -1.449557605943889271e+01 5.033488768524112089e+01 1.089047581553054016e+02 -1.695640287259060131e+02 1.547832820163379495e+02 -1.630589759458554511e+02 6.902160664517369071e+01 2.845498656694931014e+02 -3.642428860889550560e+04 -6.087109087089777313e+04 -8.343614294832885037e+01 2.229115062213065175e+04 -1.259116541510193929e+04 -8.953002726424625507e+03 6.354395814300505663e+03 3.015250735652896310e+03 3.432744373875720612e+03 -6.927745560204106141e+02 -5.023726706463748997e+02 -1.040033914640012654e+03 -2.137252485953378709e+03 2.557433651681148774e+02 6.056733574013928774e+02 2.032663185439553672e+03 1.827501999591993581e+03 -1.496608135253371984e+03 -1.621289297019063042e+03 1.268407576623365458e+03 -1.802922451799114015e+03 -7.729927255791398011e+02 1.420363304369154321e+03 -4.120619287835281739e+02 1.559102462960882818e+01 3.369244999308567685e+02 5.084179202101195756e+02 -6.403854838651411683e+02 -1.053336428777127594e+03 -8.841188875996996330e+02 -1.192552373220019945e+03 -8.074684898875083263e+02 1.225904858937118007e+02 -8.993020935433852401e+02 -7.880345978099730928e+02 4.096237634981810629e+02 -7.274999219793309067e+02 2.652387079182412890e+02 -5.765435055635477966e+02 -7.077396782489444149e+02 3.650202542417784571e+04 3.396870282431809756e+04 -7.458785515156702786e+03 -6.606091491374381803e+02 1.312749631806857178e+04 8.343745513562011183e+03 1.332983603812681577e+04 4.847539024038745993e+03 1.695862562722358689e+03 -4.426949960545728572e+03 -9.269719075566586980e+03 1.075341382860418207e+03 2.596544000974920436e+03 -2.907474994120999781e+03 1.114791831090806227e+03 -4.477234700206160596e+03 -2.597676433342832070e+02 6.069633246690452779e+02 1.091090824008997195e+01 4.952501310846666343e+02 1.399099665577367659e+03 -1.327622273152195476e+02 1.250318575861687123e+03 1.107234849875748068e+03 -7.502218037054117872e+01 5.017490990242308726e+02 -8.686439528123836453e+02 6.785435493729704604e+02 -2.275496113925714496e+02 2.022023065840924119e+02 2.934484496131648257e+02 6.035913051033938928e+02 -5.716185450125397693e+01 8.507890794049495753e+02 3.258045962473295276e+02 -5.202275280841868152e+02 3.756184128900523689e+01 -1.547496357562294861e+03 2.414664305782872304e+02 6.037134162505852828e+02
-5.670884146386503744e+03 -1.047238727334155556e+04 -3.516851071983158363e+03 7.009137788655824806e+03 2.993175933992679802e+03 -3.579308373389419557e+03 1.979584785675986495e+03 -2.641727087763152213e+03 8.136830205874229250e+03 3.921445857745865942e+04 6.896412818223232534e+03 8.030960666819399876e+02 -2.931818632983171824e+02 -1.221289673267744320e+03 8.370375249595826972e+01 -4.153930778449569061e+02 3.504716676826495814e+02 3.143448267119811703e+02 6.579127687978253789e+02 7.507948442999452254e+02 6.280539299041013237e+02 7.759054740406577366e+02 -1.641204571325015706e+02 -3.989971617417227208e+02 4.660035500018470316e+02 1.637085684415524440e+02 4.349670354287606955e+01 1.065953901664833552e+02 6.956699970395279706e+02 2.060086080669925082e+02 -1.503559340951378829e+02 3.390195794566649283e+02 1.092239979805715251e+02 -1.868963151771564810e+02 -2.004034360130189327e+02 -2.620631362639394411e+02 -1.316068363397854313e+01 2.325638384748358476e+02 3.992670419073827759e+01 1.255171177571067176e+02 2.677257823217792065e+03 -2.264648354197056324e+04 -2.740162582916867905e+04 3.299365016684398597e+03 -7.636256595736515010e+03 -6.086941705301860566e+03 1.039709164014028374e+03 -2.486806885819597937e+03 3.177781923274515975e+03 1.098487573317961505e+03 4.262246784214760737e+03 1.019616011331125378e+03 -3.306488711705081641e+03 -2.513752588405789936e+02 1.086911773149306782e+03 1.769843509797176011e+03 -2.043619120962525244e+02 4.025780932099391975e+02 -4.848073306562848188e+02 1.507070746713338394e+03 -3.682307056877902482e+02 -7.373028663305656210e+02 -7.289730462169482053e+02 1.916148235718627859e+02 8.361110502481643607e+02 6.340119969280189025e+02 8.289918093153361269e+02 1.686759918118219161e+02 -7.271080791071487859e+00 1.056931252128900269e+03 4.516766761268237360e+02 -1.951737942577798322e+02 3.783420852449189624e+02 7.034179715962366686e+01 -2.167854093245803995e+02 -8.191685106571088681e+01 -2.077886408430995289e+02 4.623488642726503031e+02 2.308345025275003195e+02 -1.214471030100076234e+02 3.207753301513746010e+03 3.378563509236519894e+04 -1.002309777251640116e+04 2.118412623556520884e+03 1.981385717983075665e+02 -2.762375789488512055e+03 2.128049376863647922e+03 -9.616547734518169818e+03 -7.689049996642123006e+03 1.809036837758228785e+03 -6.224987033028235601e+03 -9.228031146671612532e+02 9.215190285547023450e+02 -1.329395454203125155e+03 -3.721915969669597416e+03 -2.268688462426287970e+03 1.623869118240652824e+03 1.857869287420939600e+03 -3.079655347244705013e+02 2.240304032130291944e+03 1.054846625421189174e+03 -1.079899216620207270e+01 1.437978684905985801e+03 1.780903936528830513e+02 -1.928666704500052447e+02 -6.219711006565562457e+02 -2.131562632459949327e+03 -1.590225041270441807e+03 -4.480711772168862694e+01 9.411071099935096527e+02 1.203764802786052314e+03 1.435773505832143883e+03 7.177700274974481545e+02 6.878777082536737453e+02 4.011999460532800299e+01 2.083086841512044032e+02 2.046891728230781666e+02 3.156990206227537783e+02 -8.003483203252567080e+01 -4.024366578438032889e+02
1.006562614333061561e+03 -1.204464567284715122e+04 -6.067340497004312056e+03 -9.676102983351946023e+03 2.030200753693422485e+03 -2.131919906044685717e+02 -2.027976063171050569e+01 -1.725106134442701205e+02 5.597071461218768036e+02 6.896412818223232534e+03 2.767082236705613832e+04 5.626159046252076223e+03 1.493184493115386203e+03 2.566320422459430119e+02 1.122278798305238297e+03 1.694824704264982245e+02 -5.960383325661169351e+01 -2.394565066931135107e+02 2.698436476554225010e+02 4.936105267058667891e+02 -2.840426864376850062e+02 5.275878440672476017e+02 2.133064614085423329e+02 -2.930355133571262058e+02 -5.420262637303710562e+02 8.155966063724181936e+01 5.045721446136727195e+02 1.880360322299590337e+02 3.519042410780514274e+02 2.858529944722134815e+02 3.093999718491857607e+02 1.027177926020310821e+02 4.150162946264748030e+02 5.225411066996560976e+02 -2.752261414076525625e+02 -1.900566415540887135e+02 -8.393046367223891480e+01 1.098549451805339174e+02 1.295327012968741087e+02 -1.511908925211145913e+02 4.319905816059104836e+03 -8.611484314506524242e+03 -2.128173880296815696e+04 -3.553015123606273391e+03 -1.044399027030129946e+04 -3.938584775964273376e+03 3.489335809889834763e+03 3.250035385071602377e+03 -1.058996782030945667e+02 1.576093125420381512e+03 4.282551961030784696e+03 1.669973841776466770e+03 1.196132094480772366e+03 -2.491686965543638053e+02 4.974269088826513325e+02 8.989491644634174463e+02 1.689351847549421279e+02 9.664132485000004635e+02 8.071505988321422365e+02 -1.879404606202004118e+02 -9.322741453012936290e+02 -1.083571496788699278e+03 -1.018734143280865055e+03 3.241496926774360645e+02 6.321025846215704860e+02 6.380376174245083121e+02 4.399965410262140040e+02 1.742248878984252656e+02 5.636559491196761655e+02 5.054545921245019144e+02 5.000446741044920600e+02 3.318902966574789275e+02 -2.624538581174752494e+02 2.436502474748182223e+01 5.784061112164862095e+01 4.936804408541069620e+02 -3.252235149522031179e+02 1.220658374285410019e+01 5.455190038673031268e+02 4.932304635959106349e+02 -1.443977295635668042e+03 3.160606642601723070e+04 1.233877678314140758e+04 2.331409835043191924e+04 6.377514252285358452e+03 1.064778202062958007e+04 2.977114357520409158e+03 8.736745816370353168e+02 5.710407511914675069e+02 -1.529490295264812403e+03 -2.324504281768783130e+03 -1.126608497718228364e+03 -1.121707594234871976e+03 7.980015955687688347e+02 1.731697972046041968e+03 7.330311533678074056e+02 -3.205667450087237285e+02 2.523452229739096424e+02 -1.827133346806079089e+03 1.079880897340922729e+03 7.547691305803978139e+02 7.016192673766234122e+01 -3.142958274748438612e+02 -1.170576669661014702e+00 1.277817311727103515e+03 1.972260601706171315e+02 -9.287901119832988570e+02 -8.870002926611953171e+02 1.203137447305351543e+03 8.658429289400809239e+02 -4.670357412937425465e+02 6.125434875705883542e+02 2.996582198050714965e+02 9.373661917564809301e+02 -4.278835629325494239e+01 2.595171836272995165e+02 2.277745757045827872e+02 8.208483292509920659e+01 6.764759722914014901e+02 3.860885894433591830e+02
-2.187612210417633469e+04 -2.168380047176940934e+04 -1.280928688416029445e+03 4.812160656263396277e+02 1.595043464000579661e+03 -1.416723074373696818e+03 -1.775319200242744046e+03 2.344524075595239481e+02 1.436531328641340906e+03 8.030960666819399876e+02 5.626159046252076223e+03 2.172060621273326251e+04 2.686566258967630347e+03 -4.993047415653754229e+02 6.624719912123741778e+02 1.013644815497996433e+03 -6.709701040209505436e+02 -1.635849193882684744e+02 -5.620123053391115775e+01 -2.751360784419354673e+02 -3.114644186136511053e+02 2.536588428580147649e+02 6.418115362487537823e+01 -1.540401173620522002e+02 -1.593252765775612829e+02 -9.616696752207420928e+00 6.545002957811027500e+01 -2.532003616532633714e+02 -2.002275257132190802e+02 1.638031495226762786e+02 4.440944118315930496e+02 4.376362108995347739e+02 4.806819921525344625e+02 4.276647980444843142e+02 -2.408733573795160865e+01 -1.183882670239538015e+02 2.428530801577225517e+01 5.989218045385052136e+01 1.645375869474398485e+02 5.828035489149656456e+01 1.697135574150030880e+04 2.615227021585366310e+04 -8.834485524952990090e+03 -2.690953911693978171e+03 4.004742378789534314e+02 -1.056692482996653553e+03 1.520145726710402641e+03 -9.202808802403017125e+02 -1.531639826901809101e+03 -2.731905165808426773e+03 -2.191635288699295870e+03 4.509588167953451375e+03 -1.700078556823810914e+03 -2.554282333194738328e+02 -1.113032227921866479e+03 -5.274818779140342713e+02 4.737534586966013421e+02 5.613315379098143012e+02 8.708894713347810921e+02 1.237772493490609946e+02 -6.699959420116572062e+01 -4.834778541821232807e+02 -1.040609647460647693e+03 2.918376400657116960e+02 9.594077733476591447e+02 2.654770854563156490e+02 -2.260577592471280468e+02 8.341438564140649987e+02 -3.665238312946054293e+02 -1.744382816805494372e+02 -1.235716955574117861e+02 -2.387928879742061667e+02 4.504446051812935892e+00 -5.141783484165388245e+02 -1.006257715767103207e+02 -4.039543514372535924e+02 -3.086294061866568086e+02 -2.236974769449047926e+02 4.424556819444747475e+02 2.068756200006926065e+02 -1.366721353340743008e+03 -1.631937863571947128e+04 1.749702677897465492e+03 1.888639429410467346e+04 -4.992056918814377298e+01 1.072199625848768483e+04 -1.087762368531500215e+03 5.151824387470152942e+03 -1.214819933651871906e+03 3.517987375724129606e+02 -4.653753160144815411e+03 -2.041080179852754327e+03 -3.465792999169551877e+03 -2.010992668747112020e+03 2.386352818678469703e+03 6.526694259320678384e+02 -5.302990548700330464e+02 4.376781111411268057e+02 -1.324811535762113181e+03 1.144748195559811165e+03 8.532644602909226705e+02 2.437785273514477069e+02 -6.944496420229645537e+02 -5.806182668161720812e+02 1.930107998931722705e+03 7.317484636279617689e+02 -1.780288244352720710e+02 9.777755977815280630e+01 6.971545516138672838e+02 -1.800449803175553427e+02 5.218525585633763342e+00 2.363493835216018510e+02 3.857942803637436668e+02 -1.265029008631608036e+02 -6.399937968276647098e+02 -3.851376639748095272e+02 6.120987144783249789e+01 2.525358710195243717e+01 -3.258553445078001687e+02 -5.055007358408554978e+02
8.667571271584545684e+03 -3.590168438368845727e+03 1.330767245842777811e+03 1.015173524458751490e+04 4.504792984141953639e+03 -1.296657457143714737e+03 3.655371759706713419e+02 -4.952113900949322556e+02 -5.317147059181902335e+01 -2.931818632983171824e+02 1.493184493115386203e+03 2.686566258967630347e+03 1.707018479948376626e+04 3.311927328277423385e+03 4.703952702816331453e+02 2.751446265943910703e+02 2.482676343704375910e+01 -1.586995277174637131e+01 2.742525752693043373e+01 -3.725497404765605438e+02 2.765827950410900371e+02 3.491975773182165312e+02 -1.928221673754538870e+02 3.181417559357977325e+02 -3.169003755277627761e+02 1.475817999109644916e+02 -4.809919770088622215e+01 1.164006591168204778e+02 4.432992709429920097e+01 6.364452584970803173e+01 3.176643999236482045e+02 2.282582909327802838e+02 2.105253331209865735e+02 3.822550525215891071e+02 8.003928999041478676e+01 1.996953553748259935e+02 -1.707986548015033463e+02 -5.462414251730464088e+01 8.671307407927992372e+00 7.712788686925965465e+01 -1.297783308825240783e+04 -2.190597491690870811e+04 -4.845117536364002149e+02 -7.261457476697598395e+03 -5.516968689844617302e+02 3.327066175592977288e+03 8.073916432623051378e+02 1.708859177288817136e+03 -6.828481429737292956e+02 -4.391024407033855823e+02 1.297834324017495874e+03 -2.643866793306663112e+02 2.044938729419382298e+03 -1.349173982337224743e+03 -9.031639872576960215e+02 1.395509645670852272e+01 7.460246698384717092e+02 8.428363630296567521e+01 -4.556067146325763417e+01 7.348423123724217021e+01 5.020955664976815456e+02 -7.891035411866741356e+01 5.294091637615144208e+01 6.441233203730487276e+02 -9.320135395519754695e+01 1.014464060708562414e+02 1.951274656385437538e+02 6.686402214259122729e+02 2.115952587873679249e+02 9.980728955381262324e+01 3.992355179773321083e+02 2.650778786204091944e+02 -2.840439491061625858e+02 -1.493563165795288512e+02 -6.226323705682192440e+02 -5.613333936982314754e+02 -3.332659596079712969e+02 -9.961492369650557066e+01 -8.001634980224949913e+02 -3.360575883321468496e+02 1.101054966308997246e+04 3.588534238738592103e+04 1.076366972280302070e+04 3.413010923402151775e+02 -1.825896328420992347e+02 6.361692741448529887e+03 1.132612368788073945e+04 3.968141806643713608e+03 2.261545239354060868e+03 -3.033489664191709380e+03 3.544388840921121755e+02 2.095111070479265436e+01 1.044460096377458740e+02 -4.946503082690073825e+02 1.015306491521118801e+03 -1.719696725187069660e+03 1.121703572246699139e+02 1.508921778052515947e+03 1.347041204514777064e+02 -6.631265573073858377e+02 -5.119668356705188899e+02 -3.992631761210643759e+01 7.341959419718174331e+02 2.481936821505792068e+02 -4.082890333940229084e+02 -1.396986192703207905e+02 6.745499500102466754e+02 -1.381622444612375148e+03 -2.714171255283828632e+00 -6.039846369709965757e+02 -1.011930137059006825e+02 6.053528716965577132e+02 6.196097240447345484e+02 6.004846813810622734e+02 -5.219442955162666067e+02 4.345592851931775726e+02 1.341560335605640830e+02 4.393014663455110167e+02 3.739516986577777402e+01 -5.254108272799719543e+02
