4.651938366563242860e+06 1.744596236805113498e+06 3.072015262802125653e+05 9.111756988403426658e+04 9.916540982496076322e+04 8.600651308052048262e+04 4.286570477880171529e+04 -2.021732705537988295e+03 -1.696952205544315439e+04 -1.013236137265881916e+04 5.435158564751842505e+02 3.254806678214452404e+03 1.516654526555921802e+04 4.077692432540166465e+03 1.314241070402709965e+03 -3.729678884750694579e+02 -3.928597500785310331e+03 6.075027574099995036e+02 2.307274654295795244e+03 7.821133883502609763e+01 1.336837756271071157e+03 -4.027287004798123235e+03 1.323781669326333258e+03 -9.364138245147717043e+02 8.359014174097526848e+03 5.803024715201569961e+03 2.965386856572020861e+03 -4.251852709816582205e+02 4.754755653212072275e+02 -1.542174906506994603e+03 -2.300936632731378722e+03 -2.942368445212146639e+02 -1.856693629160016826e+03 1.413133955020780604e+03 -2.041149774709797157e+03 -1.138290667731469512e+03 -6.843435218363767945e+02 -1.425462647439714374e+03 -5.628580347844646212e+02 1.757668476141542897e+03 7.763880984713102691e+06 2.230482447718321811e+06 2.909152111360909184e+05 -1.067723162889404339e+05 2.055720103881276009e+04 1.236669689678329742e+05 2.251906823689578232e+04 -4.679735547627648339e+04 -1.561914635212087160e+04 -4.433023875007329480e+03 -1.378227669366245027e+04 -1.536087684163935592e+04 2.090039128827900640e+04 -7.016434178997109484e+03 -1.760623174917554934e+04 4.572811539504100438e+03 -4.494320288764323777e+03 -1.989164663333852877e+04 -1.683103657755514359e+04 3.847537614559480517e+02 2.620162317865442219e+03 -2.242878546410302442e+04 -5.147158904889964106e+03 -5.427439215549087749e+03 -1.740489965391110218e+03 -1.456687576559875197e+03 2.021548884322504364e+03 1.459002132163389660e+03 2.923606491126105993e+03 -3.693243358196499230e+03 -9.420124023843098939e+02 3.412746990928331343e+03 9.107301764351160500e+02 -1.177728990114216685e+03 4.910447298116006323e+02 9.879374423991275762e+02 -8.350034222573798615e+03 -7.073748069980823857e+03 -1.778896829035795008e+03 -5.483711240986208395e+03 -2.751533380644429009e+06 -1.094209350998573471e+06 6.682480290480679832e+04 -1.128368000407383224e+05 -9.977915816785616335e+04 -4.971320424074730545e+04 1.354974957043202303e+05 6.062484351526544924e+04 1.247918197190335559e+04 9.968761692675751692e+04 3.721667147844014107e+04 -1.116108382603713289e+04 8.731168820294500620e+03 -2.944793428945533378e+03 -1.192879134358366355e+04 1.715498183347846498e+04 -8.296192318494631763e+02 -1.150550952353913090e+04 -2.519281604272031018e+03 -1.548297395575495466e+04 4.209076763482607930e+03 -4.503474923301109811e+03 -4.559564731240113360e+03 -4.353740976225255508e+03 6.828234584584919503e+03 1.092500191852122771e+04 5.730414276044819417e+03 2.373246532641056092e+03 -6.869021426250731565e+03 -5.957521995479623911e+02 8.534546767945398642e+02 -5.118102606560436470e+03 -1.131972400561105314e+04 -6.378865382877478396e+02 -5.365596235410540430e+03 1.714945732425171082e+04 5.153710846416898903e+02 -5.592717025227496379e+03 -5.116005107072101055e+03 7.161518010682433669e+03
1.744596236805113498e+06 4.186859800330014434e+06 1.162426991270670434e+06 1.540788645775177283e+05 1.119310674996629241e+05 4.105870016372975806e+04 8.819424304334251792e+04 2.854486264253648551e+04 2.272518781931611738e+04 2.954313551178428679e+04 1.425442522132296290e+04 1.164780545565499597e+04 7.876507811349821168e+03 9.705646356304698202e+03 1.411414706619149547e+04 3.213111321090275851e+03 5.299560634458641744e+02 -1.193059345011676669e+03 1.948235363382397964e+03 3.554464357011438551e+03 5.783512694815834948e+03 3.032792296040212022e+03 4.742227464661064005e+03 7.316184918449378074e+02 9.178979106668839449e+03 2.904091625038888651e+03 3.150231299705554193e+03 3.786561015660972771e+02 1.841852434105617931e+03 9.175011569982276569e+02 7.947793191149558822e+01 -1.591422793776194339e+03 2.086125531560287072e+03 3.401856358023410394e+03 1.705387113384718305e+03 3.173214200451167017e+03 1.896478643475656327e+03 -1.328933465067841269e+02 -9.761044266951238342e+02 1.478924872859257221e+03 2.738060117710958701e+06 5.375088076487932354e+06 9.066095059712516377e+05 -1.147228225703501666e+05 -1.246250862250997161e+05 -1.563075595110176437e+04 1.216142820608977345e+05 5.397541303872799472e+04 -2.258647453376307021e+04 -2.060070827563312832e+03 -1.210204480067421537e+04 4.791927012255083014e+02 3.527419924525687520e+02 -2.471966804385567229e+03 -7.131908687923391881e+03 5.331756347682043270e+03 1.827119402396135229e+03 -9.194262605548061401e+03 -1.090633946915197157e+04 -6.552127420411483399e+03 -1.135394210472947179e+03 -5.902059929452204415e+03 3.177542760116602039e+03 5.786091636745393771e+03 -5.294445552887227677e+02 -1.442388351503521108e+03 -5.087147230042243791e+03 -3.727863214838985641e+03 5.111584191464077776e+03 2.287405804403160346e+03 -3.031620935277853732e+03 7.056903638997241615e+03 -2.470541228365336792e+02 -2.830614951140029007e+03 -8.435524506616233111e+02 1.327442692763617515e+03 1.967983952904462058e+03 -1.111358350210355411e+03 -7.426778416336008377e+03 -4.462032549804140217e+03 -1.212898682208430488e+06 -3.773884199136919808e+06 -1.116499037863425445e+06 -7.882611388436675770e+04 1.004358716905850451e+05 7.644468234464884517e+03 2.772003210543640671e+04 6.011254149130422593e+04 -1.545456443997675933e+03 3.529858550342397939e+04 -2.887759378467141141e+04 -9.250521942903986201e+03 6.141450883164403422e+03 4.174061068100802368e+04 1.398907800688805219e+04 1.511274217856447467e+04 6.768546026954855961e+02 -1.507074786426399896e+03 9.813682366098732018e+03 5.719212960612811912e+03 9.546385669408804461e+03 1.058964147183685054e+04 -4.846313106383587410e+02 -7.221876877634112134e+03 -1.033633936303746850e+03 -3.202692185933730343e+03 -3.580211634777644122e+03 -1.876064922065206474e+03 -7.423037630640371390e+03 1.711494375642909517e+03 -6.927951371454208811e+02 -6.223398392749402319e+02 -4.108936376714554171e+03 6.445728752273157625e+01 -8.406191568943144375e+03 4.569389991938265666e+03 1.047384671171908485e+04 -3.865996289121620066e+03 -7.041350998380466990e+03 -2.060890392421409558e+02
3.072015262802125653e+05 1.162426991270670434e+06 2.046816503724126378e+06 5.728763758163072634e+05 1.179049164202163665e+05 2.387313284030489376e+04 2.854547746604200438e+04 2.362938740668529499e+04 1.397238798581790434e+04 1.938824169829082166e+04 1.445387348653999652e+04 7.557389515260649205e+03 -3.967605197634507931e+03 7.570345703267361387e+03 7.295006407151736312e+03 2.900899102013974243e+03 7.325605917406979643e+03 1.334470152470507855e+03 4.009442487351700947e+03 2.644966987411554328e+03 3.973425057190642292e+03 9.137564241133580936e+02 1.821360947124153654e+03 1.550081377194076367e+03 3.297575101956218077e+03 2.286898974039348559e+03 1.105734797591270762e+03 2.475118958681666300e+03 1.217004689977259204e+03 1.665221216022146336e+03 4.232719917653777770e+02 6.557704813158017032e+02 -7.338643542117239349e+01 1.839041220730809698e+02 3.217554556818161018e+02 1.382762856111956808e+03 5.995423344005503168e+02 -2.300745771631223846e+01 -5.840546440506057024e+02 -2.402125243400817922e+01 3.539392446485563996e+05 1.043086973037107964e+06 2.298435485324424691e+06 3.744016426383083453e+05 -4.800631826421215374e+04 -6.538178759862366132e+04 -9.374587648347642244e+03 5.750916512062808033e+04 1.606200803589819407e+04 3.351330865906109102e+04 4.976708851194119052e+04 6.521445481378284967e+03 -1.797461821785225538e+03 1.043830915041599110e+04 1.355817438657031562e+04 2.972739177442577329e+03 2.321849827315216316e+04 -6.793843146804556454e+02 3.008459299825275139e+03 4.851559805116885400e+03 5.695707953909422940e+03 -2.444013544712076111e+02 5.533151833942588382e+03 -3.331148440956972081e+03 2.219598421663220051e+03 -2.338779618320765621e+03 -4.632331252300666165e+03 4.387604736405912263e+03 7.432691881161841593e+03 1.924808040350973215e+03 7.146411518359509500e+03 3.481039226757283359e+03 7.565287265306816380e+02 1.921457106423015148e+03 2.369399673527878804e+03 -5.077418382076343732e+02 4.642206205520703406e+03 3.467851703384032191e+01 -1.769754936932503142e+03 5.092556210638146581e+02 -3.421061163421841920e+05 -1.045865908963063383e+06 -1.407780770729827927e+06 -5.116582950520942686e+05 -4.071350103172201489e+04 -5.270934370804778882e+04 -1.402381502493500375e+04 1.008736283901835413e+05 3.076473380168060976e+04 -8.459162387837222923e+03 -2.533580790669807902e+04 -4.871994018617610891e+03 -4.283682507680714480e+03 2.833033579704461954e+04 2.124641189560945350e+04 9.993748990503820096e+03 -5.342369864273270650e+03 -7.412549467905323581e+03 -9.421235372282793833e+03 -1.236475651248547911e+04 7.368498374075268657e+03 1.246685766383291957e+04 4.216803832548860555e+03 -1.803978420545944800e+03 -6.762264952032064684e+03 -3.344959752666763507e+03 -1.603763389535623674e+03 -3.730548037905947467e+02 1.376225721486681053e+01 1.109846563934406731e+03 1.102162476904385949e+04 1.175923234796806810e+03 -7.338741894609223891e+03 -6.136019498876167972e+02 -2.540652504954893629e+03 2.434046676434890287e+03 7.364147317885193843e+03 -2.140911017677599830e+03 -2.482161664936074885e+03 1.500774773849528401e+03
9.111756988403426658e+04 1.540788645775177283e+05 5.728763758163072634e+05 9.033173732776585966e+05 2.080883516624679905e+05 3.099744477257433755e+04 8.011361334529334272e+03 1.137381882894900627e+04 5.259576343954966433e+03 9.558630060281406259e+03 4.241895674265469097e+03 1.712766602141916337e+03 1.334318357964898723e+03 4.321541501507248540e+03 7.399592054523325260e+02 3.072821456165038398e+03 3.061340035280219126e+03 -1.450973096693186108e+03 2.565859118231086541e+03 1.673858527602274762e+03 2.838745968895065744e+03 2.443378348125103003e+03 1.258765777410494820e+03 4.109373877276706253e+02 1.474022078570372287e+03 1.891148707821557991e+03 2.069631287155137215e+03 2.402285105126130475e+03 7.319080389229289949e+02 1.126569676503437904e+03 1.279406382782182391e+03 1.126398395663010206e+03 4.274354052943188549e+02 9.241321534364200261e+02 8.024550703523683524e+02 4.697590559906744829e+02 1.485255186534595168e+03 1.819580806383636855e+03 1.081734176217247523e+03 7.185250691310006914e+02 9.018396696356903703e+04 9.452378584606877121e+04 7.493160493132204283e+05 1.071725394259276334e+06 1.401750904074686696e+05 -3.770240408828850923e+04 -1.614417676310385650e+04 -4.633562934315016719e+03 2.178257952752478377e+04 1.805157602053306618e+04 2.271528019932903044e+04 1.304243629073118791e+04 9.244975463651511745e+03 2.642116252582872562e+02 9.070992249627244746e+03 4.171110775944763191e+03 6.743530102203295428e+03 1.019354990806362730e+04 8.935662062785446324e+03 7.015159426373597853e+03 6.150679661511535414e+03 6.647557090548241831e+03 7.533505637511420900e+03 4.617819207702209496e+02 6.220496955593539496e+03 -1.265902515892782048e+03 7.330445177373034085e+02 5.102086748385815554e+03 7.374356250758355600e+03 9.794256598793500643e+02 4.301936733848878248e+03 8.027020500830673200e+02 1.345649962324626358e+03 2.660456611087711281e+03 1.502435584608011141e+03 1.906633758038595943e+03 -6.152660534114711481e+02 6.428097413012917514e+02 7.741188626505115735e+02 -1.069172838471745536e+03 -1.099786718153157854e+05 -1.926504889701366774e+05 -1.840626709275455214e+05 -3.894459173900539172e+05 -2.388692120781897684e+05 -1.324305642220940208e+05 -1.494525132023434344e+04 1.173437099634653532e+04 2.875402088557060779e+04 -1.025809560898049085e+03 1.334018393124296017e+04 -9.525428640531654310e+03 1.007836338815585987e+04 9.780107241312861106e+02 1.721643523325502247e+04 8.354505438479545774e+03 -1.135505594482973635e+02 -2.064293006564841107e+03 1.637727497431881147e+03 -4.843777836757649311e+03 9.171610137291008868e+03 1.915308359993747217e+03 -4.993879768555722876e+03 -1.741211104311513509e+03 -3.119197272454222002e+03 -3.104943496525494538e+03 -2.751796376586498241e+02 -3.901453736360032281e+02 2.410045190802314210e+03 3.735813200895196928e+02 -1.507730678210770293e+03 -3.095887905599249166e+02 1.497294358017913112e+02 1.865892206688650731e+03 1.836186011421720821e+02 1.566450798979858746e+03 1.432369013481833008e+03 6.457921581241021158e+02 -7.920380306880324497e+02 4.356235450234781638e+03
9.916540982496076322e+04 1.119310674996629241e+05 1.179049164202163665e+05 2.080883516624679905e+05 3.775758401315468946e+05 9.844913287990962272e+04 2.294344485426019673e+04 1.049359828122239560e+04 1.725452708056097435e+03 5.637456161374142539e+03 5.455124685512284941e+02 2.756670226982830172e+03 2.038483721990568483e+03 5.788163362546005374e+03 5.222957679288348118e+03 4.018438988626019182e+03 3.653005086680560908e+03 1.863255176288088023e+03 2.184633838948314406e+03 -2.710121629166072239e+02 -1.370860391295577983e+03 3.534971179960139125e+02 3.000635390498610491e+02 7.138279394965530855e+02 1.037009974865407912e+03 8.703037413428274931e+02 1.204352121457100793e+03 1.945276625551280461e+02 1.518427427615577017e+02 -4.252622502771621384e+02 6.312735306785400553e+02 5.715302698532995009e+02 7.318028019941059483e+02 3.656294363556363010e+02 5.603524995069583383e+02 4.086661446045438595e+01 -2.172352254518081907e+02 3.194237096474786313e+02 1.105184886628916729e+03 6.292523115674749761e+02 1.087181779989270435e+05 1.529769627025797090e+05 1.267311668038368225e+05 2.163024159473527980e+05 4.094622044081310160e+05 3.593238412538205012e+04 -2.540660716206988945e+04 -1.430980264928674842e+04 -1.062768080581515278e+04 -1.146729688265420009e+03 -1.895177872059718084e+03 3.831976369286375075e+02 -2.865003004823794527e+03 1.354896655903422015e+03 2.469631176148353461e+03 -1.255074554550937137e+03 -1.416608693639260309e+03 6.007478059482415347e+02 1.294487371315174755e+02 1.304499775050818698e+03 -2.521994608260516998e+03 1.222874579799168714e+03 7.950215555676521717e+01 4.380796455327613330e+02 5.324693362611959628e+02 2.251614792484664065e+02 3.129588457573115193e+03 3.559757853305297431e+03 4.701150646394439718e+02 9.157166426375508763e+02 3.120464636305768181e+03 2.286972049682785382e+03 3.097666259605162509e+02 1.413786650223154766e+03 1.077468216282741196e+03 1.029649715534832694e+03 -7.931510455773561716e+02 -1.139288231526812069e+03 -2.444957526951850468e+02 -2.360636046373036478e+00 -1.291986020724174741e+05 -3.688463564676930400e+04 -1.349639138795952204e+04 -3.017916939253932924e+03 -9.140824635805796424e+04 -1.273180873362309940e+05 -3.763593787405917828e+04 1.883658789971183978e+03 -1.158413715078908353e+03 -4.336284290088924536e+02 -9.217010066509270473e+03 -8.484122914036954171e+03 1.225312061030385667e+04 6.358572344996409811e+03 -1.326131611620138813e+02 -2.692873919524526627e+03 1.738985130211582657e+02 1.761149401850643244e+03 2.720117726232391760e+03 -2.028573741198332755e+03 1.977806047269558007e+02 -5.332463147910214047e+02 -2.805590226509234981e+03 -4.430020607142979316e+03 -5.598967671848983628e+03 1.766515680022378660e+02 -3.732555595330483811e+03 -2.581517243402051008e+03 -5.871637130663102653e+02 1.529229615539344877e+03 3.119434377420728197e+03 3.862812371792707381e+03 -2.219342283957646771e+02 -1.615915373459057946e+03 2.862857572062831650e+02 1.037312640351717885e+00 3.340814124584178899e+03 2.284381083727639179e+03 4.967027446585947814e+02 1.993843637943565682e+03
8.600651308052048262e+04 4.105870016372975806e+04 2.387313284030489376e+04 3.099744477257433755e+04 9.844913287990962272e+04 2.216763217993773578e+05 5.834577331691237487e+04 1.755189555438406387e+04 8.711822437102597178e+03 6.977650488800450148e+03 1.682866049199703639e+03 -2.010194917186156772e+03 -1.224390595207726619e+03 6.056658394006443814e+03 3.998214197118709762e+03 3.616752063695606466e+03 2.209646714449163937e+03 2.922604849383231794e+03 3.243744957885959138e+03 1.644972382238124055e+03 1.168175935173499965e+03 1.451142204074491474e+03 7.655132054878104100e+02 9.107977759401802587e+01 6.379391361232377449e+02 6.274101493551893327e+02 9.208862712149452818e+02 5.372954042634529515e+02 6.669634673347179614e+02 2.084646498266708932e+02 1.814453376061879339e+02 4.823543593663513320e+02 4.386745307968330962e+02 4.414000809143083757e+02 1.161937031402629145e+03 8.794839201045704158e+02 5.605889132536381112e+02 6.402835330919416492e+02 4.522560393039641440e+02 7.961921884439384485e+02 1.476611303767095087e+05 -3.386645481254167862e+03 6.984071873545923154e+03 1.781043987969862428e+04 7.920599731039935432e+04 2.570101057055710407e+05 5.464329103081927315e+04 5.524169739838686837e+03 -9.153186550057853310e+03 -7.130156136251509452e+03 -6.116362607860877688e+03 3.196702103289954266e+03 1.809241502833416007e+03 2.393695998527467509e+03 1.195491895672828832e+03 1.379682713534726801e+01 -2.676777522773823875e+03 3.048475332750875623e+03 3.057742227388114316e+03 6.539805241354965801e+03 1.252105107075081150e+03 1.226416673241220451e+03 6.611495504367937883e+02 9.269317478666096122e+02 -1.658724686581167134e+03 -1.263939416674543281e+03 2.497965844455562092e+03 2.551541272804434811e+03 1.982831064620834013e+03 -4.136025868207360645e+02 2.602677654411180356e+03 1.562332430794165930e+03 4.763122219399650135e+02 1.173718394380413201e+03 5.189885706853192460e+02 5.416745602625333049e+02 -1.604404818018212609e+03 2.075346543836989497e+02 6.729226282100199796e+02 1.555977711903399836e+02 -4.938193797978507791e+04 -6.022321545751746453e+04 5.057261176629364491e+04 -2.754839347345850547e+04 -7.735216328386870737e+04 -2.560858824449750318e+04 -2.580851360485257464e+04 -1.163064069969734010e+04 1.019866077656061134e+04 4.420447728616781205e+03 2.972230052569919735e+03 3.920148161040593550e+03 1.093161246849927920e+04 9.678277943143901211e+03 -5.779517653938997910e+02 1.771667697237476432e+03 2.530149226440666865e+01 8.585891228289901846e+02 -2.250330083496651696e+03 -9.130729005258341203e+03 -4.387410600749327386e+03 -1.021047509448977962e+03 -8.842253220809891445e+02 4.615713167730226587e+02 1.825699696498938010e+03 4.253654644182299194e+01 2.682284317933881994e+03 3.111180340413020531e+03 1.606827347561098350e+03 1.782068144977447446e+03 2.089054905477625198e+03 1.379362906779602099e+03 5.167966229409738617e+02 4.965870566970314144e+02 7.226108233235084981e+02 2.001182692151916854e+03 -4.424860061090658974e+02 -8.894617456398510740e+02 3.951134333208921845e+01 -1.277802460721261184e+02
4.286570477880171529e+04 8.819424304334251792e+04 2.854547746604200438e+04 8.011361334529334272e+03 2.294344485426019673e+04 5.834577331691237487e+04 1.324388002533023828e+05 4.257500163890434487e+04 1.204037128094517539e+04 4.436562199541302107e+03 1.577918942784419187e+03 1.283214775950084686e+03 7.210998428260234050e+02 1.307676754947757900e+03 2.217306865946929975e+03 1.928608405652872761e+03 2.139764481616994544e+03 9.083377670910780353e+02 9.349231146917735487e+02 1.025686033288309090e+03 1.332658883062173118e+03 7.015553646098913987e+02 9.451198327144128370e+02 6.504838102109390547e+02 7.707023136787682915e+02 1.523368848449618099e+03 1.496730089510956532e+02 4.078799947437223068e+02 4.223035372281100308e+01 3.196792961529188801e+02 2.918009818558317647e+02 -3.426161152476709049e+02 -5.599838195763742306e+02 2.895698566423592411e+02 2.708372832014992468e+02 -2.289894722041806290e+02 4.137141721452726415e+02 7.523010333248134884e+02 4.311037578431645443e+02 6.477395448710038863e+02 8.592474774685698503e+04 7.930845861147297546e+04 -3.213839314728435420e+04 -1.607887453519409610e+04 2.192724614854689571e+04 6.811572443063570245e+04 1.336114382696742832e+05 3.565801640049670823e+04 2.761434969595902203e+03 -2.905395310491272539e+03 -1.691226067798567556e+03 3.348382432345830239e+03 -4.613948119260169733e+03 -2.829649090132837955e+03 -3.349615012377759285e+03 -4.572326026011793147e+03 -1.571336571356643162e+03 3.984417171952854460e+03 1.341972942889417709e+03 4.601001164049769613e+03 1.577780325118508244e+02 -1.644387107378156088e+03 1.197819398996039126e+03 3.312394669184851068e+02 3.799359825320331083e+02 1.360656366413828891e+03 -9.462019961840816222e+02 -4.062374760667167095e+01 4.481247474881687936e+02 -6.611189734186946225e+02 -7.929297410581592942e+01 -3.929941520695430057e+01 -1.203130174722711217e+03 -1.274897258371943963e+03 3.976590830748498320e+02 9.219520502501180772e+02 -3.664145760881605725e+02 3.791276096984167339e+02 5.143214386677586702e+01 2.159054347784462493e+02 -1.727179373922812738e+04 -1.034702302763051557e+05 -6.877747994684436708e+04 -3.003771913273177779e+04 -4.804329965692979749e+04 -2.012301458090778397e+03 -6.629872906447737478e+03 -9.037216023039372885e+03 -1.253514531804725266e+04 -2.409642622582180138e+03 7.919200896927448412e+03 -1.299684086459240689e+03 -8.689014634867824498e+03 3.271701791188618245e+03 3.920329831707986614e+03 -2.326005671685841207e+03 -2.717676887306991830e+03 -4.055843795957830480e+03 -2.236990529207084819e+03 -1.633443643603555302e+03 -4.137485920524370158e+03 -3.485582440543115354e+03 -8.688737701306698682e+02 1.143425768592287142e+02 -3.234362252456229498e+02 2.578939782904199092e+02 -1.655632800357540759e+02 4.754326500374443043e+01 8.392138456566751756e+02 1.102940289136259025e+03 1.854323332772460844e+03 2.849451842976712669e+03 9.787542161463447883e+02 -1.032246682961443184e+03 -1.270979929646460391e+02 1.160248749417102772e+03 -8.771670860690398968e+02 -2.465859679298522735e+02 1.939036549310641533e+02 -7.434132303182119585e+02
-2.021732705537988295e+03 2.854486264253648551e+04 2.362938740668529499e+04 1.137381882894900627e+04 1.049359828122239560e+04 1.755189555438406387e+04 4.257500163890434487e+04 7.931703499449425726e+04 2.363278959775831026e+04 8.180627074374345284e+03 1.397629635933101099e+03 6.900162927916921944e+02 1.559887729619907191e+02 1.846625686787411496e+03 1.603470975889581496e+03 1.550627109459127041e+03 4.482150998311109333e+02 7.253665049027690657e+02 9.934812110020388900e+02 1.268257091474552908e+03 1.360917839184093509e+03 6.468919984767399001e+02 7.458689257847993304e+02 1.377776686261607892e+03 1.157251525694263819e+03 9.238656145660177117e+02 5.908482023217981123e+02 3.861339782556781870e+02 2.962356638137098912e+02 6.246088871809715783e+02 2.464959229548073552e+02 -1.652277397437100888e+02 1.052265215050932454e+02 4.336259721822174242e+02 2.487058301280162027e+02 3.115769257675391373e+02 5.787637304934329450e+02 3.029844165462355363e+02 2.823977627181618573e+02 4.900662287074486585e+02 -2.103423829704706441e+04 1.650660467402683207e+04 4.587020399459643158e+03 -1.537124994116895687e+04 8.965984908736903890e+03 3.232224342463249195e+04 5.611747532042683451e+04 8.924786045193631435e+04 1.858624167741951533e+04 4.799715586164461456e+03 -4.008137845984042542e+03 1.145121052388537919e+03 2.301032581921374003e+03 1.095286586727847634e+03 -2.680775643055121691e+02 -5.301234012146308032e+02 1.019806732671412419e+03 1.584559101395310790e+03 7.282825626905040508e+02 1.492094800453993912e+03 -4.361191901054250479e+02 -2.408436255421029273e+02 -2.345952212761557689e+02 -3.833088501591623753e+02 1.244789879847927068e+03 9.162259814604718713e+02 3.725322551695455786e+02 3.317320661557759536e+02 -6.741450130313085083e+02 -4.246945070942966538e+01 -2.862046959997691431e+01 -2.429193846577314844e+02 -1.156313331246249163e+03 1.479469947517545734e+02 3.290526877158150114e+02 9.438951443618358326e+02 -3.672529231369836680e+02 -6.006698021685789399e+02 -6.274436601648939131e+02 1.391698948941109109e+02 -4.252996114075029618e+04 -5.972529928385218955e+04 -2.930586840762252541e+04 -5.907038035296727685e+03 -1.517965006708115470e+04 5.934653567755447511e+03 9.550573997696408696e+03 4.876351845768862404e+03 1.193293367158979891e+03 6.796886358326403752e+03 4.388567111551062226e+03 2.214257013270169409e+03 -7.227172646301313534e+02 1.186560597772397159e+03 3.380608969397799683e+03 2.233204255274335537e+03 -7.051988658270630594e+02 -8.321503794637986857e+02 4.823048778720413310e+01 -2.351116440162042181e+03 -7.456038105940185687e+02 -1.277672259189992701e+03 2.949741059473084874e+02 5.820002960331780741e+02 1.469698624363402359e+03 -2.686529751582119729e+02 4.255426999500058969e+02 -1.433170896807116378e+03 -3.739022341527984281e+02 -3.509317217254580896e+02 1.374324718942920072e+02 1.350632714559864326e+03 -8.851468021222140692e+01 8.357366185407463490e+02 2.003426008031319270e+03 1.801861705569485537e+02 -3.770101205361804091e+02 4.653186951158119768e+02 4.780980915008456122e+02 9.005108277638669279e+01
-1.696952205544315439e+04 2.272518781931611738e+04 1.397238798581790434e+04 5.259576343954966433e+03 1.725452708056097435e+03 8.711822437102597178e+03 1.204037128094517539e+04 2.363278959775831026e+04 5.713247888977929688e+04 1.745245676127119077e+04 2.354580713152010048e+03 4.313246822448466133e+01 2.183806858800860766e+02 1.031324418930492357e+03 1.286244620925055415e+03 1.409949892743915825e+03 9.646016863386716977e+02 2.663522368223707986e+02 5.937915272837659408e+00 7.778536220979797235e+02 1.394126394430234313e+03 1.455430134645282806e+03 6.764826644139554901e+02 1.370933010363921539e+03 5.351478609914385061e+02 4.203938816604955946e+02 6.256668307751278917e+02 3.534272056354303260e+01 1.510901733689389630e+02 7.417173719651850661e+02 4.715459246765666990e+02 4.584018928380249491e+01 -3.025237953120553769e+01 5.703318422951765143e+01 1.640451966812850912e+02 3.119814215356637419e+02 2.638975655194741421e+02 9.737302599188652152e+01 2.044896861134816675e+02 2.553735350728783544e+02 1.742854107766833067e+03 7.025266398604426649e+04 1.217836167815062072e+04 1.133562233938507961e+04 -1.059718976011046288e+04 2.122643755132428123e+04 1.519913585157157650e+04 2.978964607439308020e+04 5.411507259908409469e+04 1.144345551000209525e+04 -2.596517950975953227e+03 -2.414893208201553534e+03 1.645755937716153539e+03 -4.274833378872556011e+01 7.350890459510306130e+01 4.694899741173033476e+02 9.019214718940124840e+02 -1.471241555791803876e+03 1.181766930338860249e+02 3.722351854526082207e+02 -1.211350108256720659e+03 1.858764362475762937e+02 7.170519319069687754e+02 6.961256612479872956e+02 -4.314440652899146045e+01 -4.528396280891602146e+02 -2.401746191613409565e+02 -7.749959370452168059e+02 1.074801417874376028e+02 6.182765394757313970e+02 -1.945817035105938260e+02 -2.918163790504707578e+01 4.450339357755433412e+01 -7.277016068756340701e+02 -2.448717197574451916e+02 -2.440174906980174399e+02 -7.044449044059095968e+02 -2.518530574386489604e+02 1.278986053254430431e+02 8.963719889873587476e+00 4.484867667227733909e+04 3.890950509216618957e+04 6.149433575439589731e+03 8.211314607184420311e+03 -1.323721134115323548e+04 -5.317023765287575770e+03 -3.725572531591937604e+03 7.427033466123043581e+03 7.299156698708945441e+03 -8.965016488310988279e+03 -1.976072981968154409e+03 8.357739720035114033e+02 -6.123056413440369852e+02 -3.339892197323707023e+03 1.932171089763732880e+03 1.582249753068239897e+03 3.669545369943331025e+03 4.526622209696090522e+02 1.763871676773740774e+03 3.443861791890496988e+02 -1.107861647276420854e+03 -6.290111834953785319e+02 1.303231684440028744e+02 -4.259131194134068892e+02 -1.214421165080799483e+03 2.393945157427083643e+02 1.307297287037631577e+02 -5.476142312934692882e+02 -4.140006339568157046e+02 -1.168501087162185001e+02 9.059900800852102520e+01 4.841913837236443214e+02 6.459809432496655290e+02 -1.564961568623623407e+02 1.401594904303114618e+03 2.553431561727990413e+02 4.825301840579673751e+01 1.190904686499200409e+02 9.897471120519776377e+02 -9.755747276725965378e+01
-1.013236137265881916e+04 2.954313551178428679e+04 1.938824169829082166e+04 9.558630060281406259e+03 5.637456161374142539e+03 6.977650488800450148e+03 4.436562199541302107e+03 8.180627074374345284e+03 1.745245676127119077e+04 3.579693969012684829e+04 1.045545230973986691e+04 3.168195770844147773e+03 2.511601842580094399e+03 2.449538678208118199e+03 1.712189618589040037e+03 1.122862413858952323e+03 7.382049759699426659e+02 -6.120204699075829069e+01 5.808353747550038406e+02 7.864466971282882923e+02 8.788433396540632430e+02 8.605620185664221253e+02 9.831080910423517025e+02 6.209577051313515312e+02 4.638690607567024813e+02 3.438531934751239305e+02 2.050103481858970724e+02 1.043031195718557029e+02 9.410036938076572710e+01 4.164422511649297576e+02 2.872926096095199000e+02 8.095849450061361097e+01 -3.444520472743824513e+01 1.744183462696305185e+02 4.176666843583562923e+02 1.703564627052932394e+02 1.308340361919096608e+02 2.835236281905723672e+02 2.846831650006578798e+02 9.605052546629465837e+01 -1.320433950751449629e+04 9.576911187872094160e+04 3.202014012287956575e+04 1.350648677248569584e+04 2.743744680932929441e+03 6.517305624398150030e+03 1.137704882768296011e+04 9.444169848029607238e+03 1.507019027962430846e+04 2.899220073696052350e+04 1.556342809925208712e+03 -1.358257086177073916e+03 1.661311614500535143e+03 1.122198131103172727e+03 3.792560038805817726e+02 8.301759830119011667e+02 1.591211830639996379e+03 -2.420863816100741133e+03 -2.591881014942447905e+02 4.458284689581062139e+02 2.733664943213512402e+02 7.945559881916241238e+02 1.419269830613912745e+03 1.285696586099055310e+02 7.535758538136283278e+02 4.876845918299323444e+02 2.306685069755473592e+02 -4.549669526702915050e+02 -7.781585880690604426e+02 4.639865807440823460e+02 6.909621341918009421e+02 1.934304216449440901e+02 2.900393252639032085e+02 -6.936510658503370053e+01 2.211218771170937316e+02 2.012762986513891121e+02 2.956774846623946473e+01 -1.184626519072035933e+02 2.400318298517410369e+02 -1.781171849341830011e+02 6.127970602223863352e+03 2.790469162005360704e+04 -1.474331603384788468e+04 4.520494204314530180e+03 -8.446984824675868367e+03 -6.182883521791275598e+03 -1.424032100336043413e+03 1.591952403429613696e+03 3.434622481759728089e+03 -2.737151775847687077e+03 -6.316474551665305626e+03 -1.345332048211927258e+03 1.889851694878316039e+03 -1.354550785242353641e+03 1.146227562514255851e+03 1.780697687650693297e+03 1.556933401343932701e+03 -1.314869807499628223e+03 -1.107938485483612340e+03 8.884706813779853292e+02 -7.069409658946737807e+01 7.191326919038868937e+02 9.086040025148569157e+02 -4.328395819887013545e+02 2.544992060582748081e+02 8.707292182108051293e+02 3.360621341291556519e+02 4.674996935900563813e+02 -2.005485968039820932e+02 5.045702151566766247e+02 -9.236360072537510177e+02 -5.591554799341591320e+01 2.612526686712810147e+02 4.664495334440135821e+01 2.655312243915376484e+02 -2.260495532609061442e+01 4.823846413249090403e+01 -2.652524747705587060e+02 6.685610303581041762e+02 -4.952160901980814600e+01
5.435158564751842505e+02 1.425442522132296290e+04 1.445387348653999652e+04 4.241895674265469097e+03 5.455124685512284941e+02 1.682866049199703639e+03 1.577918942784419187e+03 1.397629635933101099e+03 2.354580713152010048e+03 1.045545230973986691e+04 2.409581985044393514e+04 7.378923338217214223e+03 2.092031759910635174e+03 1.781074797534362006e+03 7.805224192918982453e+02 8.198374491143085834e+02 6.208052509129349801e+02 1.127361487061130845e+02 4.510359231971649479e+02 7.786216637492213977e+02 6.918253802471355129e+02 9.373625937164064226e+02 6.197063651472851689e+02 1.672646055770800331e+02 2.769432574894108257e+02 3.520688606508703060e+02 1.345546831285983274e+02 8.535076472194474206e+01 8.698257329588571451e+01 2.433470281251984488e+02 3.637195150894310132e+02 1.794086196240571951e+02 1.937064142330611674e+02 1.977395500541444733e+02 2.353176845797105727e+02 1.571273495189919913e+02 -7.477863961038124785e+01 3.692071248479359724e+01 9.961323245323882247e+01 1.213150139807192147e+02 6.991642035223334233e+02 2.626384377340933497e+04 2.275033923318744928e+04 2.336504522387299949e+04 1.685080183572764145e+04 8.484371401502645313e+03 9.189634438893614060e+03 4.071960819531148900e+03 2.736829870067582306e+03 1.071460800235524403e+04 1.811164450397796099e+04 5.334316070807905817e+03 1.384695354552467052e+03 -1.544651572173137843e+01 -5.583201294961630765e+02 2.769746255330729127e+03 2.048911103096617353e+03 3.860077697768949889e+01 1.524043841039315339e+02 1.089950908043234534e+02 -8.283226580479426957e+02 -4.733138707434985690e+02 1.087027445674878209e+03 2.508631959458801646e+02 4.363870615986543271e+02 1.104563317275386396e+02 2.218538191246112490e+02 6.501983624237787751e+01 -4.927200848047058344e+02 -1.679105229836507931e+02 8.009667885064023096e+01 5.348996125840543527e+02 3.935978828488007366e+02 -2.982951132518662121e+02 -3.519912221276854893e+02 -3.707519976124746677e+02 -1.233475383836377830e+02 -2.630895269908324394e+02 -1.218239301840687148e+02 -2.502783737621316789e+02 1.897461737540123181e+02 -1.231231762340935120e+03 8.812277644073508782e+03 8.643454950978564739e+03 6.951709355328185666e+03 3.858218736848705703e+03 2.671913088332280495e+03 2.259072965983353697e+03 4.959013438122773550e+03 4.298609176714277964e+03 -1.072722127971147984e+03 -1.975258740707429865e+02 2.198608501376606000e+03 1.712550128571223922e+03 1.932380323197182406e+03 1.224182666066461934e+03 1.309937075207383486e+03 -1.007352024705837607e+03 -7.683834635041553156e+02 -3.056840925232682480e+02 -1.025671372652882383e+03 4.383589660348770281e+02 6.954895816977672212e+02 -3.275339582685220989e+02 1.350889364884967563e+02 -8.110513334040081190e+02 -5.231205690209715158e+02 -3.660215713000175128e+02 -3.838436051584817505e+02 -6.138862877437357923e+01 -1.051361579027352349e+02 1.054524386997332783e+02 2.278474360552883127e+02 -7.204399050431719331e+01 9.261594921476698516e+01 -2.491932362201888651e+01 -6.479062890336837199e+02 2.626365937915394966e+00 2.220387829833438502e+02 6.540605605567122893e+02
3.254806678214452404e+03 1.164780545565499597e+04 7.557389515260649205e+03 1.712766602141916337e+03 2.756670226982830172e+03 -2.010194917186156772e+03 1.283214775950084686e+03 6.900162927916921944e+02 4.313246822448466133e+01 3.168195770844147773e+03 7.378923338217214223e+03 1.838384370998511076e+04 5.948407935511283540e+03 2.113786613900237626e+03 3.629900111401572644e+02 5.452714155761185566e+02 1.252157725901729009e+03 3.534568043503375634e+02 4.647149886374388643e+02 -2.680732830506671505e+01 1.571864385836925067e+02 2.512029155019056930e+02 6.353398765034124835e+02 7.290103988675422215e+02 6.589250550415489442e+02 5.591276679910266694e+02 3.367602616222617939e+02 3.323018384221247743e+02 1.818940288324187975e+02 3.011556064518744620e+02 8.208809278725111369e+01 2.454768843080225906e+02 2.940765224872154704e+02 1.497946718653964808e+02 2.770787497581375760e+02 2.947401835367218723e+02 3.458417964240485389e+02 2.847343402269445960e+02 2.394412557294241708e+02 2.577056661845529106e+02 4.168502331334622795e+03 5.173813538656974060e+02 1.062422809292723286e+04 1.628451431989003868e+04 8.247219501594136091e+03 -4.459795975792944773e+03 3.984929615845082935e+02 6.328844102741581992e+03 4.879409991269483982e+01 5.770979874284162179e+03 5.164719007208077528e+03 1.344945441468634090e+04 2.271708710740998413e+03 7.094790142707881841e+02 -5.171971054969185388e+02 1.683232399232108719e+03 2.776207658661387541e+03 -3.433949442442877285e+02 -3.190231296170621818e+02 3.337834626239875320e+02 1.050907293315705147e+03 -2.988403107958189509e+01 1.288828451902566712e+03 -5.216909670775780938e+01 4.771473637208273431e+02 2.260423078657993869e+02 1.132981387951031593e+03 7.678154888084083041e+02 -3.609353543438085410e+01 8.428259487590191839e+02 4.697031180705108682e+02 5.862432669472909765e+02 1.874969757462753250e+02 4.855967397468843956e+02 1.252270738942206805e+02 2.287844249300173090e+02 -3.207597217281925737e+02 -7.359572764857988147e+01 -2.849267935203909019e+02 -8.076627353185760683e+01 6.029610178799690630e+02 -2.449388016246597181e+04 2.629316636224166359e+04 2.006018378704764837e+04 1.000268187088636751e+03 2.669647753354324209e+02 -1.843377330519308316e+03 9.693844882037932621e+03 2.047346185129655169e+03 6.314922189019875987e+03 -2.049291244980317515e+03 1.503231944649963680e+03 7.544818211060818669e+01 2.076547041829060618e+03 3.371384663490554431e+03 1.647201568442785174e+03 2.078220625007873423e+03 -4.395607719759950669e+02 -1.199877828480273820e+03 8.416027616768689086e+02 -6.552283760132671375e+01 -3.683176154438060621e+02 1.008327572021105652e+03 -8.230238076160676428e+02 1.993524138186616668e+01 -9.667276378191180584e+02 -6.934344653815122683e+01 6.789718415547880568e+02 -3.407307959233527868e+02 -2.647702475379728639e+02 2.602375826636093734e+02 5.009333982056026571e+02 2.170985926536179704e+02 -3.670748190912694326e+02 -2.240985442959959641e+02 9.481739381050711302e+01 -3.516347224156936591e+01 8.227931594158485495e+01 -2.672958774926896695e+02 -4.236036638268190586e+02
1.516654526555921802e+04 7.876507811349821168e+03 -3.967605197634507931e+03 1.334318357964898723e+03 2.038483721990568483e+03 -1.224390595207726619e+03 7.210998428260234050e+02 1.559887729619907191e+02 2.183806858800860766e+02 2.511601842580094399e+03 2.092031759910635174e+03 5.948407935511283540e+03 1.418830571677451189e+04 4.420027777482065176e+03 1.316214718487503887e+03 8.414723467397975583e+02 1.579490878534835247e+03 8.488134742730087510e+02 7.121450928245768637e+02 6.380820293025523142e+02 4.265987751157219918e+02 5.130469936783678122e+02 5.025719644582403021e+02 4.552340341160890489e+02 5.736581501903856406e+02 4.662804159591028679e+02 3.364524440314802689e+01 1.452794648325716480e+02 5.829518492744246316e+01 1.763938242372927903e+02 1.655479510593604857e+02 3.492852326723911460e+01 8.949641708095751369e+01 5.112561232452282667e+01 2.297906504894162367e+02 1.207316304456268057e+02 2.085349821798747314e+02 2.049397097421431511e+02 2.126407815873611185e+02 9.795870489346968668e+01 2.622187467164129339e+04 1.248945973562198742e+04 -2.699473749589887120e+03 1.004372394374299620e+04 8.434124921723056104e+03 -9.176789695772538835e+03 -3.318680283127638177e+03 7.636452540006993331e+03 6.107806470756502222e+02 2.623923914957546913e+03 4.539642990718368196e+02 2.876397049591181258e+03 7.231869660087701959e+03 8.579597635713085424e+01 -1.677761364260202299e+03 -4.301754631234820749e+02 9.744948326045532667e+02 -9.691075525399608637e+01 -6.186750848508000900e+02 3.091584937559717901e+02 5.484324361166658264e+02 -1.140770380723059816e+02 5.745997936988864012e+02 -1.075450753679905063e+02 -2.997715017064097509e+01 2.185206464642541562e+02 2.704875053932967433e+01 4.996493394051267956e+02 1.873276378762611216e+02 3.286969284246351322e+02 6.729363431470269461e+02 3.867098217367288839e+02 1.744401152732656328e+02 2.444896505612437636e+02 -1.271483485091728340e+02 4.002468844139229418e+02 -1.184770309573126781e+02 6.702170977547240227e+01 1.717710806528354510e+02 5.783126835762405449e+01 -1.148697546625897121e+04 -3.348176958918701985e+03 1.268976675950708886e+04 1.101461084846554331e+04 1.383599347221446442e+04 -7.597799474966579510e+03 -3.115820559218454378e+02 5.516496126931974686e+03 1.002618611214537623e+03 1.495548622955052906e+03 -1.269988447647891917e+03 1.109410470797624384e+03 7.721582346308729257e+02 -3.013716830245711208e+03 -1.316458739997343173e+03 -7.512732635155575736e+02 5.968836663165484424e+02 -6.616342882029080101e+02 -1.214330723452201028e+03 5.802672015766086133e+02 -3.459703663614857874e+02 -1.987669256965536704e+02 -2.904227369343792020e+02 -5.696361505745993554e+02 -3.187907496158123877e+02 -6.444712848218231329e+02 -2.666490115500755564e+02 3.787433119833226556e+02 -4.818703809984881445e+02 1.962678244090933219e+02 3.041599245823864521e+02 2.520981163713971895e+01 4.489936523953005008e+02 4.246281173604148194e+02 -4.609215992477522263e+02 -3.583261386392636041e+02 -3.271852643770751570e+02 3.785860345932701421e+02 -1.459741396765121237e+02 1.959977587455941546e+02
