2.303644851648929715e+08 4.979912327464101464e+07 6.264195184267194942e+06 3.495639980860995129e+05 -3.522661281509181135e+05 -3.161110812539155595e+05 -1.156199353152569820e+05 7.170755159564400092e+05 -4.048491091847260395e+04 4.336292317757681012e+05 1.059581579248318303e+05 3.465754637708122027e+05 3.045727993495998671e+05 -3.004642684319496766e+04 3.443314328600172303e+03 7.012740505326993298e+04 2.355470129587384872e+04 -3.525111783734725759e+04 7.461689415036930586e+04 3.093507354934863906e+04 5.939291753032538691e+04 5.608485316904481442e+04 9.215661825839712401e+04 8.309018440423431457e+04 3.310957211945537711e+04 4.271964648920264153e+04 4.511395332566115394e+04 -8.185317255218829814e+03 3.636807821449215407e+04 5.285201918852874951e+04 1.734782970764380693e+08 9.571076839564765990e+07 1.749659580655024946e+07 1.772899560459595639e+06 -2.540701047436960507e+06 5.266612094510481693e+05 4.994322168620217126e+05 1.639023428896002704e+06 4.702444010868769255e+05 3.022216474127023248e+05 1.307667626291480119e+05 4.200107724570256687e+04 2.812579443373539252e+05 -4.642238859841594603e+03 -1.984286039562305959e+05 2.477610789336102607e+05 1.061795709601069684e+05 -6.804834501197280770e+04 1.043149625124317390e+05 2.526353510501790443e+05 3.598867110931813659e+04 9.036597126549831592e+04 8.190784320301927801e+04 2.480558924259718333e+04 5.412645693581469823e+04 6.468657759784394148e+04 4.103922423849780898e+04 -7.435259788430861954e+04 7.540386540133605013e+04 6.096847938915908162e+04
4.979912327464101464e+07 6.122393866435804963e+07 1.314670044474572316e+07 1.603290337711191038e+06 7.124812072397918673e+05 5.206096458819046384e+05 1.464642611818235891e+05 3.261735746732756961e+05 8.885224518839899974e+04 8.912597826183904544e+04 8.307590751043497585e+04 8.881513056500504899e+04 9.965880041755143611e+04 8.306614120438606187e+04 8.670916182804528944e+03 6.836397307372203795e+04 2.836737872749473536e+04 2.636310140416117792e+04 1.708650740087368831e+04 1.929468574704874118e+04 -7.940312812952009153e+03 2.209986748012660973e+04 2.945725548856651221e+04 1.474407310728368611e+04 1.112160335467229925e+04 1.635603834633483348e+04 1.948705087008650298e+04 2.205616828455306404e+02 1.625305977050361435e+04 -6.649020531700279207e+03 2.442516177840583026e+07 7.446792050229214132e+07 2.542993579778451845e+07 4.852422601404259913e+06 1.591740547753564548e+06 1.261588399048392894e+06 4.832738872445241432e+05 3.531762070015741047e+05 6.344770080296073866e+04 2.314558944365897332e+05 1.573124463439443498e+05 2.896096171954380225e+03 5.966038685809070012e+04 1.745620699279587134e+05 3.901596259120445757e+04 2.004689206491924124e+05 1.648418114529309969e+05 1.286098339006469760e+05 -1.101533638042840175e+04 3.817308476909925957e+04 6.689700513185025193e+04 3.883694419995364296e+04 -7.593241380050760927e+04 -1.700068235473263121e+04 -1.339259110390102614e+04 6.526285233704555139e+04 3.902720129980139609e+04 2.429755486475420912e+04 9.406574095398037753e+04 1.313567358828124816e+04
6.264195184267194942e+06 1.314670044474572316e+07 1.999049501515835524e+07 4.452105083637300879e+06 6.641675531079046195e+05 6.885507634292589501e+04 7.241871262041208684e+04 2.401363445612452342e+05 7.118745121694589034e+04 5.631430441068112850e+04 6.178439374130278884e+04 -8.780943043546114495e+03 3.770265093048159179e+04 2.441742016811097710e+04 1.023137450567574342e+04 2.119611112579632390e+04 3.241744920537439248e+04 3.117046229299580591e+04 9.619175460196131098e+03 2.496467916758944193e+04 1.615239136785926166e+04 2.206819694482052000e+04 4.452149914550966787e+04 1.642062859995321196e+04 -2.462277132369918945e+03 1.328968017708423758e+04 1.149040047868384136e+04 1.663496712413128989e+04 2.107414825663707234e+04 5.661855771592469864e+03 -6.806781698952012230e+05 1.132269091821862943e+07 2.599971405673297867e+07 7.748095928252384998e+06 1.273273844329774380e+06 1.044382694051747385e+05 2.296134429563891026e+05 5.264135987648457522e+05 -9.762927050165580295e+04 1.566732663170816959e+05 1.666473993013977888e+05 4.062896348105801735e+04 2.295533489606280273e+04 9.162208754765131744e+04 5.524640302724989306e+04 1.219505437528393959e+05 9.203227427357858687e+04 8.542372438346134732e+04 5.001545498228506040e+04 4.009993601504241087e+04 -1.159214063558908674e+04 -1.256133433683293333e+03 3.600704759944864236e+03 -1.569882201171941460e+03 -3.634503628354109969e+04 4.437219803773838066e+04 -1.631279037412199432e+04 -7.048556298101172615e+03 2.620312163017588318e+04 -1.537430608570449840e+04
3.495639980860995129e+05 1.603290337711191038e+06 4.452105083637300879e+06 7.120119211236684583e+06 1.502656655134432716e+06 1.003299744633331429e+05 -3.819861835588936810e+04 5.478529089991957881e+04 6.657547125340075581e+04 6.027593352889871312e+04 4.092248810448802396e+04 2.115955252762255623e+04 5.262513684774799185e+04 4.440945193342552375e+04 2.885108544483174410e+04 1.287381563810892476e+04 1.792815173142464118e+04 2.132216124504619802e+04 1.723989124111874480e+04 -2.206831009538459966e+03 2.486015895634840945e+03 1.326637319609059159e+04 1.193408020339008181e+04 1.813631681933278742e+04 1.353970501842916929e+04 1.652169370916919434e+04 1.016966096655285583e+04 3.033332545656599905e+03 1.114876558902058241e+04 1.301050076668113797e+04 -3.072098425868362538e+05 -6.482403311803939869e+04 5.294075317297558300e+06 9.821394289852602407e+06 2.927257783486087341e+06 1.086303094302772079e+05 1.073264051019933831e+05 8.804069620811592904e+04 2.581135269021229396e+04 5.113442929231727612e+04 1.641283828198934789e+05 1.134091194283909572e+05 1.255497894842593814e+05 5.582311523057279555e+04 1.830724674520922053e+04 4.373994429005720303e+04 6.776959155089408159e+04 4.523445016698291874e+04 4.312648381390265058e+03 -2.720235221284620366e+03 6.294455575964646414e+03 1.039897401476966115e+04 -7.340828722231323809e+03 2.990475187005219777e+04 1.937671320785136049e+04 2.855492001942574279e+04 2.654366993513610942e+04 2.795360598567778288e+04 5.777021368672489189e+03 -1.381832188113770144e+03
-3.522661281509181135e+05 7.124812072397918673e+05 6.641675531079046195e+05 1.502656655134432716e+06 2.773508754556203727e+06 5.880102470943956869e+05 6.663574087783574942e+04 6.476679095355839672e+04 4.178613132605506689e+04 4.362854142139177566e+04 4.108988961356670188e+04 4.206387842974458908e+04 2.657390050083160168e+04 9.444234689119393806e+03 2.086239248764382864e+04 2.024695324737485498e+04 1.499431448338475275e+04 2.732520881474939233e+04 1.012287566800194691e+04 3.569901585501296722e+03 1.427765894391106849e+04 7.675049248035898927e+03 1.120527416073138193e+04 1.005777812872762843e+04 9.928875164920396855e+03 3.397201402803822930e+03 4.572832001658487570e+03 1.973709208992581807e+03 7.186715624238563578e+03 7.499940431822349638e+03 2.724781215420961380e+05 2.076657490244510700e+05 9.063406958297610981e+05 2.067477205930521712e+06 3.668825019328332972e+06 9.822918271894309437e+05 2.628206318392494577e+05 1.618004051480697817e+05 2.187868221107521385e+05 1.262058559990586073e+05 1.386558963591247157e+05 1.308182795438460744e+05 8.139386902956741687e+04 2.303284532932241200e+04 -2.458220676945379819e+04 2.003169050564115605e+04 4.914962436546455137e+04 6.560024723599433491e+04 7.527086491058287720e+03 1.365230917327327188e+04 4.384569976760393183e+04 1.646489879149346962e+04 1.088387736442841197e+04 3.302117403202588321e+04 1.658605388113088702e+04 2.162395716184505727e+04 3.909121454888905646e+03 1.852996407187479463e+03 8.503497043292511080e+03 -1.866262272335860416e+03
-3.161110812539155595e+05 5.206096458819046384e+05 6.885507634292589501e+04 1.003299744633331429e+05 5.880102470943956869e+05 1.378066188465717249e+06 4.109805183869627072e+05 1.207062017906427791e+05 6.125752078002005146e+04 2.301639713421348279e+04 1.646187294244373334e+04 2.456597310737500811e+04 2.953753589224828829e+04 3.060315437533211298e+04 2.602569973254092474e+04 2.405541277478542179e+04 1.737215629337466453e+04 2.246046261463397605e+04 1.382479099454176685e+04 5.816187738338358031e+03 7.712874471983601325e+03 5.184261466715370261e+03 2.995974998378083001e+03 7.187034478406503695e+03 3.302197628823857485e+03 8.382235896636313555e+03 4.642231072063647844e+03 6.171293424583829619e+03 5.683829600783154092e+03 2.164845258943269982e+03 -3.157432129433301743e+05 3.860130216535003274e+05 7.021703709191172675e+04 2.280332908183137188e+05 8.593999518393628532e+05 1.967853785121779656e+06 6.613112231371538946e+05 2.643904648779088166e+05 1.133776360215949098e+05 5.060766302291036845e+04 4.003899823019473843e+04 7.644324451749328000e+04 4.418035644239801331e+04 3.134539113761384579e+04 6.553576947052603828e+03 2.013520634768320815e+04 4.205844124107583775e+04 4.414388007105259021e+04 2.915000818833088124e+04 8.022610903923535261e+03 4.128888308877480449e+04 2.040126837515629450e+04 2.112956563415546771e+04 1.827627160417323830e+04 4.971959293612787405e+03 8.657361824891771903e+03 7.954426773198708361e+03 1.989492520363980930e+03 -1.591931630009169112e+03 -5.905114239734749617e+02
-1.156199353152569820e+05 1.464642611818235891e+05 7.241871262041208684e+04 -3.819861835588936810e+04 6.663574087783574942e+04 4.109805183869627072e+05 8.674818269993804861e+05 2.362970877689144108e+05 5.114909972220443160e+04 1.829839117317730779e+04 3.684765438399234699e+04 2.421866366136584838e+04 2.909133608744971934e+04 1.969645409949307577e+04 1.951627967825103769e+04 1.605518306695543833e+04 1.498224183757824176e+04 1.704457062105726072e+04 1.236255258518597657e+04 1.034471541739283930e+04 8.102494503504433851e+03 6.298583771252926454e+03 3.802814931738634186e+03 6.221800318489966230e+03 1.673103726738291698e+03 2.874732481193926560e+03 4.000462315837653932e+03 4.269669444857307099e+03 8.301795203738533019e+03 6.847720806854975308e+03 2.407662757473827514e+05 -2.141251228583579941e+05 -1.405527182715733943e+05 -9.710700106326567766e+04 6.809802154890746169e+04 5.963867437745088246e+05 1.086258173956036102e+06 4.675099458599442733e+05 7.046841612336263643e+04 3.977536399383641401e+04 6.045352260373128229e+04 7.023652843169565313e+04 6.002114227031869086e+04 3.985124815016696084e+04 9.939371106580772903e+03 2.430468483169289539e+04 4.113213545953745779e+04 2.986286472102763582e+04 2.164752590181052801e+04 1.303985247367879674e+04 2.210354230235752766e+04 1.268002213855040645e+04 7.695806086819385200e+03 1.318347559386225839e+04 2.599644622282193723e+03 6.051796731704586819e+03 1.278770285662769675e+04 8.194905068496471358e+03 5.997961884718622969e+03 1.441619146063639892e+04
7.170755159564400092e+05 3.261735746732756961e+05 2.401363445612452342e+05 5.478529089991957881e+04 6.476679095355839672e+04 1.207062017906427791e+05 2.362970877689144108e+05 5.371068181551933521e+05 1.448814464332407224e+05 3.288948996574155171e+04 1.658900461530437315e+04 3.629249984106637567e+04 2.739551302295388086e+04 2.237936411093314746e+04 1.011618319413008430e+04 8.520984638787456788e+03 1.020143148137501521e+04 1.319181142293613084e+04 9.253448624600187031e+03 7.225828749233732196e+03 7.242133654015733555e+03 7.012016182874132937e+03 6.781758479599406201e+03 6.489501627805304452e+03 2.517604552720482843e+03 2.607869127730049513e+03 3.649670206482107005e+03 3.062243890838416974e+03 6.397272502475761939e+03 2.765049725625638075e+03 8.649668052927774843e+05 1.067884596488215902e+05 -1.698830002527082397e+05 7.802288528461856185e+04 7.238194629268525750e+04 1.018468855236131058e+05 3.096962581617113901e+05 7.145514575951733859e+05 2.134132415000055043e+05 3.407659389543520228e+04 1.703254679779486833e+04 3.874952567817923409e+04 3.876711194936786342e+04 3.171862255220609586e+04 -6.398338882876904563e+02 7.683773394916102916e+03 1.755839029262763142e+04 2.333632279259583811e+04 5.643365639180354265e+03 -2.650124411746775877e+03 9.804663008142273611e+03 1.124101668200698259e+04 7.893375637475223812e+03 9.738469118864224583e+03 -2.950460383352822646e+03 7.431095177927461918e+03 9.029677258379089835e+03 -2.403114030286957586e+03 5.370516773628132796e+03 4.050782387035106240e+03
-4.048491091847260395e+04 8.885224518839899974e+04 7.118745121694589034e+04 6.657547125340075581e+04 4.178613132605506689e+04 6.125752078002005146e+04 5.114909972220443160e+04 1.448814464332407224e+05 3.261857361582547892e+05 8.111169383508998726e+04 1.898879227980984797e+04 2.148409074704621162e+04 2.717894749819655408e+04 1.599565975838960367e+04 1.042170255989725229e+04 8.020535368471629226e+03 6.882592499472863892e+03 1.493240626443479050e+04 6.875904789615728987e+03 4.852367787194763878e+03 8.010739087053797448e+03 7.798709777367101196e+03 6.309970544097202946e+03 3.051770163111199508e+03 6.044883145144149239e+03 5.895668699044222194e+03 1.391134403593019670e+03 3.213230674279574941e+03 4.960805584479139725e+03 3.082993899009642064e+03 -6.957237725110240281e+05 3.277173537833454611e+04 6.797840192559741263e+04 1.549060650288807810e+05 3.817016865125499316e+04 6.617169149578054203e+04 8.043866505233160569e+04 2.296355484945169592e+05 4.328810424012893927e+05 1.262012795927579282e+05 3.160139364494931579e+04 1.783087331886739776e+04 2.305931164288253058e+04 1.925972094099946480e+04 4.054577593544530373e+03 9.089246534440644609e+03 1.622884237004710121e+04 2.134116684215036730e+04 1.157822955210051987e+04 6.394775717929497659e+03 1.198380832131696479e+04 8.116689149611788707e+03 2.175793472809844388e+03 3.416933255664856688e+02 5.124581310048522028e+03 8.335777360224550648e+03 4.087715310373209832e+03 -3.609058598112495702e+02 3.541679763530774835e+03 9.829125362134724355e+02
4.336292317757681012e+05 8.912597826183904544e+04 5.631430441068112850e+04 6.027593352889871312e+04 4.362854142139177566e+04 2.301639713421348279e+04 1.829839117317730779e+04 3.288948996574155171e+04 8.111169383508998726e+04 1.971903838175623969e+05 5.605813508974140132e+04 1.496636563996016594e+04 1.281904491614437757e+04 8.958460563123950124e+03 7.769323241442268227e+03 7.209488437939604410e+03 6.108554622100054985e+03 6.140062128386662152e+03 5.350434504388366804e+03 7.708209759098433096e+03 4.800567770803297208e+03 4.216266453391160212e+03 3.985722589296433398e+03 2.730562662309153893e+03 2.064880774502133136e+03 3.734649453673020162e+03 2.380839315784651717e+03 1.338911954338278747e+03 2.726545809727390861e+03 4.414289626659561918e+02 3.233767629048596427e+04 2.832802333133004722e+05 9.126918158600419702e+04 1.819196998924928484e+05 4.489124726815060421e+04 2.043888629874213802e+04 6.464902100061171222e+04 7.330093970274543972e+04 1.011828116000176087e+05 2.527155436126983550e+05 7.690132661247004580e+04 1.602809141241347788e+04 8.345942003986408963e+03 1.737536029238007904e+04 9.544849509826781286e+03 1.397087074589557233e+04 6.376905839280938380e+03 9.651494794584825286e+03 5.852730755783046334e+03 1.413098825152935387e+04 7.756985624172571988e+03 6.443932213872504690e+03 2.729842674869437815e+03 3.809592106381294798e+03 4.431038856903995111e+03 6.238228199183158722e+03 8.287048824257004526e+03 1.082879546772253207e+03 1.639081902005418215e+03 4.108595755295101299e+03
1.059581579248318303e+05 8.307590751043497585e+04 6.178439374130278884e+04 4.092248810448802396e+04 4.108988961356670188e+04 1.646187294244373334e+04 3.684765438399234699e+04 1.658900461530437315e+04 1.898879227980984797e+04 5.605813508974140132e+04 1.378236521407383261e+05 3.736727030380596989e+04 8.215631375655670126e+03 9.135863720660243416e+03 8.804745191752910614e+03 1.161095329928310639e+04 1.117227954322288133e+04 6.870300370871161249e+03 2.337556772378999540e+03 4.673995796094253819e+03 2.312541202273910585e+03 4.160937677950239049e+03 4.426811474756726966e+03 2.909272382108795682e+03 2.860487724204050664e+03 2.000846283681052682e+03 2.184691547568781971e+03 3.459922325480596101e+03 2.700052788987960412e+03 2.417749778950643304e+03 2.207000379905640148e+05 2.832553030159935006e+05 2.975306930340444524e+04 1.309635600777790387e+04 6.886728282058863260e+04 4.153906823438683205e+04 9.244851516174559947e+04 2.784871401066293402e+04 2.992345051554090605e+04 7.914824571622566145e+04 1.702523175921658403e+05 5.110539217841898062e+04 2.009326719523445718e+04 1.765047129112849143e+04 3.605325187780096257e+03 1.477144934719008597e+04 1.210117719172073339e+04 1.238394810147590579e+04 4.400586099023629686e+03 7.208670098034007424e+03 6.200675126975322200e+03 6.100534604781742019e+03 -2.004128914584182894e+03 3.824430664877776280e+02 4.858177282733086940e+03 2.388401108575425496e+03 4.151407970739150187e+03 2.431765387097808343e+03 1.892347136694086885e+03 6.356143781950889888e+02
3.465754637708122027e+05 8.881513056500504899e+04 -8.780943043546114495e+03 2.115955252762255623e+04 4.206387842974458908e+04 2.456597310737500811e+04 2.421866366136584838e+04 3.629249984106637567e+04 2.148409074704621162e+04 1.496636563996016594e+04 3.736727030380596989e+04 8.893596257936366601e+04 2.423965441201606882e+04 8.683272375597269274e+03 5.348221637721376283e+03 6.719274209282464653e+03 6.841343773445548322e+03 5.111137419379881067e+03 3.954981122232016332e+03 2.801360972823872089e+03 1.853542781011949955e+03 3.990697975559559382e+03 4.086464321016841950e+03 3.277527507347864685e+03 1.366454353314848504e+03 1.867577763698823674e+03 1.426867137586688159e+03 2.412400803817559336e+03 1.844061477137578095e+03 1.962028035452668064e+03 4.220722401386181591e+05 3.066756990509751486e+05 -2.422982076124438390e+04 -2.531875872657948639e+04 2.806274054971371515e+04 6.048682480906103592e+04 9.022546702347324754e+04 6.737453622569754953e+04 2.900738972475824630e+04 1.629010318091719091e+04 4.918079395403037779e+04 1.066253577604920865e+05 3.577483819947863958e+04 9.884934085432238135e+03 4.749802064196284846e+03 6.355579198478784747e+03 7.913331141865630343e+03 9.842107084221059267e+03 9.991140627323145964e+03 7.729566932710401488e+03 4.094672133995110926e+03 8.294974923134357596e+03 2.903044812634794198e+03 3.567199060604406441e+03 2.362374012267366197e+03 3.315046946704632319e+03 3.375425562022094255e+03 4.612944022271097310e+03 4.550726410386578209e+03 7.989051727375855307e+02
3.045727993495998671e+05 9.965880041755143611e+04 3.770265093048159179e+04 5.262513684774799185e+04 2.657390050083160168e+04 2.953753589224828829e+04 2.909133608744971934e+04 2.739551302295388086e+04 2.717894749819655408e+04 1.281904491614437757e+04 8.215631375655670126e+03 2.423965441201606882e+04 6.910380920628143940e+04 2.114909809484969082e+04 5.593620585653655326e+03 5.045890076503482305e+03 3.668737447317577335e+03 5.317010906574862020e+03 4.513094388751083898e+03 3.054114734073572436e+03 2.587152364922854304e+03 1.699011823507353483e+03 2.445117442280446539e+03 2.716623641848669649e+03 1.106984977788104061e+03 2.984377695122081150e+03 2.285949552489906182e+03 2.768508423653149293e+03 2.285207760598136247e+03 2.249909663860174078e+03 2.806351907925777487e+05 2.162623224830143445e+05 -1.246411842841445468e+04 6.323837466101194877e+04 2.966149415591932484e+04 4.843537639223283622e+04 5.301461728858199058e+04 3.739683798078264954e+04 1.687218621565969806e+04 1.795927782210922305e+04 9.076100550025154007e+03 3.832458568050403846e+04 8.514774720027067815e+04 2.672298726391077435e+04 1.093326027739785968e+04 5.706873412040858057e+03 8.062791432181295022e+03 8.714121521599781772e+03 3.971866293309783032e+03 3.301174041105918150e+03 5.177994119811951350e+03 2.809257304383651444e+03 6.660068295062254720e+02 6.513274033322035393e+03 3.157495946661768812e+03 5.880591316843212553e+03 3.964098425229697114e+03 4.623807211836638999e+03 3.299882077462576035e+03 1.852358052277010074e+03
-3.004642684319496766e+04 8.306614120438606187e+04 2.441742016811097710e+04 4.440945193342552375e+04 9.444234689119393806e+03 3.060315437533211298e+04 1.969645409949307577e+04 2.237936411093314746e+04 1.599565975838960367e+04 8.958460563123950124e+03 9.135863720660243416e+03 8.683272375597269274e+03 2.114909809484969082e+04 5.706346275810343650e+04 1.603262135993512129e+04 6.449404779396757476e+03 5.226084378187602852e+03 6.072668153307913599e+03 5.061694014974680613e+03 3.724122706960010873e+03 2.355833602407337366e+03 2.492159904317849396e+03 2.111239267051199931e+03 3.043290385091600456e+03 2.215290877249328332e+03 2.728585419355323211e+03 1.945146759734242778e+03 3.482738668843623145e+03 2.374981175248162344e+03 1.862301329935560943e+03 -1.741920513848553528e+05 1.307494815952035278e+05 5.024852049675455783e+04 1.042688341226419143e+05 -1.305315944320654125e+04 8.800057908974375096e+03 3.268267409035886521e+04 2.145471894664203137e+04 1.371474484800507344e+04 2.231535645772312273e+04 1.343977247322795665e+04 1.928458908055277789e+04 2.761144375561251945e+04 7.749306436961855798e+04 3.031785242689774896e+04 9.447198996194458232e+03 1.040786323564158556e+04 1.056244464664308180e+04 5.550637607080713678e+03 2.480666094231090028e+03 4.115587523297158441e+03 1.690986676783774556e+03 1.250795952785167628e+03 3.001253108526987035e+03 1.644206927390022429e+03 3.678666401860010410e+03 2.820781268427627310e+03 5.233599006600403300e+03 2.626899332122691249e+03 2.248142468425199240e+03
3.443314328600172303e+03 8.670916182804528944e+03 1.023137450567574342e+04 2.885108544483174410e+04 2.086239248764382864e+04 2.602569973254092474e+04 1.951627967825103769e+04 1.011618319413008430e+04 1.042170255989725229e+04 7.769323241442268227e+03 8.804745191752910614e+03 5.348221637721376283e+03 5.593620585653655326e+03 1.603262135993512129e+04 4.345073120651045610e+04 1.469566892452373577e+04 6.491282631636688166e+03 4.793509631463331061e+03 2.922692660289419564e+03 4.168337111686641947e+03 1.828625072252492828e+03 6.908258424240498243e+02 1.416833909257318510e+03 2.294656752417822190e+03 2.333406241218393006e+03 2.207441425425785383e+03 1.125767060121849909e+03 1.975466251871538361e+03 1.424838626894894333e+03 1.720524979492407056e+03 -1.426869436632590077e+05 1.047880220867643657e+05 -4.271479742867765890e+04 6.960985916915054258e+04 8.624340416626160732e+03 1.542899240837691468e+04 1.677954538889254400e+04 8.505027719973668354e+03 6.865856602681674303e+02 1.058430219275793934e+04 1.098050972869878751e+04 8.350104005018496537e+03 4.431078776192848636e+03 2.481454629400112026e+04 5.423851824329791998e+04 1.964639244599805534e+04 8.828795231828555188e+03 9.698959392578004554e+03 1.253792441379615411e+03 5.307929912856367082e+03 4.198963406105695867e+03 5.701214131900418352e+02 -1.270680986645426628e+03 1.502835307263029563e+03 2.187245249594262077e+03 1.166822296485282322e+03 7.507683684766793704e+02 3.231013693264999802e+03 1.266887566986998763e+03 9.897861722341444874e+02
7.012740505326993298e+04 6.836397307372203795e+04 2.119611112579632390e+04 1.287381563810892476e+04 2.024695324737485498e+04 2.405541277478542179e+04 1.605518306695543833e+04 8.520984638787456788e+03 8.020535368471629226e+03 7.209488437939604410e+03 1.161095329928310639e+04 6.719274209282464653e+03 5.045890076503482305e+03 6.449404779396757476e+03 1.469566892452373577e+04 3.507482741859865200e+04 1.181462607696663872e+04 4.239381420906402127e+03 4.116357096389068829e+03 3.543922792489064250e+03 3.056547730915719512e+03 2.163404441239572407e+03 1.579157779012375840e+03 3.177016421584471573e+03 1.460109481456423509e+03 1.413904060889471566e+03 1.485359116407511920e+03 1.647539918377286085e+03 1.330653892625610297e+03 1.504537748126725319e+03 -6.813545964298740728e+04 -2.200932666032357758e+02 -4.086594423229077074e+04 4.987950461537978117e+04 1.803390338381868423e+04 1.171171508550226463e+04 2.089523117061004086e+04 -2.150997967751487977e+03 7.825125060535489865e+03 1.173230824167945502e+04 1.718307363419618559e+04 1.614656592268059649e+04 7.065522960852654251e+03 8.694602557254072963e+03 1.906511438401527266e+04 4.110965099168991583e+04 1.844818034469875056e+04 6.496693999854313006e+03 4.681405981663410785e+03 4.761835254011181860e+03 5.942303695473462540e+03 3.335585448595923935e+03 1.317693438156691172e+02 2.347809321955493488e+03 2.117167720978393845e+03 9.920293558267403569e+02 2.787055928344480890e+03 3.006023146191111209e+03 2.719462960854245466e+03 2.320879693228395354e+03
2.355470129587384872e+04 2.836737872749473536e+04 3.241744920537439248e+04 1.792815173142464118e+04 1.499431448338475275e+04 1.737215629337466453e+04 1.498224183757824176e+04 1.020143148137501521e+04 6.882592499472863892e+03 6.108554622100054985e+03 1.117227954322288133e+04 6.841343773445548322e+03 3.668737447317577335e+03 5.226084378187602852e+03 6.491282631636688166e+03 1.181462607696663872e+04 2.902097252788495098e+04 1.048944544869536730e+04 4.210886018458803846e+03 3.868745124888921964e+03 3.305679229518941156e+03 1.851803043363178176e+03 2.313822852151196003e+03 2.113879821674692266e+03 9.126491736413247509e+02 2.187322947452178596e+03 1.835919377163512536e+03 2.274979792922467368e+03 1.129204406380524688e+03 1.042295041043273841e+03 -4.238783207953204692e+04 -6.252945878171259392e+04 -1.253640861278409102e+04 4.794647938654224708e+04 5.862238722342749497e+03 3.271568214870813972e+04 3.325243413968539244e+04 1.256755581764416820e+04 9.161789192762505991e+03 3.570824817069956680e+03 2.046791380383891737e+04 1.341069285852713438e+04 3.641801665468072770e+03 7.231834435988555015e+03 8.120520095292509723e+03 1.125942705094043049e+04 3.668756723300900921e+04 1.647399546819191892e+04 4.257670730708325209e+03 4.395754018091429316e+03 7.028997972914460661e+03 3.620970300610412778e+03 1.782308496304106484e+03 1.195671077535433596e+03 9.156145054684701563e+02 1.726111461471745997e+03 2.472411305065354554e+03 3.921454977418418821e+03 2.322619323219821581e+03 1.288081389404927222e+03
-3.525111783734725759e+04 2.636310140416117792e+04 3.117046229299580591e+04 2.132216124504619802e+04 2.732520881474939233e+04 2.246046261463397605e+04 1.704457062105726072e+04 1.319181142293613084e+04 1.493240626443479050e+04 6.140062128386662152e+03 6.870300370871161249e+03 5.111137419379881067e+03 5.317010906574862020e+03 6.072668153307913599e+03 4.793509631463331061e+03 4.239381420906402127e+03 1.048944544869536730e+04 2.674411764025477532e+04 8.111856420678182985e+03 3.223390724925734503e+03 4.250340438814429035e+03 2.180454761270653762e+03 1.952777904149161714e+03 2.866148771638720973e+03 1.977470640508913903e+03 2.734283422939931370e+03 1.203260299138426944e+03 2.045974970742709047e+03 1.281845727105482865e+03 1.189507605222430357e+03 -2.475796873374242205e+04 2.299459993545282850e+04 1.416875804177627106e+04 4.986962289206607966e+04 3.769034508900273067e+04 2.428184019795595668e+04 3.246068260594467938e+04 2.072685216190721985e+04 2.289506600446800439e+04 5.844247390853697652e+02 6.901530330899558066e+03 7.260718405444904420e+03 7.999184466996286574e+03 6.386327872488846879e+03 5.817391900154686482e+03 5.096951620647284471e+03 1.538647353494870731e+04 3.369222338061255141e+04 1.011040165653781332e+04 2.173126955038675533e+03 4.657142290771314947e+03 4.300799153836725964e+03 1.685781936832362362e+03 4.355071253461276683e+03 2.915617894255759438e+03 3.116520193124460093e+03 8.779902515156118170e+02 1.698671566023421519e+03 2.293520728684327878e+03 2.455100182206730096e+03
7.461689415036930586e+04 1.708650740087368831e+04 9.619175460196131098e+03 1.723989124111874480e+04 1.012287566800194691e+04 1.382479099454176685e+04 1.236255258518597657e+04 9.253448624600187031e+03 6.875904789615728987e+03 5.350434504388366804e+03 2.337556772378999540e+03 3.954981122232016332e+03 4.513094388751083898e+03 5.061694014974680613e+03 2.922692660289419564e+03 4.116357096389068829e+03 4.210886018458803846e+03 8.111856420678182985e+03 2.002885759895735828e+04 5.913242978633673374e+03 2.100411794188804379e+03 1.781945690756038175e+03 1.580097733062614225e+03 1.473222318110947072e+03 1.536670885822540185e+03 1.848020633616427176e+03 9.220850127531692806e+02 1.266229123176199892e+03 1.061153117523908577e+03 9.541690926394459211e+02 -1.426167403935318871e+05 -2.524559236485035217e+04 1.281690264402270623e+04 5.827029801892874821e+04 6.439774329169575140e+03 1.976527358198491129e+04 1.994498166908714848e+04 1.057678120538453732e+04 3.851457723080889991e+03 4.563622026608437068e+02 1.327703258592798420e+03 6.410518932146282168e+03 4.650810813606896772e+03 1.297541444642429497e+03 4.015941970563726045e+03 5.348202708835941849e+03 6.376243505151556747e+03 1.052187818243664697e+04 2.330983667330048047e+04 5.956862426359813981e+03 -1.379657464985555180e+02 2.434448241249840976e+03 1.007749677313732491e+03 2.882976887630061356e+03 1.965090459851096739e+03 1.963624894907989301e+03 1.345216039916174395e+03 1.754566013884409585e+03 2.447650613696686378e+03 6.944501379953990181e+02
3.093507354934863906e+04 1.929468574704874118e+04 2.496467916758944193e+04 -2.206831009538459966e+03 3.569901585501296722e+03 5.816187738338358031e+03 1.034471541739283930e+04 7.225828749233732196e+03 4.852367787194763878e+03 7.708209759098433096e+03 4.673995796094253819e+03 2.801360972823872089e+03 3.054114734073572436e+03 3.724122706960010873e+03 4.168337111686641947e+03 3.543922792489064250e+03 3.868745124888921964e+03 3.223390724925734503e+03 5.913242978633673374e+03 1.608872267676904630e+04 5.111590242047634092e+03 1.541444976074789565e+03 1.965722706321269243e+03 2.181216073165966009e+03 7.658604984195939096e+02 1.396507549527115316e+03 1.661917001577189694e+03 1.555327981153093788e+03 1.218429082602403696e+03 4.667540264531085086e+02 -3.786296838920552545e+04 -5.446283084938579850e+04 3.339066649682288698e+04 4.150534229921425322e+03 -2.773415176249483011e+03 -7.613763444507266286e+03 1.472940257635209491e+04 6.972376251210088412e+03 6.405393108923160980e+03 7.686757111985347365e+03 5.653586828931041055e+03 4.724707506966165056e+03 7.772727495640165962e+00 2.076062647196525631e+03 4.848921639210083413e+03 4.026503072496266213e+03 4.158507224287282952e+03 4.360944607597853974e+03 7.619153041004747138e+03 1.775771495477478675e+04 7.190726133923465568e+03 2.628409343463988080e+03 2.548150757559266367e+03 2.483521159885969610e+03 2.241918805799193137e+02 4.242440098963727451e+02 2.001309553239437946e+03 2.027572298117235960e+03 2.017485290690600777e+03 1.643497869351108875e+03
5.939291753032538691e+04 -7.940312812952009153e+03 1.615239136785926166e+04 2.486015895634840945e+03 1.427765894391106849e+04 7.712874471983601325e+03 8.102494503504433851e+03 7.242133654015733555e+03 8.010739087053797448e+03 4.800567770803297208e+03 2.312541202273910585e+03 1.853542781011949955e+03 2.587152364922854304e+03 2.355833602407337366e+03 1.828625072252492828e+03 3.056547730915719512e+03 3.305679229518941156e+03 4.250340438814429035e+03 2.100411794188804379e+03 5.111590242047634092e+03 1.399422135355710816e+04 4.273884232190353941e+03 2.063168269211157167e+03 1.250709895515405833e+03 9.357543025653067161e+02 1.037593007452532220e+03 1.353493788936655847e+03 1.842602990618595868e+03 7.113980236914082980e+02 6.856267151469515966e+02 -3.829342789411092235e+04 -6.973118758484219143e+04 -2.524424300811783723e+03 9.554237007815398101e+03 -7.172509664040573625e+03 -4.566884905443777853e+01 1.753112828560398157e+03 2.724140644304386115e+03 7.972737550621809532e+03 -2.330450433287245687e+03 5.045025992277321166e+03 2.346110735275174648e+03 1.920143664019345806e+03 5.108867089978744843e+03 2.180124684541325223e+03 1.827891825827234243e+03 5.602296747338039495e+03 5.590352656880207178e+03 6.061959994698986520e+02 6.081747911507221033e+03 1.548543023574916515e+04 5.505857994781648813e+03 1.217006573001592415e+03 1.549024716843558281e+03 -3.654551532627935018e+01 5.830172988475022748e+02 1.986447119826068729e+03 1.823756859287612997e+03 2.326125710378950771e+03 8.687527077127288067e+02
5.608485316904481442e+04 2.209986748012660973e+04 2.206819694482052000e+04 1.326637319609059159e+04 7.675049248035898927e+03 5.184261466715370261e+03 6.298583771252926454e+03 7.012016182874132937e+03 7.798709777367101196e+03 4.216266453391160212e+03 4.160937677950239049e+03 3.990697975559559382e+03 1.699011823507353483e+03 2.492159904317849396e+03 6.908258424240498243e+02 2.163404441239572407e+03 1.851803043363178176e+03 2.180454761270653762e+03 1.781945690756038175e+03 1.541444976074789565e+03 4.273884232190353941e+03 1.149039555286744326e+04 3.968095655482300572e+03 1.070215162498889413e+03 1.154997733564995087e+03 6.804239106059576443e+02 9.512155345527232839e+02 1.258227885139071077e+03 9.972543040612069944e+02 7.018331576357926451e+02 3.926470227028030058e+04 -5.079216872554837209e+03 1.647561555378082630e+04 1.263704333690476960e+04 -2.569894186092202290e+03 3.640353891409689027e+02 2.293849624181990293e+04 1.023133353118016385e+04 9.988117220964213629e+03 3.797555099730791426e+03 1.873652897859917857e+03 2.185884692765149794e+03 5.854344482954593332e+02 1.010136009802226340e+02 -2.750291105192457621e+02 1.684691936377564616e+03 4.801013899747426876e+02 1.133882208837525468e+03 1.051341761576529962e+03 1.819242221030177234e+03 5.122723936690472328e+03 1.345456136219406108e+04 5.795812170466660064e+03 2.515347199591733897e+03 1.012087853480793228e+03 9.063811042719012221e+02 1.086589234258462511e+03 1.452994214372170518e+03 2.273809975422723255e+03 8.812816779951386934e+02
9.215661825839712401e+04 2.945725548856651221e+04 4.452149914550966787e+04 1.193408020339008181e+04 1.120527416073138193e+04 2.995974998378083001e+03 3.802814931738634186e+03 6.781758479599406201e+03 6.309970544097202946e+03 3.985722589296433398e+03 4.426811474756726966e+03 4.086464321016841950e+03 2.445117442280446539e+03 2.111239267051199931e+03 1.416833909257318510e+03 1.579157779012375840e+03 2.313822852151196003e+03 1.952777904149161714e+03 1.580097733062614225e+03 1.965722706321269243e+03 2.063168269211157167e+03 3.968095655482300572e+03 1.080986450385811986e+04 3.363804936120634466e+03 1.259803592993213897e+03 1.156868667442237438e+03 1.226104416668077192e+03 1.217355241928294163e+03 1.016125307119116769e+03 7.821296311581920691e+02 6.194961046610090852e+04 6.326104886625945801e+04 1.141671031748045789e+05 3.235130881034536651e+04 1.882844118123275985e+04 -8.917050025810109219e+03 1.004326856178437083e+04 1.588925855647856952e+04 1.737986587980071999e+04 5.963688762684179892e+03 6.503510022393599684e+03 7.122387470227467929e+03 3.455123820312396674e+03 1.983342216903383587e+03 -1.729344344612117652e+02 1.077127167609447724e+03 7.194189927686657029e+02 2.078148191971419692e+03 1.111972194866373911e+03 2.371543881887978387e+03 2.996953379412624599e+03 4.882436208312261442e+03 1.227286370359078865e+04 4.291831231488919002e+03 1.068167896537526985e+03 1.367681886214189490e+03 8.493981766039884178e+02 1.045013179021123733e+03 1.425831794154082672e+03 9.807963309041664388e+02
8.309018440423431457e+04 1.474407310728368611e+04 1.642062859995321196e+04 1.813631681933278742e+04 1.005777812872762843e+04 7.187034478406503695e+03 6.221800318489966230e+03 6.489501627805304452e+03 3.051770163111199508e+03 2.730562662309153893e+03 2.909272382108795682e+03 3.277527507347864685e+03 2.716623641848669649e+03 3.043290385091600456e+03 2.294656752417822190e+03 3.177016421584471573e+03 2.113879821674692266e+03 2.866148771638720973e+03 1.473222318110947072e+03 2.181216073165966009e+03 1.250709895515405833e+03 1.070215162498889413e+03 3.363804936120634466e+03 9.156644972318747023e+03 2.897010378834483618e+03 1.201735117741860449e+03 9.410168480876508283e+02 1.137135887614462490e+03 1.286954311987184155e+03 1.137506182888224657e+03 2.692372813505474915e+04 7.713889579016525204e+03 2.813730962403322701e+04 3.087130929521903090e+04 8.879684152380028536e+03 5.654433539301079037e+01 1.108577786851127530e+04 1.426455620206573258e+04 3.106200049796364965e+03 -2.021445906299084754e+03 3.937688332898669159e+03 7.511262504617267950e+03 1.825185116408144040e+03 3.975709112422162434e+03 2.522069140400231845e+03 2.578973965658351517e+03 1.530539936468140240e+03 3.675328620076715652e+03 1.558779486036483604e+03 7.273606531532298050e+02 2.624698147107530986e+02 -3.268597121953051214e+02 3.004846554588378240e+03 9.835011773330901633e+03 2.887888117739357313e+03 1.927432949673581788e+03 1.205582737874976146e+03 1.340265709985461172e+03 1.600188667260236116e+03 9.875130819591597628e+02
3.310957211945537711e+04 1.112160335467229925e+04 -2.462277132369918945e+03 1.353970501842916929e+04 9.928875164920396855e+03 3.302197628823857485e+03 1.673103726738291698e+03 2.517604552720482843e+03 6.044883145144149239e+03 2.064880774502133136e+03 2.860487724204050664e+03 1.366454353314848504e+03 1.106984977788104061e+03 2.215290877249328332e+03 2.333406241218393006e+03 1.460109481456423509e+03 9.126491736413247509e+02 1.977470640508913903e+03 1.536670885822540185e+03 7.658604984195939096e+02 9.357543025653067161e+02 1.154997733564995087e+03 1.259803592993213897e+03 2.897010378834483618e+03 7.747275559198264091e+03 2.236610313460425004e+03 7.161751316378191632e+02 1.258548697545752930e+03 9.037241168176858537e+02 8.795107430047829666e+02 -1.493881965919343565e+04 2.186920024036637642e+03 -2.855377610679940517e+03 2.143148994801922890e+04 1.621992481325478002e+04 2.528170236024476253e+03 1.103649484068784886e+03 5.753057029538159668e+02 8.040942218722180996e+02 -3.366714118145297107e+03 4.093969653114354514e+03 3.100782284480992075e+03 1.031146792316139909e+03 -5.994822737442772222e+02 1.032386372232016811e+03 3.081417410157923200e+02 -1.466953716370159782e+03 1.042292932612190725e+03 -2.052035806379268124e+01 -5.419524917051599004e+02 -7.275087804064628472e+02 1.284595448128662838e+03 2.210245050577010151e+00 2.733389814121126619e+03 7.827840308540880869e+03 2.062744114463985625e+03 8.375204466059140032e+02 1.185694067666648152e+03 1.017253174394217581e+03 3.539208336739223455e+02
4.271964648920264153e+04 1.635603834633483348e+04 1.328968017708423758e+04 1.652169370916919434e+04 3.397201402803822930e+03 8.382235896636313555e+03 2.874732481193926560e+03 2.607869127730049513e+03 5.895668699044222194e+03 3.734649453673020162e+03 2.000846283681052682e+03 1.867577763698823674e+03 2.984377695122081150e+03 2.728585419355323211e+03 2.207441425425785383e+03 1.413904060889471566e+03 2.187322947452178596e+03 2.734283422939931370e+03 1.848020633616427176e+03 1.396507549527115316e+03 1.037593007452532220e+03 6.804239106059576443e+02 1.156868667442237438e+03 1.201735117741860449e+03 2.236610313460425004e+03 7.124796379158877244e+03 2.123681950697074626e+03 1.129716960762478948e+03 1.022972329904497769e+03 1.015014458146713537e+03 1.287984148403596009e+04 5.487332074518325680e+04 2.102519619612943279e+04 1.263781360445182145e+04 -2.805454531517764281e+03 6.839382876316886723e+03 1.852543197996674280e+03 2.805417758348103689e+03 6.077938810421240305e+03 -5.555365175641005493e+01 6.379739921708072643e+02 6.254586875791942475e+02 1.651944251756255198e+03 1.410875658819413729e+03 1.752928785544210086e+03 3.939472829599358192e+02 1.474248425226478275e+03 2.170842572540428591e+03 1.058405839236794463e+03 1.439663810005420373e+03 1.407100705044420010e+03 5.537847425751228911e+02 9.004216044721114258e+02 1.211551990712365978e+03 2.434657548570681229e+03 7.129787774081473799e+03 3.098521088657286782e+03 8.856889631238475431e+02 1.103753924787036112e+03 1.296715163360441693e+03
