3.060888513186966777e+08 1.264752772537857294e+07 1.341049524755352468e+05 2.054109514858988987e+05 -1.411161384104285156e+06 3.540528959924036171e+05 -9.561868452583270846e+05 -9.690412935500445310e+05 2.005071722030408855e+05 -1.116466736015508504e+05 -2.910574377230261452e+05 -6.690270205078715226e+05 -9.813050531219606637e+04 1.034664625551611389e+05 -5.841820442247694882e+04 1.093337848997859837e+05 -9.196469542603098671e+04 -3.799292050318636029e+04 1.529417025199852360e+05 -5.636058781371153600e+04 -1.821977182510469574e+05 -1.216908736829355039e+05 -5.381919184848522127e+04 -1.558736786442372540e+05 -8.416158784705684229e+04 7.955373864545898687e+04 9.296322091989930777e+04 9.655613813729279400e+02 -8.794443680831596430e+04 -4.939622887795131101e+04 -4.165743324415591359e+07 -3.617553836354389787e+07 -5.266382328924536705e+06 -5.024829328247234225e+06 2.420969808783602435e+06 6.246701350250616670e+05 -6.536721208847984672e+05 -2.074176756883803988e+06 -1.636189636625985848e+06 2.713580460938065662e+05 -1.015909734269003849e+06 -3.659983264703241293e+05 5.765691444911734434e+05 -7.215989553877584403e+05 -3.166550130034206668e+05 1.628667828414981777e+05 -9.066831953575505759e+04 -1.201749519347232563e+05 -3.735813708243967267e+05 -1.480789887833035900e+05 4.721009616117886035e+05 1.081169081717974223e+04 1.144776475823326182e+05 1.150753956075842289e+05 -4.366625925293708133e+04 -2.241039064656164264e+05 -2.445635584065399962e+04 -1.536755429043495387e+05 2.622156535042282194e+05 -2.342260088474450749e+05 -9.564326859074467421e+07 2.695471384948755428e+07 -8.724627215392630547e+06 -6.647268509167295881e+06 5.711733570935775526e+06 -4.236626177284882404e+06 7.544809920788646559e+04 1.242715773414274299e+05 2.017200616268487182e+06 4.873235183360353694e+05 -2.486323911966509768e+05 -1.146682995780821366e+05 3.561477788579256157e+05 -3.061116012062552618e+05 3.800050863793747267e+05 1.586982382941191085e+06 3.079899659902175772e+05 -3.294760964580385480e+05 -4.294822310376481037e+05 -1.826209398847600387e+05 -6.416588351139951264e+05 -3.079730002623244072e+05 -6.998900229599003214e+05 -2.418352619750262966e+04 3.153237971093424712e+05 1.988387917193610920e+05 -5.158358030188599951e+05 -4.509660300935654232e+04 7.877741458758013323e+04 -1.187946669503153971e+05
1.264752772537857294e+07 1.201223277135551870e+08 8.376417830183100887e+06 4.190777784510799393e+04 2.266036566709294275e+05 3.789364898150643567e+05 -1.656016884138126334e+05 5.025613559732092108e+04 2.162805416485615424e+05 -3.189293653544925619e+05 -1.087216518155840167e+05 3.089566742058914315e+04 -1.337549953643122572e+05 1.174633232133152633e+05 -1.166610872169581125e+04 2.147606487474794849e+05 -8.250021524887831765e+04 1.584551942092845275e+05 -4.858766830099979416e+04 1.955559142852489313e+05 -1.443984153723288546e+04 -5.051508503065940022e+04 7.938498191996001697e+04 -1.674333602182103277e+04 -7.828661754126072628e+04 8.058246358211783809e+04 8.485763135159728699e+04 5.501401032550487434e+04 1.783084739178727978e+04 -3.233855656184209874e+04 -1.482908846305568889e+07 3.715772582653325796e+07 5.518011943003487773e+06 5.271029917022597976e+06 4.514277752347851172e+06 -1.974303680257029133e+06 1.033425948777793092e+06 -1.155873847459575860e+06 9.755430230176642071e+05 1.122734409267228795e+06 8.293494625530865742e+05 -5.541107494062391197e+04 1.917511297402279451e+05 6.905962020261149155e+04 1.983586417559929250e+05 4.037802993588368990e+05 -1.606914340213381220e+05 1.637545971927072678e+05 1.705667753041436299e+04 7.719598923214623937e+04 1.977919544325744209e+05 -1.211532457327331940e+05 -1.330038396381846687e+05 1.105478044509043684e+05 -6.634262107551604277e+04 1.949637345641870634e+05 1.105011632417673391e+05 1.534534572216258675e+04 1.800674919680683233e+05 1.488974066625373380e+05 1.825302543644671096e+06 -2.714696241039590910e+07 1.969181510329714743e+06 3.022533724019680638e+06 3.924533822190367617e+06 -8.936962989980274579e+05 -1.465381509957984090e+05 -3.003879371050335001e+06 -1.021686064112338936e+06 -1.213697072566941381e+06 1.317629493643364367e+04 -9.435298005544162879e+04 2.661661837777390610e+05 -2.481013855048328405e+05 -3.796852501678887056e+05 -9.391672775857643865e+04 -3.782194192201450351e+05 -9.816680696793617972e+04 -4.626313448653846281e+05 -2.479233922189122532e+05 6.467597806169948308e+05 9.247516518176550744e+04 -2.352516570689881046e+05 -2.967026693889113812e+04 -4.443059157857128594e+04 9.054313682141587196e+04 -1.251746890962915058e+05 4.154923194949775934e+05 -1.096382484610611282e+05 -5.032267149124680145e+04
1.341049524755352468e+05 8.376417830183100887e+06 3.956916026840285957e+07 2.203377526659343857e+06 4.749104220881816582e+05 4.796836957950716023e+05 4.770849793622359721e+04 2.721850598388456274e+05 -5.565748240801763313e+04 -2.795301714242888920e+04 -3.979505826579189306e+04 2.619541077958869937e+04 9.147719803004128335e+04 -5.688030660720607557e+03 1.117320660259794968e+05 2.374347232733002238e+04 3.518268070841739973e+04 4.924895431990418729e+04 5.724264533445284178e+04 5.788205305881756794e+04 4.212196302863019082e+04 -6.328715946854913454e+03 -1.743992825513775097e+04 2.089791528372332687e+04 -7.133381955596567423e+03 -2.182504827108214158e+04 2.149577490297913755e+04 -3.478800010643299174e+04 -1.417737102632659116e+04 1.514197641503477826e+03 -5.007024069584777579e+06 4.510314648814629763e+06 2.208337549104876444e+07 -9.225266304276483133e+05 9.179131404722234001e+05 3.110554111139769666e+05 -4.482333709706835216e+05 -2.331207242137256835e+05 5.748110099367670773e+04 3.036218437090961379e+05 -2.165340609598995943e+05 1.614640398313098704e+05 6.439868429179483792e+04 4.747251958929537795e+04 2.020841260506755207e+05 7.608072423312837782e+04 3.106096708886257329e+04 -1.149626556650110142e+05 6.971971909011613752e+04 9.123531544154313451e+04 -2.545718913580630033e+04 -9.990548981437411567e+04 -2.529085674236185878e+04 -2.084817849519706942e+04 -1.092063986418141722e+05 -7.237991848848330847e+03 2.939473203431092043e+04 4.702475239336356026e+04 2.284700674659476590e+03 4.495801192547272512e+04 7.644245832219295204e+06 6.521557145427688956e+06 -6.372708283341404051e+06 -3.541006544097863138e+06 -4.939343320496403612e+05 -1.083746024424523115e+06 -5.095942810156077030e+05 -5.022972214535117382e+04 -6.780790247756302124e+05 3.031156019572500372e+05 9.989222420403726574e+03 -6.524818938433028052e+03 -1.465179017454951827e+05 4.098162505623326433e+04 1.226064644120348385e+04 5.348099116626223986e+04 -2.610437373735075525e+05 6.874770297686751292e+04 -2.375742900462935213e+05 2.803210124892901513e+05 1.166076054217667843e+05 8.927955018318265502e+03 1.399097324393912641e+04 -1.501413246035859265e+04 -5.562725615584960906e+04 2.678826974624948925e+05 -9.397085683336032162e+03 7.396450097886330332e+04 4.392789772510657349e+04 -6.490248469644131546e+04
2.054109514858988987e+05 4.190777784510799393e+04 2.203377526659343857e+06 1.460149171811052971e+07 1.386658888568783412e+06 1.213672708481911104e+04 -1.602348442206839391e+05 2.073731083764288342e+05 -2.044772943170407234e+04 1.218193068160592375e+05 -6.956975158702467161e+04 -8.355574647314079630e+04 7.186760255765661714e+04 1.633453530515485727e+04 1.677050911202270800e+04 2.841721277939052015e+04 5.590355368339377310e+04 2.557810036210737235e+04 4.377094980817183568e+03 -3.480389900030696299e+04 -2.592583036564848226e+04 2.608867535462759770e+04 -1.734182787184963672e+04 3.267589375361790735e+04 3.532619295181590860e+04 -2.215366873638758989e+04 -1.269491150925184229e+04 -2.819111867227063703e+04 -1.901789380295258525e+04 1.938928510082954017e+04 -3.484775018912527245e+06 -2.550222261017107405e+06 1.755260899576651398e+06 1.102414269484407641e+07 7.306812966484527569e+05 8.132426980208085151e+05 7.802682543032791000e+04 5.168623876112880680e+04 1.517981340097539651e+05 2.709072330364302034e+05 -5.398948832886512537e+04 9.595567069395672297e+04 2.818044357499645557e+05 -1.207503244274205354e+05 1.465447758775875554e+05 1.463379657024810331e+04 5.965413122883737378e+04 4.029294706929127278e+04 1.610188559868660232e+05 -5.144315906368188735e+03 -3.042879557752839537e+04 2.892503408590514664e+04 -5.963196981295212754e+04 -5.814143870568626880e+04 -4.292831098494914477e+04 -2.552707709937279287e+04 -1.991943055671575394e+03 1.640328164904543519e+04 -4.305603075488129980e+04 2.578210514761959348e+04 1.844448784858560888e+06 5.378492340935958549e+06 1.854321757443061797e+06 -1.685611641243287828e+06 -1.044597144400161807e+06 1.335403085397393443e+06 3.669299178583636531e+05 -7.069937771516246721e+05 -5.202064198802010505e+05 -3.802105314047946595e+05 -1.222201869305674336e+05 4.790289690342458198e+04 -1.163753632572690403e+05 -1.896837638762734714e+05 -1.864437379632972297e+05 -1.115775878625777550e+05 6.133628063968106289e+03 9.397884987536592234e+04 -9.887912310855927353e+04 -9.847039956348770647e+04 1.441526457426357665e+05 -2.266617811313411585e+04 -8.866420564283912245e+04 2.481086668414329495e+02 -8.508041224336037703e+04 5.322050342825982807e+04 6.658521896273654420e+04 2.481750038023614616e+04 2.070768151455722182e+04 -3.085520737639839354e+04
-1.411161384104285156e+06 2.266036566709294275e+05 4.749104220881816582e+05 1.386658888568783412e+06 6.755937308576739393e+06 5.520468350448363926e+05 7.377840796235964808e+04 -1.871928041288836175e+04 2.602918401592256123e+04 3.829377188098617626e+04 6.664344180318321742e+04 4.288696305875427788e+04 4.722322104122130258e+04 1.329031933381858653e+04 4.823799606613443029e+04 3.573731884707837162e+04 2.268033473689965103e+04 3.445434496435970505e+04 4.356918502094181167e+04 -7.843198137140133440e+03 4.456173926644822495e+04 2.927479730735591602e+03 2.507959536453965484e+04 1.066782805157816438e+04 1.561792808450344455e+04 1.150560651330720066e+04 6.859851237275970561e+03 2.911840312668472325e+04 8.023347581777796222e+03 2.368314840409945828e+04 1.729686181386474054e+06 3.743428580176552292e+06 1.087952421136602788e+05 1.539393309505644720e+06 5.080173782340756617e+06 1.748055282447458012e+05 -2.071922174875425117e+05 -1.152982500021004525e+05 1.191849325383035175e+05 1.449904371820093365e+05 2.827100078389035771e+05 1.382102555501089373e+05 9.537895572759711649e+04 -2.966177943584645618e+04 1.438716362012261234e+05 1.080215059845692595e+05 2.070536880810745060e+05 1.153632733412192174e+05 1.347305157259174448e+05 8.301125392375148294e+03 9.859804490640213771e+03 8.454378537983029673e+04 7.464221914759749779e+04 2.584369986316154609e+04 3.154021552262030673e+04 2.359055429213758907e+04 8.285823238991037942e+04 6.342162821570187225e+04 -2.428978035042224656e+04 3.886464569887231482e+04 1.120521448813012568e+06 2.320666702759993728e+06 1.653654745261749253e+06 9.152729529001137707e+05 -1.500491510128742317e+06 -1.476407985398993769e+05 4.257122154421519372e+05 -4.961091912373623200e+04 -1.002728980860653246e+05 -5.247190239560463669e+04 4.762277939230587072e+04 1.909160047337140713e+05 8.654523371890229464e+04 8.914911005380179631e+03 3.516652486801147461e+04 1.482389788927510963e+05 9.756233648444531718e+04 -3.049149716273020385e+04 4.884417832748247019e+04 8.063694264905345335e+04 1.271046833528134157e+05 7.632997739760884724e+04 1.007832961313729611e+05 -2.592552989611025259e+04 1.237003325094118554e+04 -3.034023239544764147e+04 8.997852685927544371e+04 -7.284290798848403028e+03 8.075827421756922377e+03 6.968193474276138295e+04
3.540528959924036171e+05 3.789364898150643567e+05 4.796836957950716023e+05 1.213672708481911104e+04 5.520468350448363926e+05 3.512214713613294065e+06 3.585019297919550445e+04 1.073767174876742502e+05 7.396870813589250611e+04 -1.941231388460422750e+04 -2.821698677953815059e+04 1.764621114481623590e+04 1.577878349249685380e+04 1.871365415578266038e+04 -1.532265462307413873e+04 -4.286842075585334896e+03 1.859779800263983998e+04 1.304514947120332363e+04 2.971468743885764343e+04 1.316418792026442861e+04 -4.692396612320389067e+03 1.754702010239557785e+04 -7.947960746694383488e+03 -5.954565332432236573e+03 2.139508868479246757e+03 6.362023269928345144e+03 -4.770044565155150849e+03 1.370257146291763092e+04 -4.572209806148353891e+03 7.060788068996190304e+03 8.521944941774485633e+05 1.799824234935715562e+06 -1.204240437138637761e+06 1.820052014723619679e+06 3.070512462458161754e+05 2.697189241545679979e+06 5.387848528432392777e+04 1.309319774134504987e+05 1.993015918889611203e+05 -2.690432003488287955e+04 1.080426594831567854e+03 -4.133408472966335830e+04 -1.164004735005117800e+04 2.307333845003366878e+04 6.574079007756209467e+04 4.493373025161895930e+04 3.003939058557856333e+04 3.329837852127277438e+04 -4.768821565372599252e+03 -2.385000283889523052e+04 -8.771785223031653004e+03 -2.183388778449416714e+04 -9.737447663821212700e+03 3.212053439584522130e+04 -2.524438962217096559e+04 -3.052017218395640884e+04 1.350109845159446195e+04 -3.831994290820607148e+03 -1.176756584831102373e+04 -3.221671656927175718e+03 8.729989407650252106e+05 7.717235377931129187e+04 -1.158545571860567201e+06 9.094763970695763128e+05 4.027498019374605501e+05 3.400063992731926555e+04 6.974870886262146814e+04 -3.146679361271082307e+05 -1.329841226168266439e+05 2.134827339264279290e+05 1.669926748019599181e+05 4.595324140318458376e+04 1.342876956537891529e+05 2.055165928328373702e+05 3.727288786115111634e+03 5.635092002345099900e+04 -5.826544740516449565e+03 4.095990595480098273e+04 6.313421660889503255e+04 1.130716865824208799e+04 -4.797153894006747578e+04 -1.343636328656195838e+04 -2.529803253234192380e+04 5.347741682634798053e+03 -1.948840759540869840e+04 2.357594580557322388e+03 -7.164336473560300874e+03 -2.814751101240145999e+03 7.434960810128746743e+03 -1.675824830152212598e+04
-9.561868452583270846e+05 -1.656016884138126334e+05 4.770849793622359721e+04 -1.602348442206839391e+05 7.377840796235964808e+04 3.585019297919550445e+04 2.132276861544643994e+06 2.544026960208989913e+05 3.213467983290224765e+03 -2.718923604024889300e+03 -1.855513233600956255e+03 5.603398184903056972e+03 1.631614792270782709e+04 3.525592110616876744e+04 4.534440978646500298e+04 2.972938043129500147e+04 2.203540972572428655e+04 2.045654183066406176e+03 -3.803492822339070244e+03 1.338605829357205221e+04 3.174014086402025714e+04 4.286453879175929615e+03 5.822921709117159850e+01 2.198314151122251496e+04 7.302623965322592085e+03 1.463329292062490276e+04 9.807313251742369175e+03 2.486530362473845344e+03 -2.229548027736086624e+03 9.316767652340567452e+01 -7.123967320565272821e+05 4.450513116788011976e+05 1.251702474077324296e+05 3.870597603267746745e+05 4.350146764221466146e+05 6.623837391116005892e+04 1.490634419730292168e+06 1.500482145926881640e+05 -5.691991705162994913e+04 -5.143194010191232337e+03 1.621479949847136741e+05 6.535835576162089274e+04 -3.380580608663038220e+03 -1.413172036586073591e+04 -3.769167707847510610e+04 4.433951862924244051e+04 3.767348466131764872e+04 -4.787728416010842011e+03 -2.937848975767778484e+03 1.648033648591593374e+04 -1.303707320358151810e+04 -1.104985172248045819e+04 3.738685355377813266e+03 6.489002514005908324e+02 2.759271441190591941e+04 6.348116101846631864e+03 -1.460958136229418869e+03 -1.849809151784823598e+03 4.175885461372887221e+03 1.316637718794396460e+04 2.170314958520075306e+06 1.659465501442917157e+06 -6.757932699210161809e+04 -2.600895237204650766e+05 6.145297866359162435e+04 7.309599541500431951e+04 -2.961968962856682483e+05 -2.280297507536163539e+04 7.249225431014961214e+04 -4.034704484839899669e+04 4.624990397326376115e+04 -4.042171458363387501e+04 -1.590122011196166277e+05 -8.953749704797095910e+04 1.796743355701017572e+04 1.071460154307729317e+04 1.320413712233365368e+04 -8.243758609388340801e+02 4.418617314272754811e+03 2.343532945190486498e+04 -1.825249591087937733e+04 -1.600062768911376406e+04 4.562887806279332835e+03 2.961016436577776403e+04 1.722551776314490417e+04 3.653514243451588845e+04 -1.888869733319626175e+04 -2.878781744702751530e+04 -2.342148623104502622e+04 1.260102513639587050e+04
-9.690412935500445310e+05 5.025613559732092108e+04 2.721850598388456274e+05 2.073731083764288342e+05 -1.871928041288836175e+04 1.073767174876742502e+05 2.544026960208989913e+05 1.325231551933317445e+06 9.493117641165072564e+04 -3.355950798273603141e+04 -1.936124721980589356e+03 1.272427031419160085e+04 5.994159975490379111e+03 5.244717475678939991e+02 5.322840920830516552e+03 2.418733687921840101e+04 1.589789162175696219e+03 -3.140553040675967509e+02 2.203169378694033185e+03 1.609324044614995728e+03 2.305139464900300300e+04 1.188798295299849087e+04 -2.629239925836914608e+03 1.944245472725718719e+04 4.188027597432304901e+03 -1.081867452199213221e+04 5.987866972263193929e+03 4.484610560390639876e+03 8.496515215034421999e+03 -1.814011777730007225e+03 3.962262097112900810e+05 -2.625308435526145040e+05 8.649575466225409182e+05 4.764355590090922196e+05 1.901037618184378371e+05 -9.070655512982812070e+04 1.827119776729299338e+05 8.637565310803012690e+05 2.091671890573304700e+04 -3.513625294014751853e+04 5.194845999121513887e+04 6.197343104493383726e+04 1.038888141208853813e+04 -1.332164948970577279e+04 -2.193101081793494450e+04 2.310256231627706075e+04 1.867800013847536684e+04 1.344118185676664507e+04 3.574701812189951397e+03 -3.509374793970639439e+04 4.580660671303911658e+04 -2.533201729494560277e+04 2.151579340673968909e+04 -3.922550611449526627e+02 2.121004493627858756e+04 3.280215211820659897e+04 2.553182775187984225e+04 8.664760861301423574e+03 2.556065716471047563e+04 -2.563338704305135252e+03 8.924438088504449697e+05 -8.429930423434185795e+05 5.304346269954798045e+05 -5.575633933598761214e+05 -1.492215430199943949e+05 2.368190271086100838e+05 -3.616886721272144496e+04 -3.210608944855927839e+05 -1.467874643779638245e+04 -4.891748493251004402e+04 1.028513075083633012e+05 3.059047400930721324e+03 -1.415173091887172995e+04 4.814079286657776538e+04 2.141639967518032063e+04 -9.627558811440556383e+03 1.407307675319094051e+04 -2.182546186696767836e+04 -1.636695305640045990e+04 -5.154075278198029082e+03 7.192413488350008265e+03 -4.507871069626034114e+03 2.156667593694310926e+04 1.510274853453481956e+04 -2.122885038736514616e+04 1.909298863896910916e+03 1.298833165705105057e+04 1.125418174100197575e+04 -6.996209806583666250e+03 2.403583790868583674e+04
2.005071722030408855e+05 2.162805416485615424e+05 -5.565748240801763313e+04 -2.044772943170407234e+04 2.602918401592256123e+04 7.396870813589250611e+04 3.213467983290224765e+03 9.493117641165072564e+04 7.854757871775997337e+05 3.972970718686734472e+04 1.332688861664656906e+04 -4.572164122230905718e+02 1.210366976242445890e+04 2.471844501383287570e+04 1.519340059462320824e+03 8.129634137991361968e+03 1.440495038980663230e+04 5.670320731064603933e+03 1.743978710490591766e+04 2.052536988792003740e+03 7.193990447812938328e+03 6.800222549500754212e+03 4.587484542302155205e+03 1.419766575810099675e+04 7.056821033590599654e+03 2.991614251688804416e+03 -2.201020265525145533e+03 -1.255161226872847692e+03 -1.585279807852707563e+03 6.865614406145305111e+03 -6.579312720593939302e+05 -7.585408880084150005e+05 3.664933693494711770e+05 6.128728133417845238e+05 1.023580662151819706e+05 8.219166056600389129e+04 -8.324001901567149616e+04 -4.020630666288900829e+04 3.914422916813031770e+05 -6.447290633829083527e+04 2.515718588952634309e+04 -1.655700135956628947e+04 -1.187030323346209298e+04 3.553891055983414117e+04 -2.553962032304425156e+04 1.670097888601020895e+04 1.381799397939344999e+04 8.170690998694755763e+03 -1.198516239797767957e+04 6.318562932199201896e+03 -7.080760028965165475e+03 7.641360238184483023e+03 1.120644658456867364e+04 1.092036886855020020e+04 8.933315984810944428e+03 1.638621051427198836e+04 5.675968114672086813e+03 2.021442744292435236e+03 2.004517735188876395e+04 -8.003116129388585250e+03 -6.035922242259209452e+04 6.766131940629493911e+05 1.068174696400266403e+05 5.049080545732125029e+04 -1.133888635055265331e+05 -8.302704895508433401e+04 -7.845888667235619505e+04 3.001731488131739025e+04 6.730843841616671125e+04 -1.009979295878132834e+05 8.015180149181120214e+03 -8.845305295525273323e+03 -1.002722479015486897e+04 -1.737124230491557319e+04 -3.309759631891153549e+04 5.379847570626086963e+03 -4.877059507143518567e+04 -7.952018849565885830e+03 9.807801492527843948e+03 -5.449195038629645751e+03 -1.625432615628020176e+04 -6.764836772010765344e+03 -1.606609393735748017e+04 -3.455760739133289917e+03 -1.611212623651914328e+04 -2.083534226866279369e+03 -2.644689879747543728e+03 -6.075112545890340698e+03 1.497519362045866728e+04 -3.079430825963133429e+03
-1.116466736015508504e+05 -3.189293653544925619e+05 -2.795301714242888920e+04 1.218193068160592375e+05 3.829377188098617626e+04 -1.941231388460422750e+04 -2.718923604024889300e+03 -3.355950798273603141e+04 3.972970718686734472e+04 5.013044559930883697e+05 4.352183131816190871e+04 3.230060339265857692e+04 2.113906828600041263e+04 -3.397928638957474050e+03 7.824438113180655137e+02 -3.990848387738566885e+02 1.355990159510868398e+04 1.230384374941918759e+04 2.799243642529044791e+03 8.788853720877579690e+03 5.273172010362382935e+03 6.628986255111043647e+03 3.790470231095465806e+03 1.075595422662267993e+04 4.335072748665247673e+03 5.347298182595925027e+03 1.233331211615203301e+03 2.563704829347127543e+02 3.468154512395809888e+03 7.029692996854018020e+03 4.670383809481249773e+05 1.319623170882813167e+06 -3.462158546218478587e+05 -4.353757852177218592e+04 -9.812335252905900415e+04 -4.789887755536625627e+04 -2.351436863083548815e+03 -1.054977392506335163e+05 -5.656372114990708360e+04 2.111874140646875312e+05 7.823977951870116158e+03 3.473928108725885249e+04 -1.329868647136586151e+04 1.480995811445154504e+04 -2.017251203422710751e+04 1.920755893583616489e+04 2.670427622243796941e+04 1.353143098631460452e+04 -6.852705725032152259e+03 -1.879876045757759857e+04 -9.402916360279727087e+03 2.073793785279368240e+04 1.598129358483739679e+03 -1.476583876253905146e+03 -4.808075477461944502e+03 6.254443829933445613e+02 6.376150742167120370e+03 -2.900176230264847163e+03 2.852712285446370970e+03 -6.933119176450635678e+03 -6.331385051428033039e+05 5.680594216421650490e+05 -3.529821855866843543e+04 -2.908777625882582506e+05 -5.726316813261737116e+04 3.828801169311902049e+04 -2.700689433760766406e+04 2.404047266168321585e+04 5.580926919717760029e+04 6.213234179365640011e+04 -4.452622813723845320e+04 -2.846942261789875192e+04 3.797129193181193114e+04 3.713852510429614631e+04 -7.757189559998512777e+03 -3.570487263519082626e+04 -8.952097353240334996e+03 -8.828464132997833076e+03 -1.282967948297609655e+04 1.401363137793880924e+04 -1.121165064055928451e+04 4.079839004681766710e+03 -7.951874873249869779e+03 -7.899750291790595838e+03 2.527154307398456581e+02 2.484127798930598146e+03 -1.525515513912726601e+04 2.578988090644969816e+03 -4.313284590250248584e+03 -9.777260806225564011e+03
-2.910574377230261452e+05 -1.087216518155840167e+05 -3.979505826579189306e+04 -6.956975158702467161e+04 6.664344180318321742e+04 -2.821698677953815059e+04 -1.855513233600956255e+03 -1.936124721980589356e+03 1.332688861664656906e+04 4.352183131816190871e+04 3.178667741179408622e+05 3.449408290432459034e+04 1.738571125164283512e+04 2.839600405311965915e+03 1.036866415264379430e+04 5.872365372116776598e+03 -5.391242239551313098e+00 5.651412361015786701e+03 6.160518491664370231e+03 6.139547559835792612e+01 1.275063337257946614e+03 1.521649884444140298e+03 3.483093135403636552e+03 6.350652879409330126e+03 3.788620906439121427e+03 6.039557275639864201e+03 2.398221077899215743e+03 4.392797624072633880e+03 1.286302484548061557e+03 5.340838945103173501e+03 -3.063905360242066672e+05 2.469719314418039576e+05 4.152047950743607362e+05 2.973984686199079079e+04 -3.722708288108324632e+04 -1.688023368917299376e+05 -3.284249551215099200e+04 -2.825605247147202135e+03 -1.142452239868446486e+04 2.868197083266651589e+03 1.425659558534697571e+05 2.294999480040100752e+04 2.130701886904771527e+04 1.391152660384037517e+04 -1.784630146421943937e+04 -1.320681924229127253e+04 1.029568729134981731e+04 1.028580670654191090e+04 1.034249793584738200e+02 -3.284560431348988914e+02 3.844239564067998344e+03 3.664020716694446492e+03 1.318899859698877481e+04 6.079745558452148543e+03 -1.744270067301739618e+04 5.358945244933378490e+03 1.214673244803234411e+03 -8.241980493510551469e+02 1.176988230625459209e+03 -7.098236603924191513e+03 -3.784085240746842464e+05 -8.512493442282736942e+04 1.994133263418038550e+05 2.040364832122477528e+05 -4.285495156221350044e+04 1.204276163371393923e+05 8.131350898633537872e+04 1.270895539718266227e+05 -1.365747078128571775e+04 -1.920423659988369036e+04 -2.443745628045613194e+04 1.192285938245738362e+04 2.000325436822601841e+04 1.332117575194953497e+04 -1.453642361944267941e+04 6.453169442806694860e+03 -2.801025236020657030e+04 1.124521917134224168e+03 6.555106923403665860e+03 1.288318856209396245e+03 1.564567005477795647e+04 8.783066125538114193e+02 7.147711211138953331e+03 5.330488648868882592e+03 9.211406593354973666e+03 -1.249876638151425504e+04 6.008331161161377167e+03 5.268809907527673204e+03 -9.392823945914635260e+03 7.799822624486969289e+03
-6.690270205078715226e+05 3.089566742058914315e+04 2.619541077958869937e+04 -8.355574647314079630e+04 4.288696305875427788e+04 1.764621114481623590e+04 5.603398184903056972e+03 1.272427031419160085e+04 -4.572164122230905718e+02 3.230060339265857692e+04 3.449408290432459034e+04 2.617325010162002000e+05 1.429821949611244236e+04 3.299290711141682550e+03 8.421507643519515113e+03 7.075886628019932687e+03 2.476222220365092198e+03 9.882820995098429194e+03 2.581646244483581995e+03 7.747008982731876131e+03 1.000797579717864937e+04 8.388019208320194593e+03 3.503591725927341486e+03 4.688849478591970183e+03 6.466278576322251865e+03 2.930513764341368187e+03 6.673566096078120609e+02 1.566031757659450477e+03 -2.263817435807935965e+02 3.154118905918067867e+03 5.604747826505660778e+05 6.497742965749721043e+05 9.525196462386075291e+04 -9.498496614884845621e+04 -5.516226975523463625e+04 -7.074243597706178844e+04 6.351284555120018194e+04 4.418372812973643158e+04 2.549190768658237357e+04 -2.305942877999060147e+04 3.270397865282768180e+04 1.182213180983374914e+05 -4.238326638479936264e+03 4.131762022172300931e+04 1.950613130120938513e+04 -1.184609226152608062e+04 -5.875059138744872143e+03 1.185826938954843354e+04 3.431292034162582240e+03 1.641393440266905236e+04 6.652983672909866073e+03 -5.538274334216273928e+03 -2.160026718948014150e+03 2.129910062299036781e+03 -2.686253099911916138e+02 -8.660648883575629952e+03 -3.844055875744890727e+03 4.440266819891441628e+03 -3.529402116474886498e+03 -4.088207940746643999e+03 -7.000684475114436354e+05 -4.168403400767885032e+05 9.547347562538574857e+04 2.729495510389574920e+05 -8.140653463711877703e+04 -3.405745227954541770e+04 1.217861215531229391e+05 7.141451164110910031e+04 -8.020407982055656612e+04 -5.754906542150248424e+04 4.699367506258679350e+04 5.268079224435591641e+03 1.838376727956189643e+04 1.128714074699610501e+04 -1.156813754052624063e+04 3.441314654515197617e+03 -1.979353298757760786e+04 -6.204407880767224697e+02 -1.710694654774462470e+04 1.875692005588344182e+04 -4.339479016166161273e+03 -3.522480043389486127e+03 8.915434849486222447e+03 1.767945840786800909e+04 -1.704387750927957313e+03 -2.050337958540128511e+03 7.346978054412707934e+03 3.930947615944305653e+03 -3.107479445641150505e+03 5.697064424737555782e+03
-9.813050531219606637e+04 -1.337549953643122572e+05 9.147719803004128335e+04 7.186760255765661714e+04 4.722322104122130258e+04 1.577878349249685380e+04 1.631614792270782709e+04 5.994159975490379111e+03 1.210366976242445890e+04 2.113906828600041263e+04 1.738571125164283512e+04 1.429821949611244236e+04 1.945147643866025028e+05 2.080333124348038473e+04 -3.168169257404828386e+03 9.987603228435753408e+03 9.934108097064459798e+03 1.374050867203017151e+04 1.013228144460253134e+04 3.381131037080392161e+03 7.192804485372589625e+03 5.736566909756076711e+03 7.541746331812456447e+03 -8.865171687439931247e+02 5.590909513483644332e+03 7.665094708039762736e+03 4.929639532571304699e+03 1.455832185290285906e+03 3.257037524651404965e+03 2.629281208686764785e+03 5.324497097476972267e+05 -2.279291014536240837e+05 1.148682945057312463e+05 1.616605589818552835e+05 7.446889197826985765e+03 1.301557507121329108e+05 5.976418967167299343e+03 4.723071032314192416e+04 1.199747151268630114e+04 -3.428496525338074571e+04 -5.701152373212589737e+02 5.012306766876049369e+04 8.837210558009654051e+04 2.294843279775685005e+04 -4.302391713422824068e+03 3.494620265018654663e+02 1.985233095350098210e+03 2.814863247367185068e+03 -1.720664671791563023e+03 1.102032043453534789e+04 8.534857661171276050e+03 4.491350344080222499e+02 1.381285326711611560e+03 -4.969792906237779789e+03 -4.077576144479779032e+03 -6.020011940096188710e+02 -2.945755000054187803e+03 5.450438082770484471e+03 -4.351981014621991562e+03 -1.064248486970291424e+03 4.240909395868766587e+05 4.941893694522907026e+05 4.708260449917252117e+04 -2.518296171191681060e+05 -5.844083685406456061e+04 9.086833251134814054e+04 -6.921849524928383471e+04 6.869068591257558728e+04 1.967855457972595832e+04 2.514727317736316400e+04 -1.163296281211573660e+04 5.060599429076421075e+03 -1.558377333500411078e+04 -2.884351861914708934e+04 -2.198264212925441097e+04 7.563353585641150858e+03 -6.629415577795100035e+03 1.753313264895853763e+03 -1.806559514340252917e+03 1.011016104849408657e+04 -6.523624102113248227e+03 -9.021397661001576125e+03 -9.499878694278633020e+02 8.496701581999206610e+03 -3.859033802716971309e+02 5.082315658748552778e+03 3.041227404002995627e+03 1.206541389754308693e+04 -1.611125342657466490e+03 -7.114150506787035738e+03
1.034664625551611389e+05 1.174633232133152633e+05 -5.688030660720607557e+03 1.633453530515485727e+04 1.329031933381858653e+04 1.871365415578266038e+04 3.525592110616876744e+04 5.244717475678939991e+02 2.471844501383287570e+04 -3.397928638957474050e+03 2.839600405311965915e+03 3.299290711141682550e+03 2.080333124348038473e+04 1.461661789824287116e+05 1.196644927426589311e+04 8.416366950866087791e+03 -1.397271394181449580e+02 5.255819942877687026e+03 2.511020139650193869e+03 -1.117940920558673724e+03 6.125807890804226190e+03 2.132373217969749930e+03 -1.548724106303617702e+02 4.893028708315993754e+03 1.154615116696678712e+02 4.343455810935737645e+03 4.354323757990807280e+03 -7.529483828555917135e+00 7.083741299119843688e+02 1.473103860787747180e+03 7.202575784592968412e+05 -1.641782903130006525e+04 2.266431511425019125e+05 1.429236796447844827e+05 7.360660117171295860e+04 3.074878146356081197e+04 -1.156396622951797144e+04 6.782883376076040440e+04 6.981934094212174102e+01 4.782360026652166562e+04 -2.299335303016110993e+04 1.420618163049397481e+04 -8.145718308452999281e+02 4.512576562408005702e+04 3.639831298447508743e+04 7.811809609366426230e+03 2.697673635846161687e+03 -5.423077617706935598e+03 -9.493625384867335015e+03 6.276136377164763871e+03 1.408187352786181873e+04 1.068088200693558247e+04 2.297294644089495705e+03 5.352821333897649311e+03 1.995340098527166901e+03 5.052718524122643430e+03 3.847946568656727322e+03 4.609170788830835590e+03 7.242814745218666758e+03 5.350850981632369212e+02 -6.274813492573795374e+05 5.604865422822821420e+05 -3.114090903472561040e+05 -1.293916307245722128e+05 -5.306157962257833424e+04 7.546306669587901524e+03 -4.107470327947866463e+04 3.885613097346919676e+04 3.926259156337120658e+04 2.949235628071671090e+04 -3.205768025175702132e+04 -1.472416978351514626e+04 2.323044648902503104e+04 1.014479164049158680e+04 1.318085180766320627e+04 2.222750707522371158e+04 -1.581861423294341148e+04 5.308503316448998703e+03 9.759312229087545347e+03 1.422714001102508973e+03 1.193557797885940545e+03 4.966555525642415887e+03 4.988823090957168347e+02 7.785875622218576609e+03 -5.846639276878915553e+03 -3.227397789664782977e+03 -3.079116329430647966e+03 -8.092846990537152578e+02 9.824884077586135390e+03 -1.531413142784882893e+03
-5.841820442247694882e+04 -1.166610872169581125e+04 1.117320660259794968e+05 1.677050911202270800e+04 4.823799606613443029e+04 -1.532265462307413873e+04 4.534440978646500298e+04 5.322840920830516552e+03 1.519340059462320824e+03 7.824438113180655137e+02 1.036866415264379430e+04 8.421507643519515113e+03 -3.168169257404828386e+03 1.196644927426589311e+04 1.151104319272514113e+05 8.950350794938200124e+03 8.742947383724178508e+03 5.483916605667892327e+03 3.563450453624856891e+03 7.584162210251945453e+02 2.772930415652005649e+03 2.467880131793455803e+03 1.479309061140740369e+03 4.615989787422171503e+03 2.929960683143508504e+03 1.510582022189902318e+03 1.943822810551561133e+03 4.735646037110318929e+01 1.273606209300978662e+03 9.230775830469109451e+02 -2.325218461845229031e+05 9.018781379903077323e+04 3.524732285977195133e+05 -1.558930999261028956e+04 -4.233251852116076770e+04 -6.710543873469333630e+04 2.042808367977938178e+04 -8.952988895962296567e+01 -3.227613394986757703e+04 -1.792074667889935154e+04 -4.135612718111430695e+03 2.039976041312882080e+04 -4.607624426602946187e+03 6.159076377271451747e+03 1.654859529987010319e+04 6.218231720439343917e+03 4.316233593511888103e+03 4.065112958265686757e+03 -3.099589962489008940e+03 -7.446587217917915950e+03 -1.048730500359941288e+03 3.878405460345563370e+03 4.336275827024781393e+03 7.490802643805652224e+03 1.493854598366594701e+03 -5.940149896274028833e+02 5.345801306835867763e+03 6.735617337954837467e+02 9.582168669769189364e+02 -6.154505680064918351e+02 5.271660594655507011e+05 6.792499024396648165e+05 5.925321997907219338e+04 -3.592863420731318183e+04 -7.532806223262780986e+04 -2.840922965095201289e+04 -6.412218907611085160e+04 -5.370709732909027662e+04 7.859079158334999192e+03 -3.049331917925793095e+04 -1.520846473562673054e+04 -1.803765134851208131e+04 -1.551648948556650612e+04 1.019698881395463650e+04 -9.579337758023997594e+03 -1.661123538004136208e+04 1.170321483962918319e+04 1.268919935544910686e+03 -9.330027413920452091e+03 -1.025654987227976380e+04 -1.273519774993538886e+04 2.487844198814586434e+03 -1.446512892552120093e+03 5.850939902480878118e+03 -3.152956662474473433e+02 -4.459738144679671677e+03 1.618523559357311569e+03 6.077503444100681008e+03 -1.781668315584515540e+03 2.895105340207506742e+03
1.093337848997859837e+05 2.147606487474794849e+05 2.374347232733002238e+04 2.841721277939052015e+04 3.573731884707837162e+04 -4.286842075585334896e+03 2.972938043129500147e+04 2.418733687921840101e+04 8.129634137991361968e+03 -3.990848387738566885e+02 5.872365372116776598e+03 7.075886628019932687e+03 9.987603228435753408e+03 8.416366950866087791e+03 8.950350794938200124e+03 1.015623123312347598e+05 8.779109990246475718e+03 6.840345436336270723e+03 4.159024881170556000e+03 2.598551523740984067e+03 7.403002627373347195e+02 7.824779049766009393e+02 5.504968595096932404e+03 3.570126380670619710e+03 6.630482914353936394e+03 1.687875378694201572e+03 9.182781876601325166e+02 4.858943902521744349e+03 6.890350248558672774e+01 1.334560455632067715e+03 1.247873579512096476e+05 4.856123818894505384e+05 1.338565203796460628e+04 1.826116925249347987e+05 6.223744979484671785e+04 6.695137843636717298e+04 6.255863292907971481e+04 4.110963879553713923e+04 -8.164935840088435725e+03 1.507557909734837995e+04 6.250503731183300260e+03 -5.235216737972535157e+03 1.419772504491672225e+04 9.548481401582377657e+03 8.239750369823661458e+03 2.297588754521089504e+04 5.958453114622962858e+03 4.580341875252851480e+01 6.165470787419604676e+03 -7.341703880358090828e+03 1.333761163440595510e+03 4.770939900764356025e+03 -2.048971376645359669e+03 7.984462610135904015e+02 -1.381378086315972268e+03 1.084786537243709517e+03 1.429233705553871005e+03 2.988232937006859629e+03 -2.862014293085672762e+03 2.504964461199704601e+03 -1.148154262077883614e+05 -5.845788969409571728e+05 -3.227812081718587933e+02 3.875060212991866283e+05 -1.396478584924319421e+03 4.248112244717404246e+04 -5.256830330609005614e+04 -7.974038986120421032e+04 -8.467453979250722114e+03 3.392817309778334675e+03 -1.831232441784376351e+04 7.204794890824143295e+03 1.101854078351701355e+04 -8.343684663068490408e+03 -5.800346114526266319e+03 1.239842864818104545e+03 1.117403202994670573e+04 1.266839682837861801e+04 -1.579581756764801503e+04 -4.072074757047976163e+03 5.245937084909041005e+03 -4.264831726768280532e+03 -1.433746379032048253e+03 -2.353118163971932063e+03 1.791290086620242846e+03 2.635519604414398600e+03 7.313709021672468680e+02 5.970100965730175631e+03 -5.899376773152125679e+02 3.459630461372436002e+03
-9.196469542603098671e+04 -8.250021524887831765e+04 3.518268070841739973e+04 5.590355368339377310e+04 2.268033473689965103e+04 1.859779800263983998e+04 2.203540972572428655e+04 1.589789162175696219e+03 1.440495038980663230e+04 1.355990159510868398e+04 -5.391242239551313098e+00 2.476222220365092198e+03 9.934108097064459798e+03 -1.397271394181449580e+02 8.742947383724178508e+03 8.779109990246475718e+03 7.075680423353685183e+04 5.194654619816526974e+03 8.101756416825285214e+02 5.941385377094771911e+02 2.555533914535385975e+03 6.451779208786457502e+02 -1.263146905590975166e+03 1.983772654769778910e+03 1.382920335237878589e+03 8.256075453215242987e+02 3.828272923556490781e+01 3.708800594064427059e+03 1.856109813599141489e+03 1.149378886790410434e+03 4.197787383290060097e+04 3.556450600239566993e+05 -1.200914019864338479e+04 -1.756054002557207423e+04 -3.308984626940529415e+04 4.795267155357141019e+04 2.685636958812033481e+04 -3.631275602172970684e+04 3.413911899848047597e+03 6.088725497310961146e+02 -7.553314079394835062e+03 -1.262691873505761578e+04 4.603198376514999836e+03 1.730437872880565919e+04 -9.877520703562953713e+03 9.772174755206282498e+03 1.948799878483629800e+04 5.898839483936641955e+03 2.012766381897287602e+03 -5.168427687274775053e+03 -5.674824308483575805e+03 -3.831148952605789418e+03 -1.452902360012245936e+03 -5.708668478948999109e+03 -2.917562874823457605e+03 -1.484183263510604320e+03 -1.036016465388316647e+03 -3.760904666887930944e+03 3.091251222461679390e+03 -1.605697016457988184e+03 7.662745704531502270e+04 1.131777064328862180e+05 -8.330498236535061733e+04 -9.478134693624098145e+04 1.924647057402754945e+04 -1.453950932536930122e+04 -3.962869567171495146e+04 -2.471782601254987458e+04 -2.567348563547804588e+04 -1.338001555500577706e+04 -2.733439053485815293e+02 -1.111208161139488220e+04 -1.894446487030234130e+04 -2.577779853182204079e+03 -1.448917139937201318e+04 7.572431388674856862e+03 1.364484699030514821e+04 1.606572952575872932e+03 -1.008607128842214843e+04 2.817549267263472302e+03 -3.098728417169507338e+03 7.438336900610254816e+03 -1.731629670994725984e+03 5.120708687955841015e+03 3.680115698941451228e+03 -5.334064210865752102e+03 -6.079187722133770876e+03 -4.360059995036769578e+03 -1.436371915247384550e+03 -1.161806110398456440e+03
