2.568367726211164594e+08 2.644368586615020782e+07 9.030680125130623346e+05 1.492238845519048919e+05 5.356988367812173674e+05 1.221733760407895781e+06 3.807712000376526848e+05 7.720385186661641637e+04 3.852472625482584699e+05 -6.579247216246799508e+04 -1.957342910313041939e+05 1.385730303630661219e+05 1.787132961991765769e+05 1.763055760880513990e+05 -3.540515842830961628e+04 9.685113868107904273e+04 6.382611284169703868e+04 1.350448751396709704e+05 6.274635047775138082e+04 7.889761799546763359e+04 -3.772118227306733024e+04 9.624838391514777322e+04 -1.665247452954728215e+04 -4.456317607444765599e+04 -1.076964006689989183e+05 -8.152946940798530704e+04 -6.182498541128102806e+04 -6.386900953052856494e+04 3.730804566398263705e+04 1.918061145763129025e+04 -1.382290606326620877e+08 -3.025590316483726352e+07 7.413630775121090701e+05 1.690278858546249336e+06 1.927657737461386714e+06 4.865090547912117909e+05 2.511025739045816939e+06 6.024148468893598765e+05 -1.569174613491923665e+05 -4.048957815407817834e+05 3.535837796229403466e+05 5.411664885637668194e+05 2.413706199386993831e+05 3.726320854552326491e+05 4.566307768180841231e+04 -6.959607187295818585e+04 -2.437141654717426572e+05 -1.475770495914497878e+05 1.487093846819926694e+05 8.254753268500404374e+04 -1.952999202656910638e+05 -7.399912990253105818e+04 -3.383458850748507393e+04 -2.724551003399152614e+04 2.028047994323850435e+04 -1.202369813646224793e+05 7.333302154547725513e+04 -2.384098873042807681e+05 2.257502715791511582e+04 -2.743748785511926326e+04 2.279553417565228790e+07 2.263807903779286519e+07 7.009756450576068833e+06 -3.702299451005419251e+06 7.157351580462781712e+06 -4.686146599051384255e+05 6.195763134485814953e+05 1.333850004879095592e+06 3.476717164452745928e+05 -3.217485743010262377e+05 -6.909062774553038180e+05 -6.203834416642887518e+05 -4.000686001829787856e+05 3.091810762739762431e+05 -3.927489083693349385e+05 3.273623223416385008e+05 -2.920761091520988266e+05 3.712175959735266133e+02 -9.977118172244535526e+04 2.196748969253430550e+05 -9.318978016294159170e+04 5.953117715961224894e+04 -3.579493583326257794e+04 3.247125517383253464e+04 -4.504556443590111448e+05 3.976285841973647621e+04 -2.065168516890831525e+05 -7.659972584456930053e+04 1.911516472048039577e+04 1.123944099854853630e+04
2.644368586615020782e+07 5.888207493900053203e+07 8.532375619821256027e+06 8.399912711868208135e+05 6.580361519736617338e+05 1.455173750268106523e+05 4.458328047177232220e+05 6.818206850589250280e+03 2.017630597853438230e+05 -1.000053084677011211e+05 1.392045809623193636e+05 -6.872394533108968062e+03 2.759584173230688248e+04 7.437260222964748391e+04 4.786957968687488756e+04 9.224999001248704735e+04 2.093705940595763605e+04 -2.676898150803522731e+04 9.310440438034160252e+03 1.210021741621385627e+04 3.452755539051302912e+04 7.859114029287535232e+03 1.526980959855647598e+04 -5.587075518131994613e+03 9.320895135728656896e+03 7.174278397555687116e+04 3.212660692013368680e+04 8.525423088501702296e+03 -6.873279975082123201e+03 2.609192712297292746e+04 -1.529023981090895366e+06 2.146523446962745488e+07 -2.428778173988900147e+06 -4.424818090164329624e+05 1.025866004964942462e+06 -5.235716009787824587e+05 7.759584906443613581e+05 5.306510441217608750e+05 -1.629770258193736663e+05 -3.049516338593332912e+05 -1.689477877956668672e+05 8.574142539636501169e+04 2.672387460948987791e+04 -8.194780381219377159e+04 9.229166699875985796e+04 1.052242453604066250e+05 3.540517052464813787e+03 -1.225090492086032609e+05 -1.769298037540559017e+05 -9.178866285938423243e+04 -2.831967430364993925e+04 2.801779672675615075e+04 2.963333757100565708e+04 -4.825964713882772776e+04 -4.294255887115361838e+04 5.117400950072093838e+04 1.847259511589026806e+04 -9.396241596297104843e+04 7.049021040932982942e+03 3.765713600197265623e+04 -6.161827365526414476e+06 -1.038914390293413959e+07 -2.694709841230345424e+06 -1.422115418142722221e+06 6.407449549397088122e+05 8.160898596264920197e+05 5.696390441103067715e+05 9.785615546236366499e+05 2.041279245486103464e+05 -1.497323234145198658e+05 1.878365863835324417e+05 -5.702662953246611869e+05 -6.788105856185898301e+04 -1.069635927126988245e+05 -6.478840336176029086e+04 2.490968341117351956e+05 5.620375210471660102e+04 5.109010431104273448e+04 1.028852742284820415e+05 -9.747333545889913512e+04 -5.891542976178497338e+04 2.707857928293228906e+04 1.447462340583601508e+04 2.235460020858233838e+04 -5.007288337839226006e+04 -2.737475135550236155e+04 -1.333757016112202546e+05 -2.568011117974892477e+04 8.976605011568921327e+04 7.637680825600741082e+04
9.030680125130623346e+05 8.532375619821256027e+06 2.128766002314523980e+07 3.571857224262797274e+06 2.541935271929923329e+05 1.462896428992914734e+05 -5.936592764678831736e+04 -1.005015654866913064e+04 9.130474025265527598e+04 9.217799199415483599e+03 6.175114558416487125e+04 1.396761327145608084e+05 6.838459887397357670e+04 8.563244579712365521e+03 -3.252849235250414495e+04 1.944045951039204738e+04 6.749017199453239300e+03 -1.199164992917878772e+04 3.372516994563747721e+04 4.415814791068447812e+04 1.146898511177403634e+04 -1.515192023120338945e+03 5.555531386490407385e+03 -8.638622765566266025e+03 1.228654058921595242e+04 2.835035654383727160e+04 2.751023049658953096e+04 1.459208539001820827e+04 3.997606644775163659e+03 -9.929769412559500779e+03 9.471519198900725693e+06 6.480412514202757739e+06 1.571983375040478073e+07 3.649035922812088393e+05 -2.193932746396223665e+05 2.585335860059674887e+05 -1.769401833444827353e+05 3.572160240834968281e+05 3.899167009591457318e+05 1.392756289296426694e+05 2.463394505026213301e+05 2.272993037169089366e+05 -2.958398667363910590e+02 6.904667473278177204e+04 1.012373324560722249e+05 1.486637973690001236e+05 8.504273057078440615e+03 -6.623047506351479387e+04 3.284277474375932070e+04 3.779212417617654137e+04 7.692798919542302610e+04 1.054053876783887063e+04 -4.512941922188052558e+04 -6.163395216068244918e+04 -4.763540893094506464e+04 -4.673433469556576165e+04 -1.513300983460413136e+03 -1.523793630414351719e+04 -3.272416621831429438e+04 5.526113153478900131e+02 -5.013532766433448531e+06 -4.948271937787759118e+06 -2.855555337019999861e+05 -2.691433716917613056e+06 -5.764696172966614831e+05 1.068672670375684043e+06 -6.900635102755289699e+04 3.575848198074981337e+05 -5.630361379667260189e+04 2.212796993900253801e+04 2.845552693595453748e+05 -2.350696949401719394e+04 3.333007005932946777e+04 1.221609244401263568e+05 -4.531358515899396298e+04 9.482931770580419106e+04 -8.640507867885708401e+04 1.948039154188520479e+04 7.084203573129082542e+03 -8.356896513394986687e+04 4.717298173555584799e+04 -1.492876109932457257e+04 8.306512494169450656e+04 -2.908978912856545321e+03 -1.087733119703287666e+05 -8.816049430432810914e+04 -1.892743089808417062e+04 -1.594097174001855456e+04 5.152099299577631609e+04 6.013816466103622224e+04
1.492238845519048919e+05 8.399912711868208135e+05 3.571857224262797274e+06 8.132779734990336932e+06 9.222263379167414969e+05 3.197841518999915206e+04 2.442164335526212017e+04 2.574119606866559934e+03 -1.942676163921535044e+04 2.309631821956401109e+04 -2.691581048812147856e+04 5.358524803520652495e+04 3.261251474743088329e+04 1.172144030811128323e+04 -2.417103388762426039e+04 -5.682171211097668674e+03 -1.588688660631739367e+03 -2.875820798584835575e+04 -3.754687289151366713e+03 -2.660984292471253809e+01 -2.708829867037878557e+03 7.758544445277764680e+03 5.543244682786623343e+03 -1.741190924490977704e+04 1.207765597413060459e+04 2.404550564340453275e+04 4.619445264786575535e+03 3.671301163211091989e+03 1.409366391922449657e+04 -1.005462796342594265e+04 5.258283254940499552e+06 1.344687327169755939e+06 1.405200289246784523e+06 6.130108494231522083e+06 1.616095269576309365e+05 -5.862462570836248342e+05 -3.453001057408923225e+04 7.155546586830409069e+04 1.728509514671835932e+05 1.130100646205049852e+05 6.136599860335756966e+04 1.102552761245731817e+05 2.198397973801006447e+04 -4.981598435697097011e+04 2.129644022258595214e+04 6.934770812078208837e+04 2.524385814975413086e+04 5.338866361511473951e+04 2.760676967205917390e+04 2.075979708606228087e+04 -3.428705289199142862e+04 -3.020271836672619247e+04 -2.583165682678997109e+04 -3.063973371080984361e+04 2.065937738750888457e+04 2.475853443041772698e+04 1.165240334880923001e+04 5.391401154365321418e+04 -2.208354259002564959e+03 1.694960196497470315e+04 -5.540238081028211163e+05 1.245613105471766088e+06 -1.068848051231194753e+06 7.495671752781779505e+05 -8.593468561990773305e+05 3.785114670150673919e+04 -1.053919797525222093e+05 -1.124335175985471578e+05 -1.224700748403414182e+05 9.462865000429983411e+03 -5.016975359170239972e+04 -7.953424198523382074e+04 -6.881005987510569867e+03 4.967121220537169575e+04 1.937259503533400857e+04 -8.830985815561204799e+04 -5.716100106206792407e+04 2.791302833427285441e+04 -7.386627255727189549e+03 7.706697617889801040e+04 -3.101777245043138578e+02 -4.859098238812742784e+04 1.931639190814266112e+04 -3.770065592559619836e+04 -2.571368213107353222e+04 -1.201401380260527185e+04 -1.217607883343426874e+04 -3.998140292692249932e+04 6.196239867691259860e+03 -1.542330162588615167e+04
5.356988367812173674e+05 6.580361519736617338e+05 2.541935271929923329e+05 9.222263379167414969e+05 3.107650284571409691e+06 2.979346788175361580e+05 4.273193427531776251e+04 7.823161219434169470e+04 1.926159152649725002e+04 -2.709503845971540431e+04 3.898998297852271935e+04 4.270172966512579296e+04 2.058796558991905113e+04 -7.586742993474381365e+03 1.332035964745255842e+04 1.872322355934181178e+04 6.094011040393458643e+03 -1.478250755346744154e+04 6.100710484560179793e+03 1.729744886649339969e+04 9.858546040943956541e+03 2.379865554551556670e+03 1.003736944488464724e+04 4.316457206027669002e+01 -3.102815557236468891e+01 3.638515943407864143e+03 3.449103494953586051e+03 -7.138274414506549874e+02 -7.448347515121095057e+03 5.643372801351464659e+03 2.028123497073801002e+06 1.793862440879066940e+06 6.798678011495085666e+05 6.314482256219793344e+05 3.017335053985014558e+06 -1.353843671427265508e+05 -1.752163856431143649e+05 1.563765659523175782e+04 9.139314263769770332e+04 -1.909521064317525816e+04 1.851927627353669959e+04 1.484560977127380738e+03 4.341012553967074200e+04 6.506329331124328019e+04 -2.523954794463603776e+03 -1.878745971282670871e+04 3.703091495447303896e+04 2.323191926814437829e+04 1.182594314423172182e+04 1.096327638994117115e+04 -2.103628936814406552e+04 3.419365568082926620e+04 1.006086325494505763e+04 -1.772927576281926667e+04 2.502562273555988213e+04 3.091105986458640473e+04 1.320105206017605815e+04 4.228107915083082844e+03 1.410056763530487478e+04 2.003662065131413328e+04 -1.468930164019739255e+06 -8.599212313853936503e+05 -1.740580100816803169e+05 7.547173230399725726e+05 5.232138269527283846e+05 -3.085340560340767261e+05 -2.913206881282510585e+04 -4.546665147762031847e+04 -1.873209873436212656e+05 -8.561771723561898398e+04 -6.790352880063249358e+03 -5.222067827605023922e+04 -5.533928220026638155e+04 3.334297795344232873e+04 -1.553706632066822385e+04 -5.270128444089350523e+04 -3.124196081723061525e+03 -9.357306358311008808e+03 -1.462099822268942626e+04 1.777346689454645457e+04 2.265581784771913954e+04 5.170489388965212129e+04 1.683030719887576925e+04 -8.364182957953021287e+02 -2.996098123528494762e+04 -1.917596353791161846e+03 -4.400024914087101138e+02 -1.201441019311074342e+04 2.259588816103316640e+04 1.353471825367651718e+03
1.221733760407895781e+06 1.455173750268106523e+05 1.462896428992914734e+05 3.197841518999915206e+04 2.979346788175361580e+05 1.713828326061001746e+06 2.832860425467881141e+05 2.857726961874588960e+04 6.616054736276126641e+04 5.158773598203348956e+04 2.319771340680998765e+04 2.528342836774347961e+04 1.286678777052928308e+04 2.456735701392300689e+04 7.914380885783964914e+03 2.835372817646144540e+04 1.906461443966017032e+04 7.736844615905088176e+03 5.440025232347843485e+03 6.554331409997630544e+03 3.841353618645130155e+03 6.548970770373301093e+03 5.666158966650247748e+03 3.728351819021334450e+03 7.804320403387117949e+03 6.024189000409415712e+03 -1.886543285622736121e+01 4.344480987265150361e+03 3.687151717224998265e+03 -3.086343445001169130e+03 9.211688410841547011e+03 -5.504238729395422852e+05 2.369753564584359701e+05 1.334493956573191681e+05 3.637156646665617009e+05 1.629589235286696814e+06 2.010513838517336117e+05 2.736581875460431547e+04 2.395498005807405571e+04 2.486430241453578856e+04 2.237437902993757598e+04 7.149258015668213193e+04 8.053872911154164285e+03 -3.286486759289968631e+03 2.431245126566213003e+04 4.158530427219577541e+04 1.068227843397251672e+04 -1.044205875382958766e+04 -2.058433376431370561e+04 8.170601515713534354e+03 1.086643376938458277e+04 2.921561323283177262e+04 3.108914035586369209e+04 1.863867786123285259e+04 2.258704686220044823e+04 1.636790712811119738e+04 -3.778407495077956810e+03 2.384657150501458091e+03 1.110763512012660613e+04 -1.048990733590703712e+03 -8.239063205430469243e+05 -8.360957640988799976e+05 2.439114945369726047e+04 -1.197116490194848884e+05 -5.211352402575027372e+04 6.850873723706282362e+03 1.877739118912407139e+05 5.090294411426509032e+04 -2.786857667977054007e+04 -5.377998137720661907e+04 -1.171168277188908360e+04 -1.013653798564704266e+04 6.849398454802780179e+04 3.214015332452160874e+04 -1.336607758047655079e+04 1.749080276260057872e+04 4.492048450679991947e+04 8.434825259919129167e+03 -2.317553243848027250e+03 1.080414803381191086e+04 5.158150086993045988e+03 -1.724985227029566886e+04 -1.348576806421100264e+04 8.116513058853648545e+03 1.738958865390302526e+04 2.882284878369914077e+04 3.361616294356474555e+03 -6.389656434189494576e+03 -1.949164334163565172e+03 1.156203307884541573e+04
3.807712000376526848e+05 4.458328047177232220e+05 -5.936592764678831736e+04 2.442164335526212017e+04 4.273193427531776251e+04 2.832860425467881141e+05 1.028990747209482244e+06 2.002332347944268549e+05 4.793232827814621123e+04 2.347528201599804743e+04 1.245410498110955814e+04 7.047087405284446504e+03 1.622045496522106441e+04 1.522937503847021799e+04 4.192293012594152060e+03 1.338686387492327958e+04 9.293451458201629066e+03 6.740024794070215648e+03 2.171942113582187176e+03 2.827414783399146927e+03 3.285834919606070798e+03 3.815512289197216887e+03 2.070136333169988575e+03 2.290741221067551123e+03 6.086420311449376641e+03 -1.449433340754272876e+02 -3.903413570367381908e+03 -8.935999504820848642e+02 4.054586676732117667e+03 3.737970741126476241e+03 1.426062997017956339e+06 -7.114915832137518737e+04 -6.094839799799743341e+05 -1.106695803743928554e+05 -1.340664384669216815e+04 1.240341995896782610e+05 8.562068804794125026e+05 1.441020010371871758e+05 5.774505413031335593e+03 3.384999301338461373e+04 2.340644373219018235e+04 1.170124020811989794e+04 -7.383816846198486928e+03 1.450459726854664041e+04 3.290855049302514817e+04 -1.771170064673803790e+04 -1.416748926263466956e+03 3.424299174477536144e+04 1.996899640151151834e+04 6.729552745947443327e+03 1.449971132460873378e+04 2.041548997829582504e+03 2.030336324721565688e+04 9.216972486955468412e+03 5.440950197681965619e+03 -7.531439370719493809e+02 -3.303256261729943162e+03 1.214581532981379496e+04 -3.677556929014087018e+03 7.161657851766511158e+03 1.943777859330093634e+04 -1.156487323824701365e+06 -9.290406707840065937e+05 -7.992026417934597703e+04 -1.639441437313170172e+05 -4.499931308905311016e+04 1.059791286273421429e+05 4.312873484828062828e+03 -9.914631269717254327e+04 -2.480934682179883384e+04 1.372087364745642299e+04 -1.764307361989737547e+04 -1.978437063705459150e+04 -1.894126894088844347e+04 3.777054895248396497e+04 -3.206645315137040961e+04 -2.307098123324026892e+04 1.374280913789021361e+04 1.041168488871473892e+04 -1.370690517162712013e+03 3.105902696659093635e+03 -1.389835327362925273e+04 -1.906106526679108356e+04 2.894377059832920168e+03 7.851898232920963892e+03 1.706425631553446465e+03 -1.893331709281692383e+03 8.823639803306788963e+03 3.548023887876379376e+03 8.497355722500569755e+03
7.720385186661641637e+04 6.818206850589250280e+03 -1.005015654866913064e+04 2.574119606866559934e+03 7.823161219434169470e+04 2.857726961874588960e+04 2.002332347944268549e+05 5.930237157950615510e+05 1.100945599191052897e+05 1.854475862167304876e+04 5.962536064560630621e+03 1.067924499118672065e+04 8.646292120715239093e+01 1.031432806354769855e+04 -9.294876929613192260e+02 4.040616325803421205e+03 7.546603832365084600e+03 8.667183457753762923e+03 8.258328261913386086e+03 1.190759934766650622e+04 1.160860310053038484e+04 3.407291328315696774e+03 5.226539894607716633e+03 4.381183369316127937e+03 6.792755526497240680e+03 -9.947923128668106756e+02 2.081784741304781164e+03 5.038299485027173432e+03 3.382279749302280379e+03 3.947773071259921835e+03 3.614327149257526034e+05 2.401081226442199550e+05 2.265997792068028939e+05 9.007833044223363686e+04 -1.579086173932586644e+04 -7.163108715298744755e+03 2.386229603930078447e+05 5.515623775289318291e+05 2.543497017136475188e+04 3.663343395391960075e+04 1.767105072332594091e+03 1.899102472511039377e+04 -8.645090676821309899e+03 1.924142042458933793e+04 -2.803134542214368139e+03 -1.705352928019124010e+04 2.021398180022670567e+04 -4.375741431784554152e+03 3.586567465775066466e+03 6.411140429527110427e+03 8.006675678413269452e+03 1.005330106872323449e+04 2.889861587386862084e+03 -2.905715936219314699e+03 7.372218392817410859e+03 1.003253800370855970e+04 1.034035965385892450e+04 1.107778507233986784e+04 -2.572060875826881329e+03 -4.220283054840740988e+03 9.057809165767565137e+05 -7.187409614891641831e+04 6.734650989616152947e+04 1.019643240370542917e+05 -1.590086978468978778e+05 -2.088148698255093041e+04 7.334634317896130960e+04 8.644445388274025754e+04 -3.030538568137152106e+04 3.893685200065102254e+04 8.165003884187475705e+03 3.112284562093072509e+03 1.408095279248590305e+04 -5.430085605413670237e+03 2.031618188467819709e+04 1.094733739181915007e+04 -6.274275722303947077e+03 -4.223793895304684156e+03 5.497650268239415709e+03 1.374803274624428241e+03 1.182509701481539014e+04 7.042772089915895776e+03 -9.541370018803550920e+03 1.171285661107873011e+03 -5.535215934077821203e+02 6.323275331958558127e+03 6.307641506438582837e+03 -4.788314892866134869e+03 -1.029483060820188621e+04 6.650135618388915645e+03
3.852472625482584699e+05 2.017630597853438230e+05 9.130474025265527598e+04 -1.942676163921535044e+04 1.926159152649725002e+04 6.616054736276126641e+04 4.793232827814621123e+04 1.100945599191052897e+05 3.716743456829576171e+05 7.273184901714847365e+04 1.441492063086998860e+04 1.860860211850880432e+03 6.172753607345555793e+03 4.343731374771656192e+03 5.340962537855860319e+03 1.049694495606858482e+03 7.768389065189821849e+03 8.073749720888508818e+03 1.036087938037274580e+04 8.885275537224932123e+03 6.367058705946767986e+03 9.165276715249616245e+03 4.386597430832702230e+03 4.794281640806289943e+03 3.418468078664718178e+03 -1.621128637843708930e+03 3.825076693354748841e+03 1.832309281524042717e+03 2.835203632303137056e+03 3.113011773809239457e+03 -2.853796339978931355e+05 -1.691746869115057343e+05 3.515879656936040556e+04 1.161159338743326953e+05 -4.258794958370713721e+04 8.945482461290765787e+04 6.950077533122235036e+04 3.016267559306111798e+04 2.736829636537958286e+05 3.495707841858127358e+04 2.595565088057511093e+04 7.736606100719211099e+03 2.484580219018626303e+04 -5.844174501713458085e+03 -2.496157180934403186e+03 -8.631958470993014998e+03 1.158078611633754736e+04 -2.125225237736080430e+02 1.948402516214808657e+03 3.406486540642807086e+03 4.630223420235506637e+03 7.862272098266099420e+03 -9.391050077088094383e+01 -4.605160954779230451e+03 3.359687609476368834e+03 -4.855505304997593157e+03 5.194451368076128119e+02 4.195438957954157644e+01 8.204717039873006797e+03 1.725705643866738910e+03 4.110167672228363808e+05 5.781226851934752631e+04 2.021839318847035827e+02 -2.440064825961543247e+05 -1.419914745121611049e+05 1.182600709661466681e+05 5.399341135178533477e+03 -1.362962894252668957e+04 4.956495376630258397e+04 -1.249440166731891077e+04 2.424832124431245029e+04 -9.248143080434449075e+03 1.024964535655051986e+04 -1.320296010469241446e+04 -4.428708098949769010e+03 1.732537367130261919e+04 7.910047064412933651e+02 -2.087528441988843952e+03 1.436441808858303193e+04 1.205438024496434264e+04 7.573355217748322502e+03 1.196662885670839614e+03 7.977808642643966778e+03 4.636225812662718454e+03 -1.136521735604879495e+03 6.564334554850881887e+02 5.738692368665861977e+03 8.874186077532673153e+03 5.686069626689693905e+03 6.728836644957632416e+03
-6.579247216246799508e+04 -1.000053084677011211e+05 9.217799199415483599e+03 2.309631821956401109e+04 -2.709503845971540431e+04 5.158773598203348956e+04 2.347528201599804743e+04 1.854475862167304876e+04 7.273184901714847365e+04 2.465746863409892831e+05 3.932024671499994292e+04 4.966001607362512004e+03 -3.514269129326152097e+02 5.889462167709200003e+03 5.170589286510046804e+03 2.593594047816749480e+03 5.221084960877875346e+03 7.209416082399881816e+03 5.259744897651781685e+03 4.553367530984211044e+03 3.935987620228611831e+03 3.734374887090749780e+03 3.963222343159563025e+03 3.645096627421999528e+03 3.288735811427527551e+03 -1.222386843295845665e+03 2.053867440548055583e+03 4.010435931617432743e+03 2.413646706463151986e+03 1.190124853675521763e+03 1.352188368102812965e+05 7.238127936379690072e+04 6.072659035885348567e+04 -9.649155989265386597e+04 -1.631999713203031388e+04 5.475814462632723735e+04 3.787483183743651898e+04 2.771526483210744846e+04 3.901230182484263787e+04 1.624345601754155941e+05 8.799979750115588786e+02 1.219699647243242180e+04 1.168046809283429184e+03 -2.552116673320570953e+03 4.452297994889157053e+03 1.034609195432181696e+04 1.073843966304216337e+04 2.145423005382675910e+03 8.686761475219693693e+02 4.410321258721449340e+03 7.068735382375890367e+03 1.269571807253358929e+04 1.170303841311928772e+04 -7.478021612396992168e+03 5.850130678080931830e+03 5.889495475715076282e+03 1.388697162160916378e+03 2.294420598111063100e+03 2.765307881492748265e+02 -2.196973823755221474e+03 -3.822524403772751248e+04 -1.901234685044875077e+05 -2.622788761693479610e+05 -1.458306601008318248e+05 -1.001532012887197052e+05 -1.492746712717556693e+04 1.964299932723332677e+04 2.701361511703323413e+04 2.273674840845236758e+04 1.600023427396742363e+03 9.438554230025229117e+03 6.623971298597891291e+03 1.638906101056035186e+04 1.113907118827285012e+04 1.253024452439547895e+04 1.825291521004121023e+04 3.558050226732881924e+02 -2.361975798567541915e+03 4.352183247573723747e+03 1.562288441201860769e+04 3.749087786704349128e+03 1.066180552309593423e+02 1.316601832449301037e+04 5.316201626378081528e+03 -6.541505444282059898e+02 -3.757839524684225552e+01 -3.382713747089359913e+03 8.389721173304535114e+03 -2.684975662351637311e+03 -3.920024715370220747e+02
-1.957342910313041939e+05 1.392045809623193636e+05 6.175114558416487125e+04 -2.691581048812147856e+04 3.898998297852271935e+04 2.319771340680998765e+04 1.245410498110955814e+04 5.962536064560630621e+03 1.441492063086998860e+04 3.932024671499994292e+04 1.640995244712732674e+05 2.476234261905598396e+04 3.859081412538685527e+03 6.222828160599340663e+03 3.640511827417876702e+03 4.891342049309182585e+03 3.310004591883055127e+03 6.063869403289300863e+03 4.019496739954929126e+03 3.520468844395157703e+03 2.252462345368544902e+03 3.358813347168455948e+03 2.096333596620580010e+03 8.917065620524451788e+02 -9.021877074898927731e+02 5.269345545845633296e+02 2.263636110612004813e+03 3.089687955463323377e+01 4.307138777627496324e+02 -4.082492121778537921e+02 1.041383776000506186e+05 2.242548602424481651e+05 3.918436808362390730e+04 -1.570571761040206766e+05 8.121301188505100072e+03 -2.459762936213951980e+04 3.823207269585014728e+04 4.997697301603703818e+04 1.503454678254407554e+04 1.295704370618767825e+04 8.426276775496818300e+04 -7.311977533553830654e+03 9.984994894680206926e+03 -4.932987574511921025e+02 5.438121051924984386e+03 1.047181825674364700e+04 9.075500747442929423e+03 6.583434950618778203e+03 5.373667133139963880e+03 2.761952024061490079e+02 -2.204058113946537560e+03 5.429328423344028124e+03 1.129054213454077035e+04 1.537046092836482330e+03 -2.902494103978255225e+03 -2.922708339686574618e+03 -3.740053890028560772e+02 -1.084423599801020686e+02 4.696293822064475535e+03 -1.316014834126010328e+03 2.494524452938515969e+04 -1.786288727686901111e+05 -2.081659976774149982e+05 -1.284185117189434095e+05 -1.176716438342974579e+05 -4.736984518669635872e+04 7.668138406089239288e+04 5.506476238871946407e+02 -1.300371596661106378e+04 -2.080031187726530788e+03 1.350550699242243172e+04 4.649233184296664149e+03 7.677978949104966887e+03 1.019230669141876206e+04 4.390861619009519018e+03 3.988125927018832499e+03 -7.678656864482440142e+03 -6.166790510126009394e+03 -6.788704136296526485e+03 7.244361498201992617e+02 -1.142742011726704277e+03 2.598013765668167252e+03 1.373473107392318980e+03 -3.315907478804112998e+03 -1.954953240417091820e+03 4.200807306036231239e+03 6.007003937470144592e+02 1.533628744286623487e+03 1.909604624371581167e+03 -3.021978119413131481e+02
1.385730303630661219e+05 -6.872394533108968062e+03 1.396761327145608084e+05 5.358524803520652495e+04 4.270172966512579296e+04 2.528342836774347961e+04 7.047087405284446504e+03 1.067924499118672065e+04 1.860860211850880432e+03 4.966001607362512004e+03 2.476234261905598396e+04 1.080346741464525549e+05 1.831345829969232000e+04 4.093734953729131121e+03 1.252404661944312238e+03 2.211946049228824450e+03 4.786038594376017500e+03 4.687735278270335584e+03 7.844275771950649414e+02 1.951323197482435944e+03 1.647578229380430230e+03 -4.578276339582017584e+01 -6.983869604150144994e+01 -3.129006593042784061e+02 -9.342910247050483576e+02 7.412887268138197214e+02 -2.207126710096448278e+03 7.144694261544027540e+02 4.484492784402293069e+02 -4.245115143443603074e+02 5.324022700608914602e+04 3.031066119334630785e+05 1.604980409582346620e+05 -4.763796569490648835e+04 -1.314773681162772482e+04 7.356850883469333894e+03 -1.033812281925040043e+04 4.231355986825553555e+04 6.697689372117833045e+03 -1.094408730352351995e+04 6.205497425353303697e+03 5.216836018420560140e+04 1.548328461962340270e+03 1.194629614745766958e+03 7.730627978637166962e+03 3.143469485393964533e+03 6.678947587833120281e+01 4.869124032230760349e+03 4.798353553301009924e+03 8.409371468409879071e+02 3.523438189881443122e+03 5.337857475454670748e+03 4.799149957481867204e+03 5.002876909807290758e+03 5.000280386463854484e+03 -3.287265278400300303e+02 -1.377531317630215199e+03 9.687324300788902747e+02 1.351960566959477092e+03 1.450354835792614267e+03 -1.491453153773951344e+05 -2.094141589586156479e+05 1.833288959482232895e+04 -1.385403640643629769e+05 1.741502115296696866e+04 -7.272826854068761168e+04 2.708305450082336392e+04 3.764015393035385932e+04 1.682787756270268437e+04 1.948238786035763405e+04 1.220871138066397180e+04 1.753554701152876760e+03 -1.566015475887206594e+04 4.492515694576691203e+03 2.434195546991251376e+03 2.253648188360909899e+03 -8.832326668796820741e+03 -6.622612919958958067e+00 5.171642217886571416e+03 5.202815754673410993e+03 -1.360028133538782868e+03 1.585681812097024704e+03 -3.704282684647454062e+03 2.523079186793205864e+01 -4.060287638900175580e+02 7.096854705436815038e+02 -1.897246290429096689e+03 -1.236297293887942260e+03 9.149736887995441066e+02 1.261638234848951925e+03
1.787132961991765769e+05 2.759584173230688248e+04 6.838459887397357670e+04 3.261251474743088329e+04 2.058796558991905113e+04 1.286678777052928308e+04 1.622045496522106441e+04 8.646292120715239093e+01 6.172753607345555793e+03 -3.514269129326152097e+02 3.859081412538685527e+03 1.831345829969232000e+04 8.731090478499997698e+04 1.715535506717910539e+04 3.930928291781393455e+03 2.436972624101292695e+03 2.021117880084854960e+03 1.936676822372244942e+03 1.386971936663451515e+03 8.346594692338418326e+02 2.533984635509767429e+02 1.351957705848051319e+03 7.918484673060884234e+02 1.701373117304685138e+03 1.145086519523317975e+03 2.249284133690141061e+03 6.988537063337689688e+02 3.911791875243508088e+01 -1.745277708500831295e+02 1.520275869695166193e+03 -3.743390200563340914e+05 1.329439420045892766e+05 8.281261703628271061e+04 -3.578489494017204561e+04 -2.418496464940090664e+04 2.075555405466504089e+04 -1.313251986527727604e+04 4.369661499278391602e+03 -8.226223825372089777e+03 -2.769682144668666660e+04 6.868025324840446046e+03 7.145058596081446012e+03 5.201973489751640591e+04 -5.184547124696685387e+03 1.111304855203139778e+04 1.465186190698863129e+03 3.186703949020010441e+03 3.036963812678044633e+03 -6.369480145119829331e+02 -2.659266612336479284e+03 -2.334508182490261788e+03 -1.542768950422678927e+03 1.747138887077399261e+02 1.478030339468730062e+03 9.744291203831239727e+02 1.236129227340428542e+03 7.796761530647336258e+02 8.330546318934407282e+02 1.763733698577291534e+03 1.156875163200051702e+03 1.425715969573301263e+05 9.970125542520581803e+03 -4.687595846529879054e+04 -1.783603020702554932e+04 -1.033341686963336251e+05 -3.643437885189180088e+04 1.892763566638628618e+04 -1.082585184901920366e+04 -1.667822897911994733e+04 -4.837453188542220232e+03 7.322056018738632702e+03 8.716705103453448828e+03 3.706336549453560110e+03 -7.141401878966968980e+03 -1.200156081518180599e+03 5.982195006317999287e+03 -1.328537709008975617e+04 1.168798704183945802e+03 2.544939673545363803e+03 1.902540152338778171e+03 -5.001428380700495836e+03 -1.554484233175411418e+03 -7.522697256190245753e+03 1.039579221081545029e+03 3.385780589906113619e+03 -1.616838041487548935e+03 3.029234841855591753e+02 -8.177797737745139557e+02 -1.541925748935373349e+03 1.046198185762798403e+03
1.763055760880513990e+05 7.437260222964748391e+04 8.563244579712365521e+03 1.172144030811128323e+04 -7.586742993474381365e+03 2.456735701392300689e+04 1.522937503847021799e+04 1.031432806354769855e+04 4.343731374771656192e+03 5.889462167709200003e+03 6.222828160599340663e+03 4.093734953729131121e+03 1.715535506717910539e+04 6.800825881733646384e+04 1.467650901557790530e+04 5.567818442828875050e+03 3.589375578491303258e+03 5.462063976575834204e+03 5.175074894477316775e+03 2.974173764030565962e+03 1.623006707973521316e+03 1.067611654273620729e+02 1.079352947876614735e+03 1.024508842563194548e+03 2.630731788096567925e+03 3.939412594390604028e+01 8.899005453076348431e+02 6.939040383228242490e+02 1.702977955109390450e+03 1.430875090890429647e+03 -8.667526177822888712e+04 2.817639612393117277e+05 1.680726701186514983e+05 -2.148167440915725820e+04 -3.454369116177015530e+04 2.098716432149030152e+04 3.572737041021038021e+04 2.229933344282477992e+04 1.198227125848726610e+04 -4.553509946048537131e+03 1.880179399144730041e+03 3.493410673338510605e+03 4.875052385397646503e+03 2.428837410385160911e+04 4.952297736664710101e+03 -5.265137261873633179e+03 4.762287099682623193e+03 4.906916696455607052e+03 5.469564075332992616e+03 4.020261565362393867e+03 2.751847328834363452e+03 2.662907101421540574e+03 1.945547029077268007e+03 3.976665168406957491e+03 2.858946090004075359e+03 1.221658871210712931e+02 -1.854488541429551560e+03 -1.042963285837383012e+02 2.176614258463671376e+03 2.561226652057592332e+02 -1.006351338254681177e+05 -1.447740295118585054e+05 2.271375734845998159e+04 5.558952779975497106e+04 -6.593314983468711944e+03 -1.125922546387879811e+04 -6.546479879197697301e+03 -1.789865578453283888e+04 -5.053535847977601406e+03 -1.536379737822958668e+04 -1.237639990499865235e+04 -1.013225723934502457e+04 2.185047689252522559e+03 6.980165088985032526e+03 8.763180224576459523e+02 2.020139477573945214e+03 -9.229195787270680739e+03 -3.115014603486149099e+03 1.073114221684192898e+03 -8.224746542763626849e+02 2.734186403720117369e+02 -1.398883218854956340e+03 -5.573199898644647874e+02 1.636991317066134798e+03 4.636631844910096333e+03 -2.697861819564180223e+03 8.325010882956278238e+02 1.286484660798888399e+03 1.600190336573838749e+03 1.577074638261148493e+03
-3.540515842830961628e+04 4.786957968687488756e+04 -3.252849235250414495e+04 -2.417103388762426039e+04 1.332035964745255842e+04 7.914380885783964914e+03 4.192293012594152060e+03 -9.294876929613192260e+02 5.340962537855860319e+03 5.170589286510046804e+03 3.640511827417876702e+03 1.252404661944312238e+03 3.930928291781393455e+03 1.467650901557790530e+04 5.115375393926987454e+04 9.609176975151531224e+03 3.078267537005953727e+03 1.600029264312040823e+03 2.148297688194312741e+03 3.471863426373604852e+03 2.445492150735436098e+03 1.501539604827492212e+03 1.337814752087843544e+03 1.267096248170742228e+03 1.129984371422307504e+03 4.292628631712017295e+02 7.442555879775869698e+02 8.873008227222062487e+02 1.313565539065805979e+03 -2.255028735763707175e+02 -1.890244337029501330e+05 -5.252637144115471892e+04 -3.375049783702436980e+04 -8.202438823715967374e+03 -2.728491049532077886e+04 2.063685683003455051e+04 2.454738637928431490e+04 -1.312453214947580273e+04 1.098244631761967139e+04 -1.766603660101948208e+03 -2.019930652727702409e+03 -1.002639020195601370e+04 -6.109386670242351101e+03 7.186838580990191076e+03 2.466122496442411648e+04 -6.071363630976373315e+03 9.462424921759871950e+02 6.495506474503805293e+03 2.135588546519628835e+03 3.267721683103320629e+03 1.559166083775699008e+03 5.696446406974949923e+02 1.773029916383023192e+03 1.114981384756997159e+03 1.208620891192661020e+03 1.896442562831739451e+03 -3.023082905265918612e+02 9.512573576905122081e+02 1.719907151492756839e+03 -1.086424688304528843e+02 -2.444201619841488719e+05 -1.673744989473933310e+04 1.289840751851949899e+05 8.320056292386552377e+04 -2.083664445584377063e+03 1.771081102419724994e+04 1.602175612583567818e+04 -1.021968773468829204e+04 2.207618410205392502e+04 -1.343685431752797740e+03 -5.128892698815236145e+03 -1.160155480055959379e+04 -8.222589738870030487e+03 3.251896636689308252e+03 7.775731965891079653e+02 -9.925414447154047366e+02 -2.228151367111263880e+03 -3.623313286823975886e+03 -1.297856313625157100e+03 1.427933848037057260e+03 1.829805500125986555e+03 -3.082873307673900740e+02 1.367297845880296791e+03 -1.740385277166304832e+03 -1.250208780311865667e+03 -8.240493940222024776e+02 -7.112519282564400100e+02 -1.648009807411795464e+03 -6.643073366917919884e+02 4.536797192250243143e+02
9.685113868107904273e+04 9.224999001248704735e+04 1.944045951039204738e+04 -5.682171211097668674e+03 1.872322355934181178e+04 2.835372817646144540e+04 1.338686387492327958e+04 4.040616325803421205e+03 1.049694495606858482e+03 2.593594047816749480e+03 4.891342049309182585e+03 2.211946049228824450e+03 2.436972624101292695e+03 5.567818442828875050e+03 9.609176975151531224e+03 4.384542556920461357e+04 7.827461136963062017e+03 4.222313462080894169e+03 3.060530177116345385e+03 2.037973218103134741e+03 2.556121833342800983e+03 9.852812844248005604e+02 1.418574551837907393e+03 9.546390839672393440e+02 2.217865180713555674e+03 2.669808735866567076e+03 1.164142038099375895e+03 6.116806981249461614e+02 8.426606695720358857e+02 1.196755421856423027e+03 -2.730759007727984572e+05 -3.744699956519360421e+04 1.342429395159124397e+05 7.299276848024375795e+04 3.903456128157673811e+04 3.907968563159077166e+04 3.467310769691426685e+04 -1.910892494107607126e+04 -6.034606821533300717e+03 3.348265042393098156e+03 -3.883673375386717339e+02 -6.170531238482382832e+03 -8.057818878255457093e+03 -6.642871199977809738e+03 4.940302657052731774e+03 1.778884514265743564e+04 4.849214848450737918e+03 3.862920276718765308e+03 1.864631667530920367e+03 1.724347770843176477e+03 -2.962083383776788196e+03 4.118970837644717449e+02 2.925173576185973161e+03 1.110146770659924186e+03 3.141807617646695689e+03 5.869332842681316151e+02 8.493758097731762291e+01 1.983891219423128973e+02 6.467099577167170992e+02 3.716294779656340665e+02 1.963127967193112418e+05 1.225367322743055993e+05 1.514401894498286129e+05 3.171458860851198551e+04 -9.050069813497442738e+03 9.129937298822957018e+03 4.040618120146940782e+04 6.151737633764848397e+03 1.072160511413617996e+03 -5.563897801338856880e+03 -6.222844345692051320e+03 -5.598502304728815034e+03 -1.507415485334091500e+04 -1.262144538900008411e+04 -4.074335275845089654e+03 8.423386336523532236e+02 -8.841539946733937541e+03 -7.523460216817459695e+03 3.482419752025648449e+03 1.107970966043172666e+03 -2.336979795928090766e+02 -2.962841578409768317e+03 3.418597878970288093e+02 -1.083692757798856746e+03 3.042551061340450929e+02 1.686638008562588993e+03 -1.589271566212378502e+03 8.540777540966599872e+02 1.230947754040370228e+03 2.007580729353572906e+02
6.382611284169703868e+04 2.093705940595763605e+04 6.749017199453239300e+03 -1.588688660631739367e+03 6.094011040393458643e+03 1.906461443966017032e+04 9.293451458201629066e+03 7.546603832365084600e+03 7.768389065189821849e+03 5.221084960877875346e+03 3.310004591883055127e+03 4.786038594376017500e+03 2.021117880084854960e+03 3.589375578491303258e+03 3.078267537005953727e+03 7.827461136963062017e+03 3.562581121392174100e+04 8.661905335817664309e+03 3.468032828280740432e+03 7.886270329802334800e+02 8.969484284259380047e+02 1.208003825472741255e+03 2.722014939611989121e+03 1.508486922713191007e+03 1.463703813776160814e+03 1.058881377861172496e+03 5.377763275714037263e+02 7.285140401141144366e+02 1.581364214109400791e+03 1.279784491133184616e+02 -2.534738844139092253e+05 -1.299790575766801194e+05 2.152666693060000835e+05 6.722692376449098811e+04 5.867272397443886803e+03 5.273891681524630985e+04 8.205042009320808575e+03 3.879172872935720079e+03 1.688291056938688052e+04 1.061301013610654445e+04 9.267760705018376029e+03 6.490655803908804046e+03 -1.478759500109702856e+02 -2.234969144464428609e+03 5.009828587566274109e+03 -1.793804643614473662e+03 1.445471511302109320e+04 1.554107296467782817e+03 2.389485541000930425e+03 -2.549244840936567471e+03 -1.722446228756063192e+03 2.815654723108408461e+02 -8.826263645295565539e+02 -1.183680806553243627e+02 3.531190594748265084e+03 -2.065652374765530567e+03 -1.115211709766110062e+03 -1.013754552603572961e+03 -8.896938326471013170e+01 -1.055447129377075271e+03 6.084764210438241571e+04 -2.347061701717124743e+04 -6.058866028104426368e+04 -1.444771007915946248e+05 -6.151168269788780162e+04 -1.328868922474063402e+04 -1.604769861801581555e+03 6.584150624333054111e+03 1.047076956909775436e+04 4.075400092557080370e+03 -4.551673310365758880e+03 3.092912548774693846e+02 5.957639125894929748e+02 -7.379741417251769235e+03 6.318546852165206474e+03 -9.991927713861365419e+02 4.060368054125881827e+03 -2.133139277984061664e+03 2.402313579979609131e+03 -1.178123974644796817e+03 2.394244245940425117e+03 -4.266220677641273369e+02 -3.246260887629123317e+03 -1.833098095891624325e+03 -2.508197876607355738e+03 -1.999550058695457153e+02 3.226401242578529036e+03 1.032346747598085813e+03 1.296761633632589110e+03 1.742063208433336968e+03
