1.510210103892266452e+08 2.123145331864762679e+07 2.726292175109888893e+06 -3.842308240085503348e+04 3.827032517838443164e+05 -1.791344108012302604e+05 -6.304220197217381065e+04 2.786900720858303830e+05 6.560147622173361015e+04 2.833509699466623715e+05 -2.187699258588228622e+04 2.393602968987351051e+05 1.185181791350620479e+05 2.469410328071493132e+04 5.380941494182377937e+04 8.977840510282445757e+04 4.036210037455867860e+04 6.861733023760834840e+02 4.698767828922143235e+04 2.253606653379440468e+04 4.263150726231923909e+04 5.760713899273276911e+04 3.196473912906888654e+04 1.410322748773702006e+04 -7.074803579758742671e+03 1.739711548709243289e+04 4.588613935569101159e+04 2.519996113666923338e+04 7.087908666968945909e+03 4.477673076744365972e+04 3.495265031060819328e+07 4.430836325286672264e+07 8.707867121274551377e+06 1.697480830643943977e+06 -1.845788687997177476e+06 -3.263528927443668363e+05 -2.467267711453598167e+05 3.878223303649567533e+05 2.193987190988283255e+05 3.714252632688815938e+05 1.251615088937573164e+05 -2.277265869780591311e+04 2.756506721656351001e+05 -4.455356436330500583e+04 -4.275708353517623618e+04 -2.931870468310407887e+04 -3.145669668028498563e+03 -2.121814301480843642e+04 1.378166104723343742e+05 2.488935114552975574e+04 2.614494281561205935e+04 3.813057723006231754e+03 1.171318130599667784e+05 1.500175460341282305e+05 1.284602465651761449e+05 8.319438518737374397e+04 4.192957899802707834e+04 -2.185252079647442224e+04 5.930637918764788628e+04 -1.630301352908228000e+04 -1.182039372254957259e+07 2.052226657367668673e+07 1.006309257869920135e+07 1.746202764871087158e+06 -4.358508576400920865e+05 1.021643524342983495e+06 1.009612223662447766e+06 6.975846890670577995e+05 2.356575580166450236e+05 -1.780901812173540238e+05 -2.359881433707611868e+05 -8.384082754888384079e+04 -2.583274992004252854e+05 7.396175016785963089e+04 -3.829924785004283331e+04 2.069767758883965435e+05 9.315765105421919725e+04 7.724423943145599333e+04 -7.000007945557394123e+04 2.550515865336737479e+05 1.214762631801112584e+05 8.111080500677561213e+04 -2.294417383061689179e+04 -9.322024682670804032e+04 -1.986648903630397854e+03 3.942760922041978483e+04 4.352956819786078267e+04 -5.626914019566427305e+04 8.227074017743214426e+03 6.779076913964445703e+04
2.123145331864762679e+07 3.219070004367547482e+07 5.094949824865625240e+06 6.704447429241108475e+05 5.110452000686333049e+05 7.486390353010437684e+04 6.084028571663946059e+04 2.774621083451648592e+05 6.155204847493174020e+04 -6.873933681541080296e+04 -5.342733355415773258e+04 8.281664583760038659e+04 6.741636959744882188e+04 3.130733699439532211e+04 -7.737994221459649452e+03 5.026616762009210652e+04 9.498732136933727816e+03 5.305721239001707545e+03 2.004962020597358423e+04 3.843630437554512173e+04 2.456174038029898384e+03 1.521483365591755683e+04 3.132306584947749798e+04 -2.574315112842772578e+03 4.825822023823734526e+03 4.896861447854381368e+03 1.126007117757830201e+04 1.375655543767886047e+04 5.589494934641170403e+03 -5.799832915932773176e+03 7.433068075191038661e+06 9.591435076321776956e+06 9.105012235887207091e+06 1.928397882485642564e+06 8.521836217284048907e+05 6.832570552864867495e+05 3.116443946389208431e+05 1.354475407349618617e+05 -9.063892961563315475e+04 2.068600579058086732e+05 1.210089217162502173e+05 -2.088257348632850044e+05 -1.437494229219895169e+04 -2.704567988917289767e+04 -7.277145164652685344e+04 2.733267358694202267e+04 8.040143015689864114e+04 6.975454962479030655e+04 1.447625367747035853e+04 -5.354192648148020453e+03 3.176156421735726326e+03 3.633500768375409825e+04 5.566277939482945385e+02 3.621672217988593184e+04 8.642121710539466221e+03 7.215415452994349835e+03 -1.188539719417801280e+03 -6.768838948656586581e+03 1.132461682417377233e+04 -1.251491923881989715e+04 3.474107942721861764e+05 -3.101732290577709209e+05 1.530902411212343955e+06 1.074553412384253228e+06 7.699561833968511783e+05 1.838728189106720092e+05 4.066824622809612192e+05 -5.799059425890655984e+04 -8.545436817966478702e+04 -1.834517972455693816e+05 -9.876741447404794599e+03 7.792829381731725880e+04 8.389316240201503388e+04 -3.977786166390736616e+04 -3.044042515808722237e+04 1.721602078123910469e+05 3.879673658300664556e+03 -4.414000012250141936e+02 -1.914385976360698623e+04 -5.978243037091771839e+03 3.435807741105524474e+04 -1.212551571403415073e+04 -5.028911873342913896e+04 3.032661050890601018e+03 -9.833578393140409389e+03 2.893146836506965701e+04 3.308756207949061263e+03 6.570349388348322464e+02 4.243738429497810284e+04 2.951962052734123176e+02
2.726292175109888893e+06 5.094949824865625240e+06 9.851353182392230257e+06 1.532925884133781306e+06 1.768342454698656511e+05 -1.450718500035305806e+04 -9.709875416957327616e+03 1.345196649317103438e+05 4.331205216896897764e+04 -5.408756288645258792e+03 1.609064997509894965e+04 2.124701667987884139e+04 2.610066647228366128e+04 2.157300902898737604e+03 1.001811290909564195e+04 1.871148220855569207e+03 7.043576880793482815e+03 1.551653045901163932e+04 2.782968229229542430e+03 1.279640144055466590e+04 6.485642671768742730e+03 9.851768419416210236e+03 9.110525756705250387e+03 2.796730853560405649e+03 3.343599231934139425e+03 -4.364080598592667229e+03 4.186166055680134377e+03 1.442810449131389396e+04 1.013483860960060883e+04 5.649700708642894824e+03 -1.340745631649832241e+06 1.865662892068232410e+06 2.731732911923939362e+06 2.519655837188626174e+06 3.035720044866210665e+05 6.492138585520027846e+04 2.163498971897971351e+05 3.463418908846256090e+05 1.289729134568114569e+04 4.015385193424459430e+04 5.388181964958637400e+04 -5.715706715999312291e+04 2.006156178508689845e+04 1.245163260038830231e+03 -1.283368997569997555e+04 1.202509327549128284e+04 1.969469093755988797e+04 1.800319176068659726e+04 2.235668165890842647e+04 6.498152565781614612e+03 -2.052145467916624057e+03 1.391881726575049470e+03 1.261374852764966272e+04 1.308282996460067261e+04 -1.714256231035140081e+04 1.758135556496785284e+04 9.871421617223502835e+03 1.760310284793779283e+04 2.963568931528422399e+04 1.027108560020584264e+04 -5.200342302979445667e+05 -1.189907765902115731e+06 9.166240333246411756e+05 8.402151257502894150e+05 4.893608696246539475e+05 1.230942326262638817e+05 1.633179248681143799e+05 1.219204739427897584e+05 -1.367059616492258501e+05 3.322688201508292696e+04 8.714763782727293437e+04 8.322395486900352989e+04 4.161809919367227121e+04 4.133623797577943333e+04 3.450002346181022403e+03 8.773440541244775523e+04 1.724895568593334247e+04 2.995739871894832322e+04 -4.650568764033185289e+03 3.338266006241655759e+03 -3.680765749670004152e+04 -1.128596762493431379e+04 -9.710647544251354702e+03 1.540499513236804887e+02 7.116298986401289767e+03 -6.732544356127768879e+03 -6.529406519167520855e+03 -1.331690728834504853e+03 -2.312789813925222006e+03 -1.708761032849570620e+04
-3.842308240085503348e+04 6.704447429241108475e+05 1.532925884133781306e+06 3.294185857619059738e+06 4.906164268762870925e+05 3.200809713353598636e+04 -8.784457201311464814e+03 3.414860137456499069e+04 3.803113564756386040e+04 2.452323890451806437e+04 5.955239144956756718e+03 9.535567174018218793e+03 2.207901757605202874e+04 1.638755272160779714e+04 1.703102838627025631e+04 3.291800072737466053e+03 2.934945535640592425e+03 8.281685536814611623e+03 -2.208468657054690539e+03 -1.589350591958904943e+03 -1.265915294152635624e+03 4.540372119697288326e+03 3.162547670796022885e+03 6.938886553964690393e+03 1.054182781745881948e+04 6.770697854934915995e+03 8.951627590512203824e+03 -4.851144985518242265e+02 4.032111130126573244e+03 5.877373260348420445e+03 -2.041038678083796403e+05 -6.326740810320682358e+05 1.751551584780656965e+06 1.423418305894001387e+06 8.360996519609934185e+05 7.886254624022882490e+04 -1.504046755679166381e+04 3.066337995989394767e+04 3.848418079740856774e+04 -1.311043335176720575e+04 6.615080996030285314e+04 2.584421144342610933e+04 2.217242781477878088e+04 -1.139415659164311910e+04 -1.542897667557619570e+04 -1.604897747493090174e+04 -7.498654165492763241e+03 -6.116560809411074843e+03 4.799894275341071079e+03 -2.788340384217667179e+03 2.302785169743056031e+03 2.956023745841459004e+03 -2.044573745744969983e+03 1.156437299423349759e+04 -1.346533616161758437e+04 1.131047385102137741e+04 3.637645115431050272e+03 -4.571086613684322401e+03 8.711384652144441134e+03 -4.961384042115396369e+03 1.103451244628553744e+06 -6.664057997991434531e+05 1.344822071593526925e+05 5.470609551825727103e+05 2.332210898693976924e+05 -6.664251591199076211e+04 9.188991587632277515e+03 1.002276308056238195e+05 -2.631034794084268287e+04 5.697405383651231432e+02 4.449125795309841487e+04 5.007342701970329654e+04 5.897877573133608530e+04 1.848332063307184399e+03 1.344172373603715823e+04 1.133490044381855478e+04 1.845349295255202742e+04 1.348729003180767904e+04 -1.552162789175131729e+04 -1.290857925297975726e+03 8.345462879210639585e+03 1.947090210428005776e+03 -1.294538622823132755e+04 -3.595828714396949181e+03 1.319703657450887113e+04 1.406386500778200752e+04 1.471388995909105870e+04 1.225742043083777025e+04 -2.803035714745763926e+03 2.182063955032025149e+02
3.827032517838443164e+05 5.110452000686333049e+05 1.768342454698656511e+05 4.906164268762870925e+05 1.300304579854703741e+06 1.779869119230508513e+05 2.363875089985812883e+04 3.226210298391603283e+04 1.540541380648151971e+04 1.376070865177483574e+04 6.485444191606699860e+03 2.318347882068784020e+04 1.339703250307804592e+04 1.012362260267938291e+04 1.172616719885876046e+04 8.955998271434466005e+03 9.078487039871315574e+03 1.674752248098401469e+04 6.814923357682581809e+03 6.700161356612388772e+03 9.325486517532872313e+03 7.479659076533885127e+03 8.295457900150238856e+03 5.453654102148174388e+03 6.542289924476286615e+03 2.235515977402931640e+03 4.687779126392758371e+03 2.004088204656263088e+03 2.823896109205415087e+03 3.421025979384100992e+03 1.012598341008905991e+05 -5.784942581229651114e+05 5.581207978303353302e+05 4.635816028131665080e+05 3.617560559942514519e+05 2.316106547632786969e+05 9.891091166528647591e+04 6.760904817672164063e+04 2.840971609165312111e+04 5.071711857895382855e+04 4.261747771179574920e+04 3.586714445053171949e+04 -1.136163333422148207e+04 -1.371432165031847762e+04 -3.557150318030982817e+03 6.586079312428342973e+02 1.564729919338783839e+04 5.953706362177198571e+03 -4.501522525761488964e+02 -2.925647401604061315e+02 8.603341122916386666e+03 1.260069310426491995e+02 -6.334658143750674753e+03 5.031487498526059426e+03 -5.857497580948983114e+02 9.830500301429514366e+03 2.329928250278396717e+03 1.019708200036366748e+03 1.917033153738155306e+03 2.643295191948132583e+02 2.910685980808487511e+05 3.535563234360845527e+05 1.705514364793972927e+05 2.836684689057205833e+04 -5.706154406941657362e+04 -1.032290207004731201e+05 2.138149001225136089e+04 4.257857088428790121e+03 8.965974806130937941e+04 -2.559689719056731064e+03 6.233782803353225972e+03 4.219199476088725351e+04 3.965777650752566115e+04 7.682974778176855580e+03 -1.622251360821085291e+04 -1.921906198336998932e+04 -1.194455878346502141e+04 2.191416578310158729e+04 -5.123135238388061225e+03 1.221093046926180250e+03 1.693256592576351250e+04 6.760532786787568511e+03 -5.180975228542482910e+03 7.878529153711291656e+03 1.147143383285025448e+04 9.962505408884308054e+03 -1.402843689978287784e+03 -5.840682706974620487e+03 9.239646954144508300e+02 -1.170715466891866754e+03
-1.791344108012302604e+05 7.486390353010437684e+04 -1.450718500035305806e+04 3.200809713353598636e+04 1.779869119230508513e+05 6.670089623224736424e+05 1.585745920342011668e+05 4.672624026904006314e+04 1.971266181720726308e+04 1.087964035936238724e+04 1.001493454776436920e+04 7.737179842523039952e+03 8.216078282085751198e+03 2.059237314777436040e+04 1.501492327440549343e+04 1.251642559149110457e+04 6.973188516042037918e+03 7.090063728491617439e+03 4.103240446411098674e+03 7.600126893956379718e+03 3.715071259288868532e+03 2.692455021315898648e+03 2.445413919352317407e+03 5.248881960629824789e+03 3.411683100303275296e+03 3.808443454448043212e+03 2.614329474546651454e+03 3.230484032806120922e+03 2.917031252793990006e+03 -1.949884103330646212e+02 -3.924674433286849526e+05 1.332353360736958857e+05 2.164958219742519577e+04 7.577801385144531378e+04 1.932426544933906116e+05 1.262858735697276279e+05 1.260127335902358755e+05 3.834588322553718172e+04 -1.172743991524912781e+04 1.609123666414346553e+04 -3.782378347937089529e+03 3.432484489695520551e+03 1.019013836674184859e+04 3.840554840021791733e+03 9.775538241364645728e+03 1.056832423676602048e+04 7.934782996849482515e+03 1.215282212145677295e+04 4.383340605009750107e+03 -5.718061260850688086e+03 -1.578563933274494730e+03 5.867658935847607609e+02 7.851069507172006752e+02 -5.864259255639695994e+02 -3.190645850836396221e+03 6.699867459444936685e+03 5.232852611724957569e+03 1.353999461227271922e+03 -9.874582028782790530e+02 6.142670307223065720e+02 -4.735680485873462167e+05 -1.834545870440393337e+05 -7.043547054962138645e+04 4.071642015762179653e+04 3.805922464051938005e+04 4.656580876186163368e+04 -6.417116573308753868e+04 3.796661827963421092e+04 1.952775880098881316e+04 6.222892619253994781e+03 1.205821467302831297e+04 3.151804609632823849e+04 7.004682485845030897e+03 5.702965927097536223e+03 -1.081450388174890759e+04 -1.361329321157201593e+04 3.102350575412578564e+03 1.386920201957953759e+04 1.188019856257071842e+04 1.438068188079591164e+04 2.034021522184201967e+04 5.144104808190093536e+03 1.258635725346757681e+04 1.136314989703444735e+04 2.995821144715474475e+03 -2.570851201870904788e+03 -5.143996195297004306e+03 -5.683598155512947415e+03 -5.402929905334302930e+03 -7.685197504789229015e+02
-6.304220197217381065e+04 6.084028571663946059e+04 -9.709875416957327616e+03 -8.784457201311464814e+03 2.363875089985812883e+04 1.585745920342011668e+05 4.329146459969087737e+05 7.350472821731804288e+04 1.406697694857578608e+04 8.669718315243122561e+03 5.936336828554018211e+03 5.713534876470189374e+03 6.660195163615198908e+03 8.550711416185598864e+03 1.352898340772302072e+04 6.845620795450601690e+03 3.237289276218885789e+03 6.125898143735390477e+03 4.163185631786193881e+03 4.385301510670059542e+03 4.844694011902582133e+03 2.401511460814595011e+03 1.733227733971881662e+03 2.795838607229256013e+03 2.831110562637101793e+03 2.438248207379305768e+03 1.848071711262258532e+03 2.673944420353851456e+03 4.045190622811681806e+03 5.266177674173424066e+02 3.147322980933494400e+05 1.749135700420392677e+05 1.261985411612632306e+05 -6.591254355529049644e+04 -5.536232985062946682e+04 1.459162688993181800e+05 8.748298123701340228e+04 9.138820861430843070e+04 1.314805965192546864e+04 -1.283654768342766147e+04 5.848419644171196524e+03 -1.017673578679914317e+04 1.485115108690828674e+04 -2.415561534699369986e+03 -4.892913601299509537e+03 5.650415334367899050e+03 1.029412943852411627e+04 7.245557524791210199e+03 3.472178003617895229e+03 -2.945294354142140136e+01 -2.078815576203696764e+03 -3.264006256133662646e+03 -4.818249653468991710e+03 -1.665315414965522223e+03 -1.656592012868282495e+02 2.737153295185583829e+03 2.902510324201953608e+03 5.096773667407334187e+02 6.055541146259956804e+02 5.483633537700393390e+03 7.364604669936858045e+03 7.908712717590342800e+04 9.011225533604211523e+04 -6.118396277928711788e+04 3.211869286439315329e+04 -2.357976272545881784e+03 -4.717139416998274100e+04 1.477275479694849855e+04 -9.013603841913192809e+03 9.196749222758435280e+02 -1.528005479114136506e+04 1.895218967329026418e+04 8.242706436241094707e+03 -1.324706937305951578e+04 -2.203985481307987357e+03 -1.172611989521544274e+03 8.841189816626641914e+03 9.569570745964365415e+03 7.230175375040770405e+02 3.474740587530317498e+03 8.964360018109689918e+03 -9.726301355304714491e+01 1.197571238838533191e+03 4.278460830654088568e+03 -1.721221090319121913e+03 -5.150749357976591455e+03 1.624047051631235490e+03 -2.120531933918638515e+03 -1.858430377359549084e+02 -1.909664420518498218e+03
2.786900720858303830e+05 2.774621083451648592e+05 1.345196649317103438e+05 3.414860137456499069e+04 3.226210298391603283e+04 4.672624026904006314e+04 7.350472821731804288e+04 2.653629062123720068e+05 5.986097039264912019e+04 1.713298929214074451e+04 6.094789117939147218e+03 1.549842986663822921e+04 8.002607879593528196e+03 1.090026984396412263e+04 6.015126889798686534e+03 7.384916190453208401e+03 3.883615594329059604e+03 6.475405842610621221e+03 4.363205227331475726e+03 5.802321834815559669e+03 4.664630903289406888e+03 4.037838214759341099e+03 3.146797973641848785e+03 2.294304544468920540e+03 4.077002827455307397e+03 1.344499100727593259e+03 1.913201298855442246e+03 2.076245466139651853e+03 2.878741003431175614e+03 1.162086041511844087e+03 1.047665113316404168e+05 -1.084801026995341963e+05 -9.562744461436997517e+04 5.278754097043410002e+04 -1.140809851230387721e+03 4.128069331873281772e+04 6.459305781218667107e+04 5.766072623830231169e+04 4.364158043100794748e+04 -8.689729243881767616e+03 -6.112500607714893704e+03 4.931924263519527813e+03 1.631370955044482616e+04 7.510064871982497607e+03 2.904139913614578290e+03 6.559535157582346983e+03 8.229306733273942882e+03 4.683009313944443420e+03 1.700914583954543332e+03 -4.157953826480887074e+03 -9.070153565667641260e+02 2.266571944663438899e+03 -4.944930111830258284e+02 1.644803963704646321e+03 -2.725622681904703768e+03 2.353310961169641814e+03 3.494372639715757487e+03 8.567755001606167298e+02 1.593491531882622439e+03 9.052711364647960863e+02 8.364996012717155099e+04 1.164151785103760485e+05 -6.555904361682533636e+04 -7.025727549511857796e+04 2.382065960490367434e+04 -5.126483246574705845e+04 -4.966732178927124914e+04 1.961601488847931250e+04 -1.236165963244223713e+04 -8.756151093127256217e+02 1.158569965091168115e+03 -5.680143159978577387e+03 5.218053209567377735e+02 -7.072437027562348703e+03 -7.496963298058095461e+03 -4.384055244188574761e+03 -4.513570998800993948e+03 -2.634375615561081645e+02 -9.445211358965016188e+03 -6.372295074281600137e+03 2.018858691931384783e+03 -7.806490133873244304e+02 -1.445805001081770570e+03 -3.194318913746879844e+03 6.787319398302308855e+02 2.103926233587095339e+03 -3.608305245676447157e+02 -4.020379520340537510e+03 -2.870836648239866804e+02 -8.867817044164846152e+01
6.560147622173361015e+04 6.155204847493174020e+04 4.331205216896897764e+04 3.803113564756386040e+04 1.540541380648151971e+04 1.971266181720726308e+04 1.406697694857578608e+04 5.986097039264912019e+04 1.621750888160452305e+05 3.340959157835701626e+04 1.356047613658032242e+04 9.730450459232244611e+03 1.410150199486100792e+04 8.021023050429751493e+03 5.592403490073160356e+03 4.923472864249079976e+03 3.570871570071654787e+03 6.396983893668356359e+03 1.602806373849327429e+03 2.557435418860366553e+03 2.895390190901667211e+03 2.462932957420313869e+03 3.344177171867594097e+03 3.683071828023591024e+03 4.319378931705446121e+03 2.198286284536926814e+03 1.286855963430510428e+03 2.739414809380905353e+03 2.567274192819112159e+03 2.140992619952325185e+03 -4.006680957729172660e+05 1.138166046523571131e+05 9.446007373941612605e+04 3.472829895530286012e+04 -1.049184642107385298e+04 3.082198210780331283e+04 3.398332686411938630e+04 3.680045602381486242e+04 3.564926974190473265e+04 2.110411595612389647e+04 -1.187024254603033569e+03 2.322606818153326003e+03 1.335493047252822907e+04 9.406433829163504925e+03 7.238472583789292912e+03 4.673457548282813150e+03 2.430127375840299010e+03 6.242871776310547830e+03 4.443255975000023682e+03 -2.353927092146926498e+03 1.336538743361463730e+03 4.024300201515226036e+03 -1.325013456388734312e+03 -1.265953298648266355e+03 2.297459733851791952e+03 2.911284815216594325e+03 2.568760453545570499e+02 7.413823698294071107e+01 8.197930300579354252e+02 -1.583077213828459435e+03 -2.121712524278828641e+05 -6.130536406550854736e+04 -6.363130994084336999e+04 -3.153960337270726200e+02 -4.810005233922519983e+04 -3.501858933418719243e+04 1.689261485933986251e+03 3.412522986831891467e+04 1.283764200622317549e+04 2.301345558839479054e+03 -1.066156905033825979e+03 4.112361476007102283e+03 7.751622071759262553e+02 4.840681242726992082e+02 -3.495959714085579435e+03 -1.643914998848576715e+03 3.309974421708678619e+03 4.824556969878828568e+03 -4.553527433331920292e+03 5.248235802319053533e+01 -5.179640746645260379e+02 -3.811146843504649041e+03 -2.856388020873427649e+03 -2.236729163779949431e+03 3.290073686236484605e+02 2.540379738694765365e+03 3.654503799573340075e+03 -1.588299084072710684e+03 7.545568824309549427e+02 4.910780786992788762e+02
2.833509699466623715e+05 -6.873933681541080296e+04 -5.408756288645258792e+03 2.452323890451806437e+04 1.376070865177483574e+04 1.087964035936238724e+04 8.669718315243122561e+03 1.713298929214074451e+04 3.340959157835701626e+04 9.675146174291659554e+04 2.454627043680919087e+04 8.031313035145158210e+03 7.177333350372380664e+03 3.974826411318939790e+03 3.126233644043919867e+03 2.044799058293142480e+03 4.309169839909790426e+03 3.609707685318145195e+03 3.967667280870793093e+03 3.275146478929315890e+03 2.999925186984358334e+03 2.318991718603730078e+03 2.962317386970535154e+03 2.514215549659037151e+03 2.451423105208114976e+03 2.264707264416921134e+03 9.470250185106682466e+02 1.404026513837839730e+03 2.877930781705681056e+03 1.478192775223723402e+03 6.862792923064329079e+04 7.015269791635342699e+04 2.880417297821739703e+04 1.660715080065574875e+04 -2.784796570984283244e+04 -9.618404533942831449e+02 -4.240191910337469380e+03 1.073644750258121712e+04 2.325950028129261045e+04 2.310299105912863524e+04 2.095339084737804660e+04 2.491870598482121750e+03 6.654894522395670720e+02 -2.727855790980706843e+03 2.536602665651800635e+03 5.736027091508417470e+03 8.614078828675017121e+02 2.813023488202542921e+03 -7.546613903885147465e+02 3.028119961763241918e+03 3.086081877370154416e+03 1.386317792440940593e+03 -7.261585306281752139e+01 1.172801022251597033e+03 -4.487156528473962567e+02 2.772028292440870700e+03 3.037217373394299102e+03 -4.336882212171547479e+01 -1.005064711595580093e+03 -1.431816130702984083e+03 2.463043601497005511e+04 1.887499330726971675e+05 -5.121041117794565071e+04 -5.616461174127671256e+04 1.851392452777084327e+04 -4.795269004505930752e+03 8.231954114085505353e+03 8.490401514475503063e+03 -1.687955859084169060e+04 6.022324023880014465e+03 1.422453218361629524e+03 -7.074096904297937726e+03 -4.137625106661611426e+03 2.731564951618675423e+03 -1.260868720997702894e+03 -3.752702181056853988e+03 -4.405130346346016267e+03 -2.661328368554577992e+03 -2.830110960917555985e+03 -7.063092106451932750e+02 -1.360996989519534964e+03 -3.030741982324667788e+03 -4.106804780313127594e+03 -2.328861668118432135e+03 5.121496536946522156e+02 5.031317546181736020e+02 1.185802152503931666e+03 -2.271413174359481218e+03 5.007597196377751914e+00 3.350717538878550386e+03
-2.187699258588228622e+04 -5.342733355415773258e+04 1.609064997509894965e+04 5.955239144956756718e+03 6.485444191606699860e+03 1.001493454776436920e+04 5.936336828554018211e+03 6.094789117939147218e+03 1.356047613658032242e+04 2.454627043680919087e+04 7.160976357143063797e+04 1.601108383452423914e+04 3.993081993414431963e+03 5.371319799681838049e+03 5.491147132459530440e+03 4.855377614019815155e+03 3.454788281658401047e+03 2.554273697888364040e+03 1.476474193164290227e+03 2.028212295080117883e+03 1.476208584091497187e+03 1.606324816606347667e+03 2.261360149263347466e+03 1.553626594208445795e+03 1.653919213692754283e+03 1.632705208370381342e+03 1.346730751216650106e+03 1.931025783742366684e+03 1.381886716215813067e+03 1.482959028135956714e+03 6.188334754536591208e+04 1.854733041292911221e+05 2.936942748682779711e+04 1.340350175725212284e+04 -1.190177349745441461e+04 -3.546821973015317781e+03 1.658746088551790308e+04 2.099938497264645775e+03 -7.050432811256971036e+03 1.634841564492339421e+04 1.363708291084531083e+04 9.438292308171176046e+03 3.233991947433712539e+03 3.786035051025933171e+03 1.668744440796326444e+03 4.406930750821674337e+03 1.644396050850063148e+03 3.689185604396617236e+03 -1.894577831632026118e+03 2.158590072919879219e+02 -1.847072698305670883e+03 1.870043764254751068e+03 -4.169911882261993696e+01 4.468471029630847511e+02 1.157910410245783481e+02 8.119143832934857983e+02 7.654396085501049356e+02 2.523812298986106725e+03 -4.266363554042256965e+02 -4.057403386669450924e+02 -6.786067259133949119e+04 6.918709427189406597e+03 -1.102312787345606775e+05 -7.444412777506091516e+04 -8.523740381669580529e+03 1.198404430036755548e+04 1.812024000662045728e+04 -1.544357313295673703e+04 6.211855092325687338e+02 6.960676224452317911e+03 2.404355281670280419e+03 -8.861741343988018116e+02 5.628594675735495912e+03 -2.184822030525835999e+03 -7.496407856422392797e+02 3.368317528242123899e+03 2.516606155957988449e+03 -1.131213685542305853e+02 -3.622387398755705362e+03 -8.444679912675309197e+02 2.502392697131389923e+03 -8.186421363776836415e+02 -2.785473792831090122e+03 -3.081172874186983336e+03 1.269256181949849861e+03 3.144382541255844785e+02 1.591174542030220664e+03 -2.322965779818712235e+03 -6.371961340256562778e+01 1.512144780935892356e+02
2.393602968987351051e+05 8.281664583760038659e+04 2.124701667987884139e+04 9.535567174018218793e+03 2.318347882068784020e+04 7.737179842523039952e+03 5.713534876470189374e+03 1.549842986663822921e+04 9.730450459232244611e+03 8.031313035145158210e+03 1.601108383452423914e+04 4.933495343072130345e+04 1.016418679226769746e+04 4.227369735454163674e+03 2.337324584865327779e+03 3.149089246149760129e+03 3.027345891756013316e+03 2.663115452688097776e+03 1.610768819931352937e+03 1.662606718064325378e+03 1.382371594516911500e+03 1.726682232641384189e+03 1.789727338645019927e+03 1.528209356256647425e+03 8.923260375431948432e+02 1.288729992099416677e+03 9.183892954325035589e+02 7.053880892383108403e+02 5.790475931780177916e+02 8.534536127204648892e+02 3.050803318845409085e+05 1.147347057228825579e+05 2.704202774265368498e+04 -7.919181268943538043e+02 -1.988478079865952532e+04 6.601752308705539690e+03 1.373074216389174762e+04 1.682761714934767588e+04 1.060381304622676362e+04 2.841450831298890535e+03 1.085233876955066626e+04 -4.144284444292682565e+03 2.597904843629653897e+03 -5.174219503934658633e+02 2.634655752579685213e+03 -1.412375266724828407e+03 -8.588545566230825443e+02 2.433595421946356510e+03 9.325177562396073654e+02 2.240539187763931182e+02 -3.361107377582438289e+02 1.594409781734371563e+03 -1.543331709288910076e+02 -1.613857142472291457e+02 -1.222552098995197184e+03 4.012836731538773734e+02 8.084477820227810980e+02 1.752518209063667655e+03 3.618146260949490625e+02 3.911538921750565123e+01 1.561916507912199595e+05 5.205507269796649780e+04 -5.782921913226065953e+04 1.903354897116484381e+03 2.751226893944311814e+04 2.219543241435987511e+04 2.362642623721401469e+04 1.238147428592286087e+04 -8.069208869976559072e+03 -6.130277227606055021e+03 -2.284204135804343878e+03 -4.717802214746838217e+03 -3.512374914155402621e+03 -2.410660484288122234e+02 -1.736064942970220727e+03 -1.470596275333332869e+03 -1.594731434142619491e+03 -1.826249309235362034e+03 -4.683532715341689254e+02 1.025732866502383331e+03 -5.403820185796810165e+02 -2.271207957182155610e+02 -1.246388040068412010e+03 -1.307877257010295807e+03 -3.345272999664515368e+01 2.069622127774097748e+02 -6.761297225857392732e+02 -5.097744561288013188e+02 -4.196174507695826605e+02 -9.782456208584060278e+02
1.185181791350620479e+05 6.741636959744882188e+04 2.610066647228366128e+04 2.207901757605202874e+04 1.339703250307804592e+04 8.216078282085751198e+03 6.660195163615198908e+03 8.002607879593528196e+03 1.410150199486100792e+04 7.177333350372380664e+03 3.993081993414431963e+03 1.016418679226769746e+04 3.670419828226109530e+04 1.014344595253067746e+04 2.616866858652962492e+03 2.436225560665634930e+03 2.098606429117970038e+03 2.816724322821339229e+03 2.099440860275004070e+03 2.309663546610337107e+03 1.403967380308340125e+03 1.351321886478654733e+03 1.744054477553800098e+03 2.069231356439866886e+03 1.076307583270229316e+03 1.311735018429423690e+03 1.277084507779031810e+03 8.426148724107533781e+02 1.116344571156334041e+03 1.339266820147546014e+03 1.326675609952772793e+05 7.238490674117110029e+04 6.125908290989948728e+04 3.658615597997168516e+04 -5.614400383598113876e+03 7.788368921792352012e+03 5.012260877932582844e+03 1.390228917943512170e+04 1.108540826822541385e+04 3.100067537134744725e+03 -3.011000019222607534e+03 3.829023599076041592e+03 1.116015055903888651e+03 1.483554532241998913e+03 1.289009607200779556e+03 2.888055987526902300e+02 1.696871853744192094e+03 5.031557630658325593e+02 5.224801287928657985e+02 -2.501199484424764918e+01 6.311126635878911202e+02 -5.385479211581862273e+02 -6.244215660901170395e+02 3.844766932246379838e+02 -2.349257405080706462e+02 2.513356117929415177e+03 1.750662181926538324e+03 2.283808584187863289e+03 8.951439522823447987e+02 2.507398051858151007e+02 3.790215546403965709e+04 4.855651616004629614e+04 4.620136592924811339e+03 -1.436684093461786688e+03 -1.441331951085976470e+04 -6.293083151741464462e+03 2.633769301759288737e+03 1.204382610513026520e+03 -7.621271956641311590e+03 -3.339075389577890746e+03 -4.856148883669467978e+03 -2.319460447988169108e+03 -7.861499549674231275e+02 -6.441674688762150254e+02 3.150979927986377788e+03 1.515536503214558707e+03 -2.629399510431527688e+03 2.157635882029117056e+03 -3.287317691642578211e+03 -5.481054940729740110e+02 1.064164559981845741e+03 -2.654941183881902589e+02 -1.170418366583043735e+03 3.409041561280365841e+03 7.954400748496404958e+02 -3.565712202517977971e+02 1.023433415380575411e+03 2.369652375210777109e+02 -4.958800759548566930e+02 -1.149616481425487393e+02
2.469410328071493132e+04 3.130733699439532211e+04 2.157300902898737604e+03 1.638755272160779714e+04 1.012362260267938291e+04 2.059237314777436040e+04 8.550711416185598864e+03 1.090026984396412263e+04 8.021023050429751493e+03 3.974826411318939790e+03 5.371319799681838049e+03 4.227369735454163674e+03 1.014344595253067746e+04 3.096990334582154537e+04 5.754462060961607676e+03 4.092587509799662712e+03 4.111346940972127413e+03 3.365437290744705933e+03 3.027877522978466459e+03 3.047758096839078462e+03 1.833017080655834206e+03 2.341347446799027239e+03 2.177095485353071126e+03 2.185030615359813055e+03 2.223141916394748478e+03 1.679849879526767381e+03 9.606753066196023383e+02 1.863814914018410718e+03 1.596810471519365365e+03 9.598996891991611164e+02 -9.526993310531320458e+04 2.943539513740342227e+04 2.069881275085526795e+04 4.477964822060766164e+04 -1.354632098048572334e+04 1.170342063008390369e+03 -1.275708645111445776e+03 -4.923800924887015753e+03 2.872195134201285327e+03 2.880450744655339349e+03 -2.698487038056485687e+01 3.476302310247594505e+03 5.032510621308138070e+03 4.912663813747085442e+02 3.047495527494317230e+03 3.923022808998658206e+02 3.370597386003033193e+02 2.722400992182089794e+03 3.000923778923828650e+03 8.099947650748380568e+01 -3.990311995831261811e+02 4.874117230905368388e+02 -4.381086084526868945e+02 -5.657201940929304129e+01 -4.002555840476075559e+02 1.894488964624870277e+03 1.167581649790407482e+03 1.520462122813173664e+03 2.424935001958457690e+02 2.062393238641242590e+02 -4.351022810708422185e+04 3.799302148780233983e+04 -5.158240389904659969e+04 8.230617776209979638e+03 -1.869160089557490573e+04 -3.282792740189267079e+03 1.055925576975301192e+04 -4.429599955462915204e+03 1.402122595040726992e+03 1.133031888938654220e+03 -2.111636405572042463e+02 1.087692189061329600e+03 9.093474953500842730e+02 6.309833596595491144e+03 1.157447671315486332e+03 -2.643575576409083396e+02 2.955885760046210180e+03 2.337469721555277829e+03 -1.940564082371620543e+03 -5.183037340683550838e+02 1.212117384856043600e+03 -1.086265251321629421e+03 -6.617433650780495782e+02 4.328779132646367316e+02 2.215498135093241956e+02 -8.718308842375425911e+02 -6.197012880965368140e+02 8.899161867772827463e+02 -2.039070755111825406e+02 -4.816626776847104452e+02
5.380941494182377937e+04 -7.737994221459649452e+03 1.001811290909564195e+04 1.703102838627025631e+04 1.172616719885876046e+04 1.501492327440549343e+04 1.352898340772302072e+04 6.015126889798686534e+03 5.592403490073160356e+03 3.126233644043919867e+03 5.491147132459530440e+03 2.337324584865327779e+03 2.616866858652962492e+03 5.754462060961607676e+03 2.392975124098784727e+04 6.817356149241521052e+03 3.645729303080115187e+03 1.835676948319926169e+03 2.118157408850870524e+03 2.116504055372543462e+03 1.351613095883969208e+03 6.142234256745438188e+02 1.817122253942900443e+03 1.456205805901992790e+03 1.024811062118413020e+03 1.483068718726781754e+03 9.310033964619206017e+02 1.075562598415155435e+03 1.064464951249577325e+03 8.363877439727151568e+02 2.134152501709938406e+03 4.442291142096204567e+04 1.352072882901239791e+04 2.894226698936093089e+04 1.352927033568434308e+04 6.974052847077110528e+03 9.154187018368393183e+03 8.827100630068496230e+02 1.770399793996467679e+03 2.468898431665012140e+03 3.961214212789979229e+03 2.764612611437954001e+03 2.766795988752638550e+03 4.846686523574280727e+03 2.263422122844547175e+03 6.397558455751742258e+03 1.555490084313720672e+03 3.355188722325876824e+03 3.044230249912423858e+01 1.182256760640797893e+03 -2.314254930708220570e+02 -1.431144737622635148e+03 -1.197396101061093077e+03 1.560049370959151531e+02 4.347002196746886966e+02 7.142760869680419091e+02 -6.621761773926073147e+01 1.074970423837732142e+03 -2.582067476964775778e+02 4.977127991801497586e+01 -1.403549351108787278e+03 -5.459316362343288347e+03 -9.252065062708324695e+04 1.146622763006452442e+04 -1.331336606890233270e+04 -6.592617358114682247e+03 4.092309814360448854e+03 -3.488526712631442479e+03 -7.083600039464239671e+03 3.332171875032983735e+03 5.349073708750834157e+03 5.942062531423744076e+03 3.298637087196952962e+03 -5.235668522801568088e+02 3.790834818123389141e+03 -1.688006624289188949e+03 2.002042839247036000e+03 1.467188398871140862e+03 -1.610342416060378582e+03 -1.352553900723407196e+03 1.680615654133394855e+03 1.761036883132241826e+01 -1.797733371081043288e+03 5.780772731907239859e+02 -1.692779925512945283e+03 -1.477280204420916789e+03 5.009424166376750804e+02 6.443903776630617131e+01 -2.441596450886378022e+02 -1.196675569943105984e+03
8.977840510282445757e+04 5.026616762009210652e+04 1.871148220855569207e+03 3.291800072737466053e+03 8.955998271434466005e+03 1.251642559149110457e+04 6.845620795450601690e+03 7.384916190453208401e+03 4.923472864249079976e+03 2.044799058293142480e+03 4.855377614019815155e+03 3.149089246149760129e+03 2.436225560665634930e+03 4.092587509799662712e+03 6.817356149241521052e+03 1.909443041587430707e+04 5.701551528423329728e+03 1.693602799752991587e+03 2.322081247806876490e+03 1.708950353522543537e+03 1.263339150181937384e+03 9.400303112633079081e+02 1.346044804298595636e+03 1.729942904655677012e+03 7.630001471905446806e+02 9.362587156722275950e+02 9.969444810109312129e+02 5.139736572146875915e+02 5.016129664922757456e+02 5.888556718279248798e+02 -7.112690002001471294e+04 -1.139470719824426124e+04 -1.656118364334052967e+04 -6.862415476246444086e+03 -3.645792011191702841e+03 1.200944375558083266e+03 7.326016597107933194e+03 -6.797880344884459191e+03 -4.987023187168294385e+02 3.817948752486857984e+02 4.622556251991210047e+03 2.973240959119335002e+03 1.089744242528450059e+03 -1.474869152413592246e+03 1.687103956671863671e+03 8.816956311587774735e+02 4.723617848536998281e+03 1.791817974014462607e+03 5.959776122279968149e+02 7.609037451522336823e+02 1.190183189522817656e+03 2.220113472441909153e+02 -8.355982644111179525e+02 3.007807167933734149e+02 -1.779214480763918260e+01 9.661138618013120549e+01 -6.761726755029047808e+01 7.985098750042317306e+02 -2.057603909878648096e+02 2.375757405152106827e+01 -5.515180734024092999e+03 -6.008222113843340048e+04 -6.590421947436449409e+04 -7.889041285459292340e+03 -1.524669303523176495e+04 1.784770949376948465e+03 6.711286780192417609e+03 -1.862054410886332334e+03 -3.157752687160809728e+03 -9.772207734109699118e+01 1.417302473275124157e+03 3.424331590923898148e+03 7.604397906778775678e+02 1.737151000203596823e+03 -6.738138496453145763e+02 5.947131360532687694e+01 4.008485601990841474e+01 6.761997640178636857e+02 -4.985707195533512390e+02 -3.512989559653585161e+02 8.346170942408987230e+02 -8.660622067694033603e+02 -1.863038375128342068e+03 1.533075617063794880e+02 -1.639086625413655440e+02 -6.328416359264696212e+02 8.367914227746822462e+02 3.178004194929644655e+02 8.986590380215415053e+01 -8.833229621232997886e+01
4.036210037455867860e+04 9.498732136933727816e+03 7.043576880793482815e+03 2.934945535640592425e+03 9.078487039871315574e+03 6.973188516042037918e+03 3.237289276218885789e+03 3.883615594329059604e+03 3.570871570071654787e+03 4.309169839909790426e+03 3.454788281658401047e+03 3.027345891756013316e+03 2.098606429117970038e+03 4.111346940972127413e+03 3.645729303080115187e+03 5.701551528423329728e+03 1.454405860873004349e+04 3.797182627266327927e+03 1.900358428683841794e+03 2.286885920140065537e+03 1.062175837952574739e+03 1.320105644039103481e+03 1.768418296977952195e+03 1.454006012774506871e+03 8.983730208267008948e+02 1.021092552411806651e+03 8.800896496316529465e+02 8.413125090409790801e+02 5.665860590790126707e+02 5.954342879324839259e+02 -3.988842631863032148e+04 -7.549032092940597795e+04 4.580884418273040865e+03 -2.775134376472169606e+03 -2.209611964404807077e+04 -7.510488620407907547e+03 -1.383130666780392630e+03 -4.936590538684808052e+03 -1.499534377977170834e+03 -2.052192427728579332e+03 6.300055554296183800e+03 5.525108511098642339e+02 -4.538510011293438765e+03 -2.460320153015434698e+03 1.777926587096958428e+03 1.190458649744752393e+03 1.621357711254325750e+03 3.286897391916644210e+03 1.518782456032961818e+03 6.111752906207096885e+02 1.164384739142106582e+03 5.500700733152187922e+02 7.348022998352034563e+01 5.586808946622019221e+02 4.365165718518971971e+02 6.574404613824203807e+02 5.564897287138836646e+02 1.413706706890737905e+03 1.008900403266994090e+03 2.778052426356327373e+02 3.091378338251040987e+04 -1.713976899693889936e+04 -4.051376287446629431e+04 -1.303483836392721605e+04 7.762452119293846408e+03 1.331867555089583220e+04 1.077022292158226264e+04 1.141419489159503883e+03 -2.747334419709852227e+03 -2.482444114208539759e+03 4.755695245418067429e+02 -2.045717812219890448e+03 -1.362371618913428392e+03 1.048923247033842017e+03 -1.922669552434844491e+03 -1.668027530906041420e+03 3.474062002112933669e+02 -2.536971528826312294e+02 -3.768570609910893268e+02 3.912321043332851218e+02 5.292253281324614136e+02 -2.542377587385826700e+02 -1.053938805485846387e+03 -5.050648683801590551e+02 -1.590385631961170475e+03 -2.784175882904968944e+02 4.531713464282729120e+01 6.700554131361898271e+02 -3.902834885334310400e+01 -8.459617115599586441e+02
