1.813689080365064740e+08 2.407137309174608067e+07 1.975006090272535337e+06 1.094901397750475211e+06 1.806090356202082243e+06 9.459157877654269105e+05 5.365953306984066730e+05 -4.177622605547539570e+04 4.053132025627610856e+05 -1.680411471316898824e+05 5.465141486590043496e+04 2.664951433397200526e+04 -1.289874443118311174e+05 -5.720853551128951949e+04 1.066680029846630932e+05 9.609147327233408578e+04 -1.533317216143387486e+05 -9.171952356846239127e+04 -2.579841462306190806e+04 1.255238031496278709e+05 4.392202429801953986e+04 1.929193389925426891e+04 8.158978785438879640e+03 1.989966424824094429e+04 -3.170126732564431222e+04 -4.516587332633851474e+04 1.425331426520826790e+04 -2.555497403986259087e+04 -5.595989426188762991e+03 -2.443212202776946287e+04 -3.679021844980836660e+07 -1.641375895283120871e+07 2.491955956413473003e+06 -4.362738480334576452e+05 2.490149195728795894e+05 2.832830315667334362e+05 6.013534803839620436e+05 -8.184370116169036191e+04 2.985764256854733103e+05 -1.094739595258585323e+05 -9.181139032863150351e+04 5.583085321392497281e+05 4.276357089651543647e+05 3.168590916366366582e+04 -1.289623382859824633e+05 1.418863736829397094e+05 1.494524994867445785e+05 -1.264958961078007851e+05 -6.163015333125259349e+04 -2.682024618390306205e+04 -2.309175202164965158e+05 -5.717671527509656153e+04 -9.356652441608595836e+03 -4.276710101475721603e+04 -7.192394024545664433e+04 -1.240250469048801751e+05 3.752208666957058449e+04 5.932615848270447168e+04 -5.198777826322821056e+04 -1.730776126095938671e+05 -3.262908931546416879e+07 -1.067820467810367234e+07 -3.883904372704986949e+06 -3.623493790530544706e+06 7.920825662036973517e+05 2.659987848672943073e+05 9.887691527894642786e+04 -7.857556292011402547e+05 1.188940885815292131e+06 -1.061626920803081011e+05 -2.017136118725271954e+05 7.165791810460302513e+05 -3.580373574007169809e+05 -2.299742105692431142e+04 1.153746036767383703e+04 -1.860062048263863544e+05 -1.123141462121667573e+05 1.495197784964661696e+05 -1.961521032814467035e+05 -3.573121802134264144e+05 -3.034915304792334209e+05 -5.199523453422519378e+04 1.387463526537898579e+05 1.520624861007405561e+05 -1.191239048027187673e+05 -1.011531202072535816e+05 2.978310005242707120e+04 -3.169912819579988718e+04 1.897244746614560063e+04 -1.297525425729654526e+05
2.407137309174608067e+07 6.236414848918215930e+07 8.669160702724598348e+06 1.102713089654326206e+06 9.998168885186022380e+05 -2.785582826591403864e+04 3.727654711695511360e+05 1.888971713744052104e+05 6.337700417665170244e+04 -1.911132745813242509e+05 4.536310033188993111e+04 -5.860244509142015158e+04 7.292429399343754085e+03 6.176267143500682141e+04 2.323350910913273037e+04 3.911443435335585673e+04 -2.560000336350754515e+04 -2.846700974475484691e+04 -2.977354294855167245e+04 2.597175962396247996e+04 2.679312426261815199e+04 3.621165155751156271e+04 2.526163416455551487e+04 2.726936977510541692e+04 6.822921180163652025e+03 4.734014428254069207e+04 7.352341380730163110e+03 -1.214318750211609404e+04 1.092434004772222579e+04 -2.568184937936145070e+04 5.657515633997075260e+06 2.782909400729590654e+07 -2.241951843876027036e+06 -1.138867474026649958e+06 1.503912397241813364e+06 1.280275097925324662e+05 6.659431112177487230e+05 5.095316554226335138e+05 -1.917409222192073066e+05 6.005466542672817741e+04 6.294974637315497603e+03 1.802659544422264444e+05 2.217648623422018427e+05 1.325413857795857803e+04 -1.770794795258709928e+04 1.151637494341345737e+05 -3.308769258794931375e+04 -1.006287823192172655e+05 -5.883068834870856517e+04 7.398298303068912901e+03 -1.149579916251996910e+05 9.109875269077941994e+03 -1.925360665236710338e+04 -3.182264712540997061e+04 6.669892559506969701e+04 2.344937451494649576e+04 -8.720825254507349746e+04 -4.058654716719620046e+04 5.443026704349104875e+03 -4.724392617970983702e+04 -8.880459280592542142e+06 -2.185056925993287936e+07 -5.407704713064714335e+06 -2.715979934861845803e+06 -5.032464809215785353e+05 1.615584261197428452e+06 -1.096125074424044928e+06 8.011673364606219111e+05 6.424878479111702181e+05 -3.605429534111852990e+05 3.448656556870285422e+05 3.280632915155984665e+04 1.318908466438761679e+05 1.681957108059513848e+05 9.922681402091345808e+04 1.847672632661637863e+03 1.302646454780297427e+04 7.131652534784172894e+04 -8.421064654672080678e+02 -2.337456858039495273e+04 -1.938525478684332920e+05 -1.198537961752645742e+03 9.873666468951855495e+04 9.204661001288879561e+03 7.515615035967448785e+04 -5.197787376661423332e+04 -1.868542286738129042e+04 -1.157316278086877719e+05 -1.348762442456156532e+04 -1.024945948201448191e+05
1.975006090272535337e+06 8.669160702724598348e+06 2.013460255642732605e+07 2.523914096287703607e+06 1.802216498189315025e+05 -8.810315916122142517e+04 3.091438637086766539e+04 3.196968225409145816e+04 1.015140636807288101e+05 1.071851808476037986e+05 7.567706169127569592e+04 5.476494309446580883e+04 6.797222235906054266e+04 7.457291477507928903e+03 -1.520524223905082408e+03 7.267727090227644658e+04 2.560799899204977555e+04 3.734092754950133531e+04 1.468564030908367022e+04 1.739628803946065091e+04 2.017297474385814348e+04 2.059392982840049444e+04 3.300112672419950104e+04 1.171975095364513800e+04 9.704134441647778658e+03 1.378343335702346121e+04 2.120714946546537612e+04 -1.372057486143529559e+03 8.381516744068105254e+03 -1.019236667183620557e+04 1.889352461115484824e+06 6.311365172575979494e+06 1.542027734936988913e+07 9.291374504620773951e+05 1.952513104324172600e+05 3.001357822105363011e+05 3.137837423465947504e+05 5.610069403875430580e+05 2.092004629227057376e+04 6.025803729619961086e+04 5.419908788703536993e+04 3.760037990125452634e+05 1.117582931419202796e+05 1.230718224768394612e+04 5.826526484455302125e+04 1.995121565873523359e+05 1.186031042898444284e+05 1.145039307117603166e+05 7.981234256289894984e+04 -1.172230193204530042e+04 -1.930738258236609181e+04 -2.560545115137255380e+03 -4.439455740495042119e+04 -1.418776385384623609e+04 4.286408166311355308e+04 -2.918946297608537134e+04 -3.517662457648846612e+04 -3.595245287541857579e+03 2.880974054922777941e+04 1.167076297215258091e+04 -1.198988605584649602e+06 -4.885592847517950460e+06 -2.139521837468594778e+06 -2.489324538724509999e+06 -5.439454103779590223e+05 2.342819848377209564e+05 3.286816436290541315e+05 4.043820834384715417e+05 -5.266227248418310046e+04 1.788380916982710914e+04 -3.850143617777043983e+04 6.484019126614477136e+04 -1.267486697000683926e+05 7.411341590435366379e+04 3.894709744647525440e+03 -6.450441665261148501e+02 -7.778348557193238230e+04 8.513453232670997386e+04 4.654221349637146341e+04 7.991131551662321726e+04 7.823928302502752922e+04 2.963531492272365995e+03 3.708261274092958047e+04 -1.240630265453316497e+04 1.093841047319168780e+02 -2.641655672159725873e+04 -3.576649352739464666e+04 -3.789680952045674348e+04 1.871908922442579205e+04 1.889947872610508057e+04
1.094901397750475211e+06 1.102713089654326206e+06 2.523914096287703607e+06 7.441096317732361145e+06 9.067680810048503336e+05 -6.876903796613028680e+04 8.110827487849749741e+04 -2.313885217122825270e+04 -3.042688354325192995e+04 2.978775739578919820e+04 -4.450925412727066578e+04 1.876976053590642914e+04 3.568686871039304970e+04 6.973261248660191086e+03 -9.525202026565393965e+01 3.252347716151502027e+04 2.599829644440246284e+03 7.765918962342154373e+03 -1.295652314625688996e+04 1.121305481763296484e+04 1.045739233776042056e+04 1.115390740128943071e+04 3.100936388350933157e+03 -1.350195158512923626e+04 -4.191959307570725286e+03 3.694731181144662060e+03 4.412798681718748412e+03 1.840359106999060032e+03 9.068624790318845044e+03 5.099907540301858717e+03 -1.312576410997997737e+06 2.952251961400415748e+05 9.840991771006722702e+05 6.967281836940949783e+06 1.633934678494685504e+05 -2.305089753405118827e+05 3.304729590244293213e+05 3.359775610725064180e+05 1.274495111605670245e+05 -1.270400167974513897e+04 1.963029795875823766e+04 1.075733335040371749e+05 -3.283662329232718912e+04 3.946966115680107032e+04 9.402010095165528764e+04 6.524401854046244262e+04 4.495702667885123083e+04 3.700817014271060543e+03 -2.618809095714819250e+03 5.414817240916286391e+04 1.196291403682742020e+04 2.158728636779404405e+04 -1.007085250531583915e+04 2.506079693859724648e+04 1.530657772340368138e+04 2.979378563608407421e+04 -6.527989907011326068e+03 2.814875488725063769e+04 7.621904818303157299e+03 -3.587844682690967602e+03 2.714688645645732060e+06 2.652977422754739411e+06 -1.049400294775168644e+06 6.060902400146108121e+05 -1.438907109432769939e+06 -4.021922253762042965e+05 1.125739897762642358e+05 -7.615824408592523469e+03 -2.354349726655615086e+05 1.223255384184682771e+05 -2.898844872855246285e+04 -5.756070555607439019e+04 -1.113821112862289301e+05 1.370575417685993489e+04 -9.880182683876008377e+04 -9.846351948392886698e+03 -5.443354510061600740e+04 4.838211461154966673e+04 3.797204054181784159e+04 8.526407276089450170e+04 6.912182453241639450e+03 -4.542663717512835865e+04 1.511405412413408703e+04 1.326071240536629193e+04 1.309718418551544710e+04 3.029336631442131329e+04 3.345102674333897085e+03 -2.630699111603735219e+04 3.122995213379673805e+04 -3.721018387570654795e+03
1.806090356202082243e+06 9.998168885186022380e+05 1.802216498189315025e+05 9.067680810048503336e+05 3.023557976297685876e+06 3.417980174050328205e+05 8.968231617777333304e+04 5.222808058344631718e+04 -2.572354953871314592e+03 -2.778806039532422437e+04 2.171344348185696072e+04 -1.482253233473717046e+04 3.983296103879446309e+04 -3.414081576341143887e+02 4.978268431721137858e+03 -3.240594598242196298e+03 1.838462325098909059e+04 -1.054637104951857327e+04 1.061021157485986259e+04 4.103060921143079213e+03 8.610208860708038628e+03 1.871057852196534668e+03 -1.690522051172746842e+03 4.567329290855309409e+02 -3.194099123932797283e+03 -2.860678158423342211e+03 1.102576447046026442e+04 2.742481295898273402e+03 1.398925083896823480e+03 3.110483720875354265e+03 2.041310815406403970e+06 1.492548877585729817e+06 5.580838054100055015e+05 6.490156748544303700e+05 2.924204937933356501e+06 -1.060675842122076574e+05 -2.233647527179951430e+05 -8.117511510940844346e+03 5.129968560602149955e+04 -7.006850861191324657e+04 -2.705137420148136152e+04 5.425705222272878018e+03 -2.182827318918334277e+04 2.715759849719277554e+04 3.977351004784915858e+04 -3.706699818156772380e+03 3.713992023035888997e+04 -3.081533956133897391e+03 -1.156543341727205370e+04 2.434838842506776928e+04 1.908329132494774967e+04 1.289317832319706395e+04 2.290977111680840972e+04 1.197971559963945583e+04 1.274865426159655908e+04 5.493109854247949443e+03 1.847797401713027966e+03 1.257488638453164822e+04 -9.074537452328628433e+02 8.068707316906009510e+03 -2.572309652422331274e+06 -7.239118680102436338e+05 -4.920020492505343282e+05 7.602663315896847052e+05 2.945957509293280964e+04 -4.681519408176009892e+05 -3.536025451993743627e+04 2.097274906430613773e+05 1.255973405682667071e+05 5.453698931689254823e+04 2.934199070622027648e+03 8.723407220952023636e+03 -2.024943658597159811e+04 5.155663812403865450e+04 1.694469823494048342e+03 -3.096399878068260659e+04 -3.286139926948273205e+04 -2.069480176469175149e+03 2.577888313874624146e+04 1.408503336249291897e+04 1.264244914417535074e+04 -1.285565662443046131e+04 1.962609921401056999e+04 1.513248119618930104e+04 -4.860953330892267331e+03 4.229614449765176687e+03 2.310256835189018602e+03 2.049792905272122516e+04 2.602346263849858224e+04 1.106128631604538350e+04
9.459157877654269105e+05 -2.785582826591403864e+04 -8.810315916122142517e+04 -6.876903796613028680e+04 3.417980174050328205e+05 1.640099686173633672e+06 2.462991385312839411e+05 2.660429584122548476e+04 3.827359604746958939e+04 2.632886649145840420e+04 1.971442302643083167e+04 3.149046971425004085e+04 3.701401944707373332e+04 1.493802364486804618e+04 3.557090787678416746e+03 7.143006711648376950e+03 5.078913820332406431e+03 -4.100446007531082614e+03 9.236074282883922933e+03 3.614222317352667687e+03 1.110274090667489509e+04 2.486591331476759933e+03 -7.842200096779858995e+02 -1.495590473630206361e+03 4.218116982500753664e+01 4.029096504411384558e+03 5.765199426739109185e+02 -3.903003283758583564e+01 2.646949576613175395e+03 1.313366028406263695e+03 1.457348174241207889e+05 -5.606784486949773272e+05 5.230860234807038978e+03 1.102840654127227754e+05 5.006098828343516798e+05 1.632649795750161167e+06 2.082836665684750187e+05 1.356253523435129609e+05 4.045361588339818263e+04 2.358274222431564340e+04 1.657559033441246720e+04 3.081197134555300727e+04 6.610329364790179534e+04 2.294571742451448517e+04 3.159458766334833490e+04 4.681283804418453656e+04 3.958770277914328472e+04 1.992601994376494622e+04 8.307827059809469574e+03 1.077541738625695507e+04 1.949339953838543079e+04 3.346859677085895964e+04 3.679699800925342061e+03 3.667326172478338412e+04 1.433562658890969396e+04 3.119783036308378996e+03 3.570285961570358268e+03 4.316357534129410851e+03 1.416861779927684620e+04 1.055523512701639447e+04 -5.980036589292257559e+05 -3.213886886455730419e+05 -9.636142253622458156e+03 8.840917424805127666e+04 -3.113254378730242024e+05 1.627160923272257496e+05 1.504732297966199694e+05 1.744648537388426485e+05 4.354742816811129160e+04 9.436139137394415229e+03 -4.107426613442667076e+03 5.972582596116500645e+04 -6.134219786394801304e+03 -4.474047457165247579e+03 -3.639913660278316092e+04 1.085596983005294715e+04 5.689828283768277288e+03 -9.106275307644569693e+03 -3.962366658522596481e+03 4.391703984316240650e+01 -6.230369118058686581e+03 -7.452921351731524737e+03 8.536827893590627355e+03 4.333619252220337330e+03 5.549989232651155362e+02 1.185989848740280468e+04 1.710369200272722446e+04 1.581407819062430463e+04 -1.800306254178331301e+03 8.909708434143843988e+03
5.365953306984066730e+05 3.727654711695511360e+05 3.091438637086766539e+04 8.110827487849749741e+04 8.968231617777333304e+04 2.462991385312839411e+05 9.342333183780412655e+05 1.811153691519944696e+05 3.069903184264014271e+04 2.614560682315739177e+04 6.607209576183710851e+03 2.400534131246748075e+04 1.932694259622229947e+04 1.124909418575792915e+04 1.668798640434255503e+04 5.131107897857294802e+02 7.898342499772051042e+02 3.476781523734406619e+03 1.650478690107267312e+03 1.978425671315935915e+03 5.629408438571718762e+03 2.720738364773051217e+03 -2.056681703489127358e+03 6.106635093931245137e+03 6.702937557810818362e+03 4.061658422664884256e+03 -1.938861344469500636e+03 -7.222162467688588549e+03 4.624533604862502216e+03 3.913612955753338156e+03 -4.552450850368987449e+04 -2.326388964938652134e+04 -3.442076066822934663e+05 -1.430860159672348818e+05 -7.466465885143370542e+04 2.055325942948219308e+05 8.854500411183132092e+05 1.499444037224184431e+05 -3.643210091780131916e+04 2.086962454717914807e+04 2.769650714943557432e+03 3.889125663244314637e+04 2.998963169706866393e+04 1.887279412527546083e+04 4.503205270075947919e+04 2.809003842272970360e+04 -7.551911273363478358e+03 2.985186932519691982e+04 2.405113930023404009e+03 2.197271161771427796e+04 -1.675664915736852709e+04 2.247162576676292645e+02 2.180277980685696093e+03 1.684113381546886330e+03 1.071971181758344756e+04 7.714453222663113365e+02 -7.380659251111706908e+03 -1.231692794432692153e+03 9.934435223705533645e+03 1.375710758502068165e+04 5.407208345064410241e+05 -1.529545419053494988e+05 -8.689076639713261975e+05 -2.481783312074698333e+05 -3.567429721990985563e+05 -2.439370253700803369e+04 5.615801502681041711e+03 3.777423874747298396e+04 4.204178324349750255e+03 -4.150399309632585209e+04 6.194901058582370752e+03 5.126444450125851290e+04 1.103994701679612444e+04 -2.283518446792823670e+04 4.080156972980149294e+04 3.062026088608776627e+04 -1.989573967942153467e+04 3.299963703341610653e+03 -2.750583844272015631e+04 4.608354615746546187e+03 -1.471372269755627167e+04 5.348225835203517818e+03 -4.384622196579498450e+03 -1.105967960555323589e+04 1.700124555802466830e+03 1.486632497977607818e+04 1.003324358958094126e+04 -2.870302286069607817e+03 -5.977405394647780668e+03 1.038029761661996599e+04
-4.177622605547539570e+04 1.888971713744052104e+05 3.196968225409145816e+04 -2.313885217122825270e+04 5.222808058344631718e+04 2.660429584122548476e+04 1.811153691519944696e+05 5.522519251021798700e+05 7.035159197808578028e+04 1.411024087541454355e+04 5.224046094335766611e+03 2.478605696661792081e+03 -2.214126886301688955e+03 7.190241604068552078e+03 8.568981998597708298e+03 -3.096263212601846135e+03 1.544610829890687455e+03 9.872487969706224249e+03 5.601600960963578473e+03 -1.153288019714256961e+03 1.870840577340986783e+03 -1.623925339492976434e+02 2.037695480838042158e+03 3.491274952294003924e+03 8.562956691691813830e+03 2.846766132873124207e+03 3.489886888286700923e+03 7.504987877480238012e+01 1.125025353063160310e+03 -2.152320774759865571e+02 -2.775577457293973421e+05 9.866847050187853165e+04 -1.430772585658780008e+05 -8.384527274655611836e+04 -4.657606128160296066e+04 -1.588641879343757173e+05 1.267946815357531450e+05 3.810308993810725515e+05 4.710818718741686098e+03 -2.718553971050305336e+04 -6.764872072585544629e+03 5.468192754756702243e+02 -1.173861298698518476e+04 1.329193326940484803e+04 2.247212224670456999e+04 1.003494987335439691e+04 -3.688346760948044903e+03 -1.331203653774844315e+04 6.624758748587198170e+03 7.463688140253675556e+03 -8.835303582346720930e+01 -1.209260987746145929e+03 -2.127283363876591920e+03 -2.323546030195697938e+02 4.517326947848003329e+03 4.456852020009432636e+03 4.117405693904996042e+03 1.492724394933489293e+03 3.349410941374565482e+03 7.370531482258135838e+03 3.356049933856233838e+05 7.043567891791784205e+05 -8.218266164064842451e+04 -1.445818514756991135e+04 -1.142738007134072395e+05 -7.904678252043377142e+04 8.183705541844758500e+02 5.822024940905339463e+04 -4.050673835866148875e+04 -3.066691635634133127e+04 -2.894393365931016160e+04 -2.581332052880678384e+04 -2.758677316783929564e+04 -6.506790913216847912e+03 1.850241940164659172e+04 2.375804435403589196e+03 1.650029674568862902e+04 8.337920982602459844e+03 -5.478102988281722901e+03 2.557572972804532401e+04 -2.610051041798864844e+03 -8.959867159110521243e+03 -5.036046230218180426e+03 -6.102540709262088058e+03 -9.822157857846195839e+03 7.929694887756787693e+02 -3.867997855998272826e+03 -4.794946279242083619e+03 -4.364318634989433122e+03 9.141602446378345121e+03
4.053132025627610856e+05 6.337700417665170244e+04 1.015140636807288101e+05 -3.042688354325192995e+04 -2.572354953871314592e+03 3.827359604746958939e+04 3.069903184264014271e+04 7.035159197808578028e+04 3.648018761788294651e+05 7.089809256232414918e+04 1.127468014613615742e+04 -2.089964355781532049e+03 5.392043041802723565e+03 1.228652347341800851e+04 1.156715764538621988e+04 4.903209406122979317e+02 9.206986206349973145e+03 8.547665564977469330e+03 7.002850675101044544e+03 5.628047925299055350e+03 3.251127148667563233e+03 -1.017500944030414871e+02 2.747279070667263568e+03 1.153137870628482233e+03 4.883380059012080892e+03 1.971819656563794979e+03 3.521271559901902492e+03 2.649824591980625883e+03 1.796484133564476679e+03 2.373450792669199927e+03 -6.113103711990345037e+05 -2.988985981669006287e+05 -2.303316494729352999e+05 -8.970935340880611329e+04 -8.682974044253793545e+04 7.004084978074219543e+04 1.862163750476801943e+04 -2.158275189038964891e+04 2.552923615122082410e+05 8.373808195444704324e+03 1.473823398207128412e+04 -1.370211948149490127e+04 8.542332259422639254e+03 2.240557565711447387e+04 2.055478601351233738e+04 4.477004074706776919e+03 8.470183439381225980e+02 7.631434149765093025e+03 1.007691217234789474e+04 1.824344567472090421e+04 1.074249442686531438e+04 -4.283008868667378010e+03 1.969292654493162217e+03 -7.567340694804214763e+03 1.010920768179124025e+03 -3.410416827240804196e+03 -2.062982310873926053e+03 3.364003320710172829e+03 1.751447040207160342e+02 -2.278769400869373669e+02 2.725390168462571455e+05 5.540306330066734226e+05 -3.419300176399913034e+05 -1.200314111281933583e+05 -1.390944955564767879e+05 1.094343055383679748e+05 6.919977138732695494e+03 1.220848508049572229e+04 4.487311164545407519e+04 -3.654344392157755647e+04 2.446004287940322229e+03 -1.127244721893631504e+04 1.253681803175803907e+03 -1.177859732748090755e+04 -3.719085854080479749e+03 1.545846561311068035e+04 6.377395132823238782e+03 4.864487976785571846e+03 -1.867652114702032407e+02 -3.190634487119979781e+02 -1.673842463401485475e+03 -2.811254125621775529e+04 -3.206678657792861486e+03 -7.655674971224349974e+03 -1.402507553803895917e+03 8.187998893544779094e+03 4.208100062658030765e+03 5.843009645585954786e+03 -5.132160531462652671e+02 -1.578969714322494156e+03
-1.680411471316898824e+05 -1.911132745813242509e+05 1.071851808476037986e+05 2.978775739578919820e+04 -2.778806039532422437e+04 2.632886649145840420e+04 2.614560682315739177e+04 1.411024087541454355e+04 7.089809256232414918e+04 2.355272961484648404e+05 4.165193617487743904e+04 1.028103782616503850e+04 8.875120238461155168e+03 6.002017587120084499e+03 6.911254706963050921e+03 6.208352505293787544e+03 6.133656635317954169e+03 5.056847647424814568e+03 1.595457049087009125e+02 2.915422845096064520e+03 7.675885232330417239e+03 1.130963081103617696e+03 4.291369921282657742e+03 2.195984157492808663e+03 4.569222372788572102e+03 2.389221950678717803e+03 5.028550621457102920e+02 1.342249235879688058e+03 3.134275466719518590e+03 2.449528265631279282e+03 -3.746889854219785775e+05 -2.935430464617545949e+05 1.465995446437976207e+05 7.941034245156005454e+03 -1.241067113085747405e+05 5.826229412706512448e+03 -1.656232455335148916e+04 -3.636203621808787284e+04 2.693069638841347114e+04 1.609491992373184767e+05 1.622277439293998941e+04 1.594587408010687568e+03 3.876542553537362892e+03 3.855400009260781189e+03 8.735556643709154741e+03 5.195646013850592681e+03 -6.582824692959699860e+03 3.799393098701438703e+03 4.662022356495280292e+03 2.425057167084575212e+03 6.649791136800357890e+03 -1.210256208828272293e+03 -1.477329135239749348e+03 -1.378127424891786859e+03 1.027156666653038883e+04 -4.267908097750160778e+03 -6.419552060506935959e+03 1.316571510085772161e+03 -4.130781662353111642e+03 -2.025972863107717501e+02 5.216111862323715468e+05 4.678653716922778985e+05 -2.529155461737493461e+05 -1.769249889550970984e+05 3.665416605849608459e+04 1.091850366682305685e+04 -2.728130035309010418e+04 -1.048760207353947044e+04 1.555113261782432346e+04 3.176792842041073527e+04 -9.684594465329979357e+03 -5.896575427215227137e+03 -5.285828837317868420e+03 -9.162313981379145844e+03 5.620864625694101051e+03 -8.774678338729583629e+03 -1.183406335484964302e+03 -8.347921356338720216e+03 -1.332649131298676730e+04 9.242295749098196893e+02 -1.992084671463938434e+02 -7.674300720392096991e+03 -2.123299521138831551e+03 -8.088618216149467344e+02 2.351014795012071001e+00 9.406104722474201481e+02 3.329622819214620449e+03 5.637564076449008098e+03 -1.471628451426304878e+02 -3.708462267492453520e+03
5.465141486590043496e+04 4.536310033188993111e+04 7.567706169127569592e+04 -4.450925412727066578e+04 2.171344348185696072e+04 1.971442302643083167e+04 6.607209576183710851e+03 5.224046094335766611e+03 1.127468014613615742e+04 4.165193617487743904e+04 1.455671665242254385e+05 1.885879403336792166e+04 4.999227275002713213e+03 4.306115194143805638e+03 3.660176919411254858e+03 3.292479581542218966e+03 4.811621663704869206e+03 5.417506276391218307e+03 9.636333760647407871e+02 2.129295020890181149e+03 5.247006293050243585e+03 2.604284721913364592e+03 2.237549348972346706e+03 2.307864701187193077e+03 4.748418114750124630e+01 -5.424698016491747694e+02 2.156361701668476599e+03 -5.097812591540428571e+02 9.835736091752650054e+02 7.030289698838952290e+02 -2.669488509746054769e+05 2.929675031079439796e+05 3.172522806810142356e+05 3.879009789919086325e+04 7.997221490886287938e+04 -1.737702220053945348e+04 -4.870402842371991937e+03 1.507124526813865032e+03 6.657877838547226929e+03 2.061495869457405661e+03 8.063523947187176964e+04 -1.138846746800996016e+03 4.818539861644422672e+03 3.083142576738105731e+02 6.445765620541061253e+03 1.547171513817855839e+03 9.304731468926533125e+03 7.033979357699390675e+03 1.378279965767915883e+03 6.408052104019705439e+03 5.446409562180369903e+02 -1.504314586969775291e+03 -1.095250052251284103e+02 -1.018142758176171242e+03 -2.787706016043815453e+03 -3.089877722385636503e+02 -1.076268729395066657e+03 2.578343518445066707e+02 -1.720333076153081265e+03 3.127282354272730572e+03 3.151908309296201915e+05 2.689460315967295173e+04 2.040505859379000321e+04 -1.529211618861903844e+05 -1.448202861807729460e+04 -4.336490205959942250e+04 3.214601686829828031e+04 -3.536072832464375097e+04 1.711353548295210203e+04 4.653765932421908474e+03 -6.112910141262491379e+03 -1.998375453946096968e+04 1.524765563334974649e+04 3.693909133759473661e+03 1.191406595938441342e+03 5.649086301486543562e+03 -9.541405586928380217e+03 -3.938860958852181739e+03 -5.939562752549321885e+03 2.297940102110268981e+03 -1.067507036897136231e+03 5.347519350427846803e+02 -2.933170662243185234e+03 3.488429878000804365e+03 -9.938340845409334179e+02 1.939617710736639822e+01 -1.945032848581031658e+03 3.153259055423013251e+03 1.262531999554774529e+03 2.556253772431570724e+03
2.664951433397200526e+04 -5.860244509142015158e+04 5.476494309446580883e+04 1.876976053590642914e+04 -1.482253233473717046e+04 3.149046971425004085e+04 2.400534131246748075e+04 2.478605696661792081e+03 -2.089964355781532049e+03 1.028103782616503850e+04 1.885879403336792166e+04 1.003142090876080183e+05 1.814336648947183858e+04 -1.381191669241621184e+03 1.697976394243522009e+03 1.927320466978920194e+03 2.707561802703023204e+03 1.950594009501349092e+03 1.480791349888263539e+03 6.235633353669892358e+02 4.077002973142638893e+03 1.137483336810927312e+03 2.561597732096100117e+03 2.178307841230704980e+03 2.007611795245620442e+03 7.312987588499105414e+02 -1.810350755104460418e+01 -8.251318596740175053e+02 1.299972897205569097e+03 -9.204464041059360397e+02 -4.153987411108754459e+05 1.089811541392553918e+05 1.811975200551096059e+05 -5.146711920514340454e+04 -5.622280394385012187e+04 1.565720322494740685e+04 2.352153743637920707e+04 1.599211856290387732e+04 8.143251832757056945e+03 -1.583035576355242256e+03 1.359015435867493579e+03 5.924172097234234388e+04 6.200991079780811560e+03 -1.410744404629007113e+04 -7.019080516438543782e+02 8.270839326829158381e+03 1.912516340523948884e+03 -6.497187437549065407e+02 2.023651771855820698e+02 3.410035963370328773e+03 5.916676477870624694e+03 4.251739510910035278e+03 9.131375930187393806e+02 4.537686014959610475e+03 4.339017490999242000e+03 -9.999664114945306892e+02 -2.090255919049334807e+03 2.373750464509939775e+03 3.135508716100957372e+03 2.077441274915304803e+03 3.143870983570117387e+05 -2.636707592788037073e+04 -5.447073565634472470e+04 2.372302521773365243e+03 1.063679458600468024e+04 -7.854634774232118798e+04 -9.211680441233327656e+03 1.842819345074523881e+04 -5.775752785319677059e+03 -4.620551456414474160e+03 -1.597523913157930656e+04 6.460934099003840856e+03 3.691964259010158912e+03 -9.174608212361188180e+02 2.069204480377436266e+04 -6.952944403395329118e+02 -5.985414610587465177e+03 -2.962150188349452492e+03 1.933759766852052962e+03 1.919523723468157868e+03 2.244379276165660031e+03 4.195982317261237426e+02 -4.468049573596011896e+02 2.547101097119512758e+02 3.571072535360012807e+03 2.721246059470903219e+03 -2.513999396548859295e+03 -3.151630362484199850e+03 -1.576955805095856931e+03 1.791094887861798270e+03
-1.289874443118311174e+05 7.292429399343754085e+03 6.797222235906054266e+04 3.568686871039304970e+04 3.983296103879446309e+04 3.701401944707373332e+04 1.932694259622229947e+04 -2.214126886301688955e+03 5.392043041802723565e+03 8.875120238461155168e+03 4.999227275002713213e+03 1.814336648947183858e+04 8.302051661885253270e+04 1.638597149134267238e+04 5.327630803446621030e+03 2.699705509635560702e+03 2.288362223274220469e+03 3.213727719728716892e+01 4.425547134177013220e+01 2.926115291390074617e+03 9.344664837220867639e+02 2.228707127179761756e+03 7.719527004309763925e+02 2.082027781809019416e+03 1.240507922047939701e+03 1.113245236659697866e+03 3.800205460467266789e+02 3.795656112366839920e+02 1.929392804899630619e+03 8.641698277428803294e+02 -2.694726641804787214e+05 6.997070313374207763e+04 5.544706740914051625e+04 -4.156734291964980002e+03 -2.677754476011416045e+04 1.645688052864434940e+04 9.934331189890394853e+01 -9.863783877072735777e+03 -1.235579703153143419e+04 -1.482757752475707821e+04 -4.542835694446433990e+03 -7.993157807082878207e+03 3.264328124788257264e+04 2.260724517582342230e+02 7.823978323505945809e+03 2.418888108507314428e+03 -1.594373267869587153e+03 8.587393641909886810e+02 -1.344477691346796064e+03 5.447899821971745041e+03 3.237137949630904131e+03 1.660551867028706965e+03 2.002900192658224114e+03 4.568292107156593374e+03 2.626811903831145173e+03 1.462982858794026697e+03 -5.265246935147857812e+02 2.222549189564895642e+03 1.562488958816112245e+03 -7.289631956240643831e+02 2.232818454023980012e+05 -3.496407732292579603e+05 -2.078706225069756911e+05 -6.645087891696022416e+04 -1.118095016378451983e+05 -2.532578912482607848e+04 5.374378981981998368e+04 7.990006836314723841e+03 1.055149699611757023e+04 -2.887855631363436260e+04 1.102479076968507979e+04 8.833658597646292037e+03 3.797361630206276914e+03 -1.318429667343285655e+04 1.273371654821502125e+04 3.148346590263805410e+03 -7.180975465006023114e+03 -2.130317615785048929e+03 -7.481958730298490082e+03 5.650461812275266311e+02 4.108986568466076506e+01 2.004197954973568585e+03 4.349594838733741199e+03 1.373021610184474639e+03 -3.702176040404199284e+02 5.923018799250422717e+02 1.035652297432814976e+03 2.703745232556957490e+03 1.807503714496518342e+03 1.092622103493527902e+03
-5.720853551128951949e+04 6.176267143500682141e+04 7.457291477507928903e+03 6.973261248660191086e+03 -3.414081576341143887e+02 1.493802364486804618e+04 1.124909418575792915e+04 7.190241604068552078e+03 1.228652347341800851e+04 6.002017587120084499e+03 4.306115194143805638e+03 -1.381191669241621184e+03 1.638597149134267238e+04 5.969004045489941927e+04 8.854315828220036565e+03 2.739658800261735905e+03 3.016969246195976211e+03 4.591610526332595327e+03 2.630524394437738010e+03 3.273868449674286239e+03 1.981753956837943861e+03 2.775272008367745912e+03 1.731138950168694464e+03 1.408756179690150475e+03 1.172810655416343025e+03 1.125070395847434156e+03 1.093580946688662380e+03 1.209869159070676005e+03 1.795856137155510396e+03 1.791238992051246441e+02 5.610402226546862948e+03 -4.358807915607139876e+04 9.189790511883597355e+04 9.086459405867780151e+04 1.344009072997746443e+04 -1.138324956162614581e+04 1.822048764709165334e+04 -6.033030578221982068e+03 2.070411030818304062e+04 -3.142945947286410956e+03 -1.090691583631033973e+04 -1.060135832252561704e+04 -8.648681402337530244e+02 3.289967240803044842e+04 1.345865691800416243e+04 4.471908064866443965e+03 3.065909831638456581e+03 1.424421033602350803e+02 -3.554918944681374704e+00 -5.311195182848369996e+02 4.434493200077261463e+03 3.235286695233311548e+03 -1.748669851312492028e+03 2.634195216723598605e+03 2.895874625277084306e+03 1.373589506091037492e+03 6.366548840418878399e+02 -2.129640266940483343e+03 -1.244972761410309431e+03 -7.971458624401227553e+02 1.781111540670797694e+05 -5.770786587691776367e+04 -1.529943656971801247e+05 -4.062301584970536351e+04 -3.055758919568964848e+04 -2.254681963052827996e+04 -2.063939315866995457e+03 -1.285210227929056055e+04 1.215526699825569267e+04 2.815901040490597893e+02 4.661201386417122194e+03 4.523101017100956597e+03 -5.623997087331183138e+03 2.621017749100812580e+03 -2.276548720111882631e+03 -2.044152248220685578e+03 -4.552746508395874116e+03 -3.272679570800021793e+03 1.738325352074202556e+03 -1.095166416210502121e+03 -2.209428352523931153e+03 -4.014008771862622325e+03 -3.361063941863625587e+03 2.777775179860260323e+03 -1.602994528378544601e+03 6.951319836838194988e+02 3.715831079811445079e+02 1.291118641014994495e+01 2.368641637472864204e+03 -1.777381450041116977e+03
1.066680029846630932e+05 2.323350910913273037e+04 -1.520524223905082408e+03 -9.525202026565393965e+01 4.978268431721137858e+03 3.557090787678416746e+03 1.668798640434255503e+04 8.568981998597708298e+03 1.156715764538621988e+04 6.911254706963050921e+03 3.660176919411254858e+03 1.697976394243522009e+03 5.327630803446621030e+03 8.854315828220036565e+03 4.758384742055245442e+04 5.480589705667783164e+03 2.055043862773865385e+03 1.142361361528903899e+03 8.543172831283819733e+02 2.639095180721928045e+03 2.372776963818738295e+03 1.628118229077547880e+02 6.190252120859867091e+02 1.160762916316901283e+03 -3.484403665821398590e+02 3.277133459912254807e+02 8.326404533212664205e+01 -2.379300997850515387e+01 9.448410325852070173e+02 9.962069261368395701e+01 -1.869968504520275746e+05 9.755534043243517226e+04 3.456555929947492405e+04 1.025908460843203466e+04 4.473666437325601692e+03 4.534145277609481855e+04 1.732137318957121533e+04 -1.168532805761292730e+04 1.348017964750610736e+04 1.152138626366645622e+04 -5.335673806787895955e+03 -2.803008019323130156e+03 8.827110526989446271e+02 2.442268978030471771e+03 2.733502249111564015e+04 -5.419846752708657732e+03 1.125316927457718293e+03 2.569980776083328237e+03 -1.664931877743550331e+03 2.487189360890213266e+03 1.164775499168235001e+03 2.205967746805515162e+03 2.807445965349496419e+03 1.837725511456657159e+03 1.597950573483866037e+03 -8.834647211003724578e+02 -5.509820964925756925e+02 -3.118258256769687478e+02 3.115466115653197221e+02 -9.407294067325215110e+02 -1.197705720509609237e+05 -1.086540918900623656e+05 -1.291482639066555130e+05 -3.545284132579443394e+04 2.140012623255888320e+04 1.016613319772060095e+04 9.586721222766163919e+03 -2.836369491973465847e+04 -1.000841240605359872e+03 1.377023486063451492e+04 7.099064108418686374e+03 3.147728700379930615e+03 5.420211382118455731e+03 -6.869965012117476988e+01 8.307187437382202916e+03 3.219824777704161988e+03 -1.381499115227636878e+02 -4.266897364397154888e+03 2.280040286843591275e+03 3.062652695119843884e+03 1.185528921779517759e+03 5.683085843356784608e+02 -7.091299993455385220e+02 8.542752448062745998e+02 2.177870169028863529e+03 3.423395349349328626e+03 -2.698124878215991430e+03 2.819504315572622772e+02 7.213645062312866685e+02 -4.280144171065535375e+02
9.609147327233408578e+04 3.911443435335585673e+04 7.267727090227644658e+04 3.252347716151502027e+04 -3.240594598242196298e+03 7.143006711648376950e+03 5.131107897857294802e+02 -3.096263212601846135e+03 4.903209406122979317e+02 6.208352505293787544e+03 3.292479581542218966e+03 1.927320466978920194e+03 2.699705509635560702e+03 2.739658800261735905e+03 5.480589705667783164e+03 3.765448556512378855e+04 7.560616057702067337e+03 2.465402524781536613e+03 1.908303180788975169e+03 2.333576022044596812e+03 2.642032487548106019e+03 9.608165931657886176e+02 1.763184539379748458e+03 9.205378077362199747e+02 6.131065721313965611e+01 7.763369381986359485e+02 3.252199296786940863e+01 7.653550672827158223e+02 8.882039280862263695e+02 7.645119945194679758e+02 -1.220965366205505561e+05 1.814563729287733395e+03 1.138604005473389116e+05 5.660212864218238974e+04 -5.828958881487432336e+03 5.817472144098956051e+04 5.414564630225998553e+04 1.705862865038855716e+03 1.292272507964546276e+04 8.421088875239045592e+03 -2.347372436275991731e+03 -6.328199402752667083e+03 8.595374880635241652e+02 3.366931726882514795e+02 5.729977831742467060e+03 1.576463571655497435e+04 8.028046526220306305e+02 -1.520820973463023165e+03 -8.682890904330008652e+02 2.217890573799348203e+03 1.255461773930054733e+03 4.746838657436398989e+02 3.420646883666804115e+03 1.304065115785621629e+03 1.862373469385771386e+03 -4.764914291981350516e+02 -2.436590330673251117e+02 -1.198367543432490493e+03 8.794142850754163021e+01 -4.632076070105988492e+02 1.814256252686002408e+05 4.323122055930533679e+04 9.618623958814889193e+03 -4.607207298786341198e+03 9.163171372292143133e+03 1.658554985177937488e+04 4.927102504703747400e+04 1.773222389407432274e+04 6.188407251316240945e+03 1.185949853232111855e+04 6.551568720229252904e+03 -4.214782884854983422e+03 -1.085861166543849686e+04 -4.189505614116165475e+02 1.653141535658068051e+03 1.868450561774300468e+03 -8.410641772971949877e+02 -4.926416771475628593e+03 -6.425443248654364652e+02 2.142303916918008042e+02 1.410249361646899047e+02 -5.334506044393829143e+03 -1.030148730543844749e+03 7.651163979903596157e+01 1.748249296894940244e+03 2.171268166920593103e+03 1.440974681915702831e+03 -3.822184155613790040e+02 -2.139447046382636017e+03 -9.271930185542126992e+02
-1.533317216143387486e+05 -2.560000336350754515e+04 2.560799899204977555e+04 2.599829644440246284e+03 1.838462325098909059e+04 5.078913820332406431e+03 7.898342499772051042e+02 1.544610829890687455e+03 9.206986206349973145e+03 6.133656635317954169e+03 4.811621663704869206e+03 2.707561802703023204e+03 2.288362223274220469e+03 3.016969246195976211e+03 2.055043862773865385e+03 7.560616057702067337e+03 3.273735706740315072e+04 6.799213906820597913e+03 2.326686065737422268e+03 1.700969342644991684e+03 1.600113010240798758e+03 1.190168096908241068e+03 1.590395388321297105e+03 1.248992596778854477e+03 8.539160132270709482e+02 1.518771235820308902e+03 1.135168988589382479e+03 9.708801487001856003e+02 6.134276813729748028e+02 1.935535530964404671e+01 -7.727672846076884889e+04 -1.183272454721387039e+05 3.719305496710234729e+04 5.656362726392431796e+04 1.779862743486920590e+04 3.238184725639553290e+04 4.076425106527019125e+03 4.476408569449553397e+03 4.663925545087952742e+03 3.268894974241049113e+03 2.652967137005004588e+03 5.370692347676121244e+03 -3.668294250623300172e+02 -1.228076551162780106e+03 2.008250897463266256e+03 -6.250792952779227107e+01 1.271228182316358470e+04 2.474434989442174810e+03 7.468479916521323503e+01 2.931292468003732097e+02 -1.002759503622032753e+03 1.151459060520636513e+03 6.132757248572082744e+02 3.399850883509558912e+02 2.784651621012251326e+03 1.121736722269386519e+03 9.994601776758959204e+02 -1.606189648046697130e+03 2.017386591650039520e+02 1.851161043159291239e+03 -6.774858828134536452e+03 -6.312014175753507880e+04 -4.837630294622496876e+04 -3.747402195941928221e+04 5.067323412038804236e+04 4.201734046189854780e+03 -1.851838636903202132e+04 1.127166614607711927e+04 1.394801694702277382e+04 -9.438638189398022860e+02 -4.900035687245080226e+03 1.627984852753307450e+03 9.196503110762541837e+03 3.639295820852316865e+03 3.019855148861058751e+03 4.321560852133979097e+03 3.548873179033799715e+03 -1.140630025214925581e+03 -2.083485960249020536e+03 3.324942179027744373e+02 -1.029695167075305449e+02 -5.081596163104372721e+01 8.465692318308620088e+02 7.993133089101409041e+02 7.992004884058056859e+02 1.620070830820796346e+03 3.526144576789837174e+03 -1.376483996911195845e+03 1.074436716864204072e+03 -1.602005072641760762e+03
