4.759573921126344204e+08 1.074640161545003019e+07 -2.166881701399177779e+06 -5.543957411340394756e+05 -2.528412362103341147e+06 -2.683198013961088378e+06 8.071872366310311481e+05 -1.206991886532030301e+06 -1.967483877508557925e+05 -9.922263901229806652e+04 -8.963616227912363829e+05 5.175951662401138456e+05 2.704219970406205393e+05 1.970009459527254803e+05 3.831262890612126794e+05 2.048398525073007331e+05 -2.267710867613492010e+05 4.003516197134248214e+05 3.539146200688496465e+05 4.074283087707333470e+04 3.975018520382053248e+04 3.292251797715002226e+02 1.293559957014077918e+04 -1.214308429554694012e+05 -8.331827737918222556e+04 1.279888354410722095e+05 1.963257580452820548e+04 -4.748936420254239056e+04 1.177061270849296270e+05 -2.484916229640063830e+05 1.480459731946104169e+08 -2.029142279537410289e+07 1.499287354291870957e+06 -7.336513168553290889e+06 -2.039819493325130781e+06 -8.410930529189769179e+06 4.735773227878386155e+06 -1.636859750378669938e+06 2.872588895048790611e+06 3.764053907858046587e+05 -1.340988974395754514e+06 8.986750630762649234e+05 1.739355073631970445e+06 8.827040960226864554e+05 4.403660249810545938e+05 9.951722109869292472e+05 -2.172231543816558842e+05 2.057947825773958466e+05 3.761427915761377662e+05 1.855446905434586806e+05 4.070075218723666621e+05 5.562465926777351415e+05 -1.300383596780914668e+05 -9.354854251278628362e+04 -1.242707815898621629e+05 1.949145015887836344e+05 5.862194827490796160e+04 -2.821711746014400851e+05 2.740767454031952657e+05 1.972672841670615016e+05
1.074640161545003019e+07 2.614630502198711634e+08 9.676468796172954142e+06 -1.838697565387836949e+05 5.958164907683273777e+06 -9.525621447435504524e+05 8.730833482417572523e+05 -1.119637556029007537e+05 1.398440623089286732e+06 -9.033236917557647394e+04 6.018835993408915238e+04 3.264700133211722714e+05 1.002366537516275566e+05 7.991807637349997822e+04 2.252215758667943301e+05 2.509498577488524024e+05 1.806847899390643288e+05 1.688813687791486445e+05 -4.623013739697509300e+04 2.706497219935147441e+05 1.754807536224174837e+05 -9.823569618789106607e+04 1.895220060643379984e+05 2.841360688597866683e+05 -2.123568711977766943e+05 1.970590384956398339e+05 8.795028130420330854e+04 7.697072546582044743e+04 -6.089482573586718354e+04 1.195938612777252420e+05 8.607839142092810944e+06 2.278711990352590084e+08 1.338143164378928579e+07 9.638841510772094131e+06 1.339597750171029754e+07 -5.684996696915843524e+06 5.035820368559506023e+05 -1.390470385537160328e+06 2.332244012951794546e+06 8.783832515302578395e+04 8.585460131180413300e+05 5.185416874555032118e+05 -4.657291823029489606e+05 8.912257303023836575e+05 3.030648956814590492e+05 6.733928830170193396e+04 -3.448516384116549743e+05 3.009742194368157652e+05 -1.018577383091075026e+05 3.081162257070392952e+05 -2.975121580289909616e+05 -1.343882654724664753e+05 2.571253922095123562e+05 3.833334538562279777e+05 -4.226650050190350157e+05 3.324139819041448063e+05 3.002723543570312322e+05 4.677564433946041972e+05 5.686332418851184775e+04 -7.556369155967999541e+04
-2.166881701399177779e+06 9.676468796172954142e+06 9.318308216540808976e+07 5.647838616381772794e+06 1.527120816069334047e+06 -5.818692941545043141e+05 -8.079426046072930330e+05 7.009636500093879877e+05 4.224517457976550795e+05 4.911324720759837510e+04 3.407568257834305405e+04 -1.243984447620030405e+05 2.318480187072094413e+05 2.057549730035565444e+05 2.656368340802376042e+05 -3.504706272744679154e+04 2.201814659577035345e+05 -4.214735370552784843e+03 7.923382427744395682e+04 7.909945969129142759e+04 5.716278516421098902e+04 2.193878123258413689e+04 1.393173802465500921e+04 2.511116630072725457e+04 -2.068136196521231250e+04 8.436053836957117892e+04 5.337492209442886087e+04 -3.439649551261908073e+03 7.890732936534700275e+04 4.473921403203603404e+04 9.683462603525822982e+06 1.828355985719707981e+07 1.151137258567776680e+08 4.058424668051165529e+06 1.647643445040601073e+06 -1.208753859869666165e+06 -1.393810314630994340e+06 1.278231539789486211e+06 -9.158470982113071659e+04 1.415392131840111688e+05 7.262708552345800854e+04 -7.143600966103136307e+05 -1.271055428562149318e+05 3.377601992325920146e+05 6.708770776189982425e+05 -7.629165903801530658e+04 9.450415975781300222e+04 -5.649357544811433763e+04 -1.588555208239628701e+05 2.366931570045259141e+05 3.270455997731122807e+03 2.143403895492028678e+05 2.054193514102580084e+05 2.452148758067205199e+05 -1.489729680938612146e+05 1.812976893850876950e+05 -9.157752932730538305e+04 1.482707770809862122e+05 2.582594315952582983e+05 5.276072856346332992e+04
-5.543957411340394756e+05 -1.838697565387836949e+05 5.647838616381772794e+06 3.650220054118991643e+07 2.444650430317856371e+06 8.659056217658917885e+05 1.127634748791210732e+05 3.939259802456100006e+05 4.839576009233755758e+05 -1.580163514078095322e+05 2.301929939892771654e+04 1.392518855922914809e+05 2.466757489612421778e+05 1.381744985599450047e+04 3.359254648207280843e+04 1.768657872327999485e+03 1.237778676727920811e+03 8.362529855995498656e+04 1.536707487296248109e+04 4.541145112918326777e+04 5.966549123094162496e+04 -4.843996369623300779e+03 4.543117734321032003e+03 1.017966216215254244e+05 7.544552994448952086e+04 2.540947016409096614e+04 1.968585716864619098e+04 1.348429096246994050e+04 1.779548602862189728e+04 1.902155108621335603e+04 -6.676955339692790061e+06 8.181943053734571673e+06 9.118760077084783465e+06 4.689368338011720777e+07 1.916613386344681727e+06 2.511983987419742625e+06 6.458276687941558193e+05 -4.288804910918932292e+05 7.632960378876843024e+05 -7.005139085320249433e+05 -4.869706912461260072e+04 2.293408625581013912e+05 1.637866358191036270e+05 2.561465656676833460e+05 1.483446545161727990e+05 -2.232404068140067393e+05 9.179812148578198685e+04 1.592924602853994002e+05 -1.411335187595619354e+05 -6.231794449623963010e+04 4.283497094869635475e+04 -1.573446265911361552e+05 4.238266909997694893e+04 1.314831652579981019e+05 -2.292048994546766335e+04 1.327430192985407193e+05 5.657490630159009743e+04 2.525510253336767710e+04 6.195639153461081878e+04 -6.613697443516211933e+03
-2.528412362103341147e+06 5.958164907683273777e+06 1.527120816069334047e+06 2.444650430317856371e+06 1.693135106921717897e+07 7.758279865287671564e+05 1.462338896682880877e+05 -5.978357179642887058e+04 -1.035358874114714672e+04 -1.298333976957565210e+04 2.234113613699889975e+05 1.731413830386166228e+04 1.244188431289801083e+05 1.374681232227719192e+03 -4.193880355990021053e+04 7.874432679224605090e+04 5.822457590569708555e+04 -1.536276875934766576e+04 1.131925121619178535e+05 3.572024575157868821e+04 5.957596925865996309e+04 3.848537599084376416e+04 1.854032680713242007e+04 6.672112731693794103e+02 2.289284935273025923e+01 5.027971812912393943e+04 6.891916958847024944e+04 2.377633962442989287e+04 3.067036179852722398e+03 4.915281329774318147e+04 2.580037790890891105e+06 7.682299013306534849e+06 -1.699313772956906818e+06 4.248484142772829160e+06 2.228107728403177485e+07 5.494806845069327392e+05 7.363114623446807964e+05 4.669951064706521574e+05 1.752253459330722399e+05 -4.210451926700338954e+05 1.176327219189963034e+04 -2.100439541739002016e+04 1.024545623719691503e+05 -1.440703773738345189e+05 -1.586984935084890749e+05 1.503105005592095258e+05 1.794655293544788146e+05 2.942314726534454894e+04 2.416017313527385995e+05 1.936572071759880346e+05 1.847616114974083903e+05 5.265673659794025298e+04 8.719305083779955748e+04 5.893146667920345499e+04 -2.877901282380315024e+04 8.809914017123256053e+04 1.895232416512187629e+05 -1.032212871415106565e+04 1.543896149422898270e+04 4.102335883825519704e+04
-2.683198013961088378e+06 -9.525621447435504524e+05 -5.818692941545043141e+05 8.659056217658917885e+05 7.758279865287671564e+05 7.621183663152183406e+06 1.422919199140451383e+05 1.156911169072994235e+05 1.264885646682241641e+05 -6.995911338921436982e+04 2.715603958541259271e+04 2.344014524386901394e+04 -2.285451201985947773e+04 7.519076327219976520e+04 4.015743524780089501e+04 1.607318964038926970e+04 3.963383756804520090e+04 2.323508505614315072e+04 6.116374325598924042e+04 3.817160596408792480e+04 3.610749617758769455e+04 4.436337205720663042e+04 3.255662034623771615e+04 2.350134774554154501e+04 2.068499018790578702e+04 2.518407724189544024e+04 8.282891798830798507e+03 1.333794918191779288e+04 -1.589608262351663325e+04 2.779221994254131914e+03 1.854283766670213547e+06 -4.526980265960710240e+05 -3.042268949230906088e+06 1.929838752489021514e+06 4.777785958284601802e+05 1.065041654261446558e+07 2.368890203896041494e+05 1.004192018028827006e+05 -7.328515173285371566e+04 -8.896224693051517534e+04 3.483644792689482565e+05 -9.481098348492808873e+04 1.264806235619543877e+05 3.401557312987314654e+05 1.381742838283944002e+05 7.243363546775036957e+04 -1.152814033239245691e+04 6.350883393606455502e+04 2.343149708307909532e+04 -2.010832050341753711e+04 -4.254573301629563503e+03 4.479535157046109089e+04 5.999657207973339246e+04 4.167801110645336848e+03 5.238304597853035375e+04 -3.553418117776735016e+03 -2.286280373782359311e+04 3.761345571676690452e+04 -3.450708124248746026e+04 -2.693963832229257969e+04
8.071872366310311481e+05 8.730833482417572523e+05 -8.079426046072930330e+05 1.127634748791210732e+05 1.462338896682880877e+05 1.422919199140451383e+05 4.925112589095443487e+06 3.789003530320539721e+05 -1.938331785965161398e+05 -1.893030511339161239e+04 9.127688412212466937e+04 1.165154393724073016e+05 -1.554298339141076758e+04 3.921648161383856495e+04 2.376475324457452189e+03 3.028738853426603237e+04 3.243197869617392280e+04 -1.046608450873656511e+04 2.329022493173230032e+04 3.528404631885013077e+04 2.883015288310115284e+04 -7.490614883498117706e+03 2.772232265423868739e+04 8.044173784165452162e+03 2.010712041398517613e+04 2.885823557307861847e+04 2.982420253590027187e+03 3.061422095265934331e+03 6.115455229645009240e+03 -1.165859971539748221e+04 3.736949142445899779e+05 1.335276173377125815e+05 -1.980934328384207562e+06 5.987534755760723328e+02 7.624197552189568523e+05 5.715755980292017339e+05 7.639767498481578194e+06 4.562484010251409491e+05 -3.449457991944470559e+05 3.252272242686573009e+04 2.976004952566477004e+05 2.145151874325366807e+05 -1.047399525356012746e+05 2.107545191177937668e+05 -8.271131077700982860e+04 7.068362877200194634e+04 5.008974216731601337e+04 6.767644384582938073e+03 -6.222123026785415050e+02 8.150592137240857119e+04 -6.168627164260907011e+04 -3.570855403632438538e+04 2.483293521849718672e+03 -1.393755934365757457e+04 3.368757315550365456e+04 3.876643150505829544e+04 -1.068767183442366104e+03 1.729336715833888957e+04 1.726095883067639807e+04 -1.565607216379023885e+04
-1.206991886532030301e+06 -1.119637556029007537e+05 7.009636500093879877e+05 3.939259802456100006e+05 -5.978357179642887058e+04 1.156911169072994235e+05 3.789003530320539721e+05 2.875804527528253850e+06 2.128446101909185527e+05 -3.615801996610192145e+04 -2.800265257697705238e+04 3.732440803234329360e+04 4.011878614668960654e+04 2.490059756894527891e+04 1.374737081771196188e+02 5.782287518273090973e+04 5.878570419577097709e+03 2.113926521063606287e+03 2.262682401227924129e+04 2.934013758411980598e+04 1.840375596871704329e+04 3.763221144469671799e+03 -1.823996719366694606e+03 1.986471771053353586e+04 1.746295564992310756e+04 2.277622866816339592e+04 1.368379026775996499e+04 6.251327324449247271e+02 1.626931715316333612e+04 -7.144995409988950087e+03 -5.999454853484930936e+05 -2.094262863579103025e+06 1.987218289510156028e+06 9.979828310314529808e+05 3.662278234437310603e+05 3.143669001797151286e+05 5.046218797713873792e+05 3.725496225902849343e+06 1.747427500846807088e+05 -3.554370788278193504e+04 -6.520569689590856433e+04 6.594691708124219440e+04 1.456587061822424876e+05 3.851464707815138536e+04 3.051727059458929216e+04 7.696519423329838901e+04 1.051686130941523152e+04 -1.264732873279164960e+04 1.612575032751633807e+04 1.323104151370801810e+04 1.056448707492860922e+04 -1.671549935309429929e+04 5.871230009763406997e+03 -6.943483045074691290e+03 3.908490856833507132e+04 5.515723725047610060e+04 3.169375884491962279e+04 7.828781660600784562e+03 2.850709111968408615e+04 1.479550595519611306e+04
-1.967483877508557925e+05 1.398440623089286732e+06 4.224517457976550795e+05 4.839576009233755758e+05 -1.035358874114714672e+04 1.264885646682241641e+05 -1.938331785965161398e+05 2.128446101909185527e+05 1.726578181915546767e+06 6.560566618586110417e+04 4.190639552848919266e+04 5.024969787990476470e+04 5.808996095750199311e+04 1.820206339025726265e+04 1.423008126495886427e+04 1.660087058073073422e+04 1.068143994845178713e+04 4.072106718714575436e+03 1.543349626253134375e+04 1.996639935349128064e+04 9.521775409809699340e+03 1.777891493954342877e+04 6.617544920595962139e+03 -5.266503936875850513e+02 1.336665727755833814e+03 2.000575094509002884e+04 1.072891662511041068e+04 2.864504219996485517e+03 4.259794254633163291e+03 7.243765700444489994e+03 -1.226344202850675210e+06 -3.813392930636974052e+05 1.033826787017131574e+06 4.605599811264665332e+05 3.273511788864369737e+04 -2.146794787536562071e+05 -3.919430320228883647e+05 -1.104918293355655042e+05 2.249879991197283380e+06 -9.669610320803434297e+04 -8.143025419692717151e+03 7.336558027142830542e+04 -7.757781176659153061e+03 2.843777629254273052e+04 1.944465265761283717e+03 2.391720248824841838e+04 -3.075262568875130000e+03 -1.867468386437981826e+04 4.845771724021314003e+04 -8.061383316980802192e+03 -3.744306572408263492e+03 5.944916613036959461e+04 1.543285486211184616e+04 8.922915252140155644e+03 2.013504572652131174e+04 3.440426748345661326e+04 3.476747735151841334e+04 -7.390351595604312934e+03 2.092721884230956130e+04 -6.202255540762760575e+03
-9.922263901229806652e+04 -9.033236917557647394e+04 4.911324720759837510e+04 -1.580163514078095322e+05 -1.298333976957565210e+04 -6.995911338921436982e+04 -1.893030511339161239e+04 -3.615801996610192145e+04 6.560566618586110417e+04 1.022880769503927673e+06 5.084417669538352493e+04 -1.575345246695866081e+04 -3.146760573703193586e+03 3.056727913467086910e+04 4.176640265068509507e+03 1.200731713670739919e+04 2.473310396478132679e+04 1.344016822257058084e+04 5.418478902552681575e+03 -8.918552749146203496e+03 -2.851874211293115309e+02 9.324779908837766925e+03 8.729981506167396219e+03 -1.334975068512336293e+03 8.312972880292579703e+02 -6.096731494816947816e+03 2.641287144962710954e+03 -2.097085032592824064e+03 1.785962508142017668e+03 4.916052852438681839e+03 4.164266836705559399e+04 3.087024299398926087e+05 -1.013693097396214398e+04 -1.452207687275450735e+05 3.553683123877470498e+05 -3.557247699508885125e+04 -2.356310213050689781e+05 -8.715041782937622338e+04 8.014587116675071593e+04 1.420789046589193400e+06 3.628072101159473823e+04 -3.299636127602279885e+04 -4.303631058591912006e+04 1.091276211207524611e+05 2.261153882198564315e+04 -7.270441326906000540e+03 4.287436891581352393e+04 -5.521994247047218778e+03 3.724557821147170762e+04 -1.755397591286843453e+04 -1.438281249184103581e+04 -5.330543797246885333e+03 1.779404760478382377e+04 -6.715186237492665896e+03 2.821205585812346908e+04 4.526630967801615952e+03 1.959778856640295271e+04 9.226808160291690001e+03 6.554711541833169576e+03 6.750282459545841448e+03
-8.963616227912363829e+05 6.018835993408915238e+04 3.407568257834305405e+04 2.301929939892771654e+04 2.234113613699889975e+05 2.715603958541259271e+04 9.127688412212466937e+04 -2.800265257697705238e+04 4.190639552848919266e+04 5.084417669538352493e+04 6.444141858163989382e+05 5.111648444425075286e+04 1.395858616198264463e+04 3.212961030049890906e+04 1.833480024479577696e+04 1.517271081507740746e+04 -8.496535965388287877e+03 1.306653458457948727e+04 1.439877403433970721e+04 2.589308591079849975e+03 1.115440318801981630e+04 -8.213222404135005490e+03 4.243524230756393081e+03 6.107974034028146889e+03 9.162265375150494947e+03 3.358293032488660174e+03 -2.742558114865148582e+02 7.990824733068645401e+03 5.453506991585041760e+03 6.401005742195808125e+03 8.728054628263519844e+05 6.699501293258051155e+05 -2.061674342446373194e+05 -1.636547805689247034e+05 1.015121129618273699e+05 -4.089004475104786252e+04 1.786097240895296272e+05 -1.561118425832001376e+05 -3.690126484351073304e+04 8.000736632569348149e+04 9.450020965126808733e+05 5.908464902957818413e+04 1.076259994736425142e+03 5.456185215122713998e+04 -2.101635105497887253e+03 2.116464019047818874e+04 -2.536019852701549098e+04 3.147928468000993234e+04 4.465935593382219668e+04 -1.451509839773855674e+04 1.630282590519560836e+04 -1.185838931495374163e+04 1.757926608153658890e+04 2.085732855822349666e+04 1.944770593591512079e+04 1.405025563762573074e+04 -3.984720665317312978e+03 8.921718869787826407e+03 6.192442520837018947e+02 2.034124515504002193e+04
5.175951662401138456e+05 3.264700133211722714e+05 -1.243984447620030405e+05 1.392518855922914809e+05 1.731413830386166228e+04 2.344014524386901394e+04 1.165154393724073016e+05 3.732440803234329360e+04 5.024969787990476470e+04 -1.575345246695866081e+04 5.111648444425075286e+04 5.243670862806919031e+05 6.723064529006680823e+04 3.226716841527798897e+04 2.395076331493864927e+04 2.190832198084515039e+04 -1.625968485932766498e+03 1.329044862820694470e+04 -8.593671477890542519e+03 2.107268158164782290e+04 9.563338752158122588e+03 2.635722296178553734e+03 -1.521251423765986829e+03 9.068645728343795781e+03 3.321965903071522348e+02 1.693810247655382909e+03 4.538873421262250304e+03 4.026470934418615343e+03 8.735342542993665120e+03 -1.191974920403129545e+03 9.539686704435256543e+05 2.956513547583296313e+05 -1.610402880818345584e+05 9.590911136594139971e+05 1.103559899179483764e+05 -1.567228766357371342e+03 1.062740022514375596e+05 1.182771701102427178e+05 9.509951375281350920e+03 -1.297293035431778117e+05 1.034251342117481399e+05 6.964976712901464198e+05 8.811950360489534796e+04 4.134783817556028953e+04 -6.547286463789347181e+03 -1.003746355287935694e+04 -1.138465188038016095e+04 3.818181430739392090e+04 -2.184842671533584507e+04 2.410450659810010984e+04 5.613926670530803676e+03 -1.417544089741782227e+04 -1.698840145200996631e+04 1.503437518989724049e+04 3.700773423170201113e+03 5.098664544900244437e+03 3.689689565726907404e+03 8.588620016373160979e+03 1.800636008323392525e+04 1.029262925749702845e+04
2.704219970406205393e+05 1.002366537516275566e+05 2.318480187072094413e+05 2.466757489612421778e+05 1.244188431289801083e+05 -2.285451201985947773e+04 -1.554298339141076758e+04 4.011878614668960654e+04 5.808996095750199311e+04 -3.146760573703193586e+03 1.395858616198264463e+04 6.723064529006680823e+04 3.827587233775257482e+05 4.949002921962046094e+04 2.328645772835396201e+04 4.113944985996092328e+03 -1.451880061827144800e+03 1.252406991412407115e+04 6.874274387844514422e+03 5.241078432783777316e+03 8.972453320475597138e+03 8.594131625291918681e+03 2.794824051449592844e+03 -1.893094188233488467e+03 3.846376074888330550e+03 3.375113606489102040e+03 5.755210230876255991e+03 3.773961554070657257e+03 1.026790526852542143e+03 -1.745301457577394331e+03 -2.093006302241657249e+04 1.607620886425734789e+05 4.889917040404212894e+05 4.667282494235537015e+05 1.424517471473099140e+05 -1.658207262700025967e+04 3.577656700719249784e+04 9.632279381718607328e+04 7.625694810719083762e+04 -2.869022177586311500e+03 5.627320014197532146e+03 6.362355867377974209e+04 5.218787501028679544e+05 4.504544819108322554e+04 2.087116587082919432e+04 1.626853985628023111e+04 -1.770082381768566120e+04 2.288253807373137533e+04 -6.121102587609468628e+02 -8.523108656161396084e+02 9.301697332177009230e+03 2.171473935909195643e+04 -1.013138008314943727e+04 -1.211458201651097079e+04 -2.675467289609496788e+02 9.545687102720372422e+03 1.679264843747706982e+04 7.394289397890657710e+03 9.418707914886796061e+03 -8.947210414186175740e+02
1.970009459527254803e+05 7.991807637349997822e+04 2.057549730035565444e+05 1.381744985599450047e+04 1.374681232227719192e+03 7.519076327219976520e+04 3.921648161383856495e+04 2.490059756894527891e+04 1.820206339025726265e+04 3.056727913467086910e+04 3.212961030049890906e+04 3.226716841527798897e+04 4.949002921962046094e+04 2.821492042661398300e+05 3.779020481269019365e+04 3.447721761108315150e+03 -2.433298856862111734e+03 2.158707792442390200e+03 1.401624293679459515e+04 7.389683977631124208e+02 5.901998290346540671e+03 6.858126259276235032e+03 6.530586771499361021e+03 4.034812099850329105e+03 7.884389760495394057e+02 1.194027969117498515e+03 4.722995153424178170e+03 5.310837016414082427e+03 7.695830517338130448e+03 3.631540083820862492e+03 2.494463880727421201e+05 -4.942408778204453411e+05 6.354747213181753068e+03 2.844093306934814318e+05 -2.771319478481056285e+04 8.577366498828271870e+04 7.038782229732349515e+04 2.893740767554584818e+04 -1.884414276874400093e+04 7.150891984641015006e+04 4.244540132604535029e+04 2.632220073027754552e+04 5.197950797253845667e+04 3.833525381403552019e+05 3.139760573372062208e+04 7.095423267263238813e+03 -1.068445266811016700e+04 -5.423148421635761224e+03 3.122399440165031410e+04 -1.364512418938380733e+03 5.773783072910167903e+03 4.210966438382534989e+02 4.261909281398459370e+02 1.062622921151833725e+04 1.131052856521281683e+03 -3.587028177607695397e+03 1.844401157014929595e+03 1.575418249202755214e+04 1.115205727183508861e+04 2.843611547583308493e+03
3.831262890612126794e+05 2.252215758667943301e+05 2.656368340802376042e+05 3.359254648207280843e+04 -4.193880355990021053e+04 4.015743524780089501e+04 2.376475324457452189e+03 1.374737081771196188e+02 1.423008126495886427e+04 4.176640265068509507e+03 1.833480024479577696e+04 2.395076331493864927e+04 2.328645772835396201e+04 3.779020481269019365e+04 2.070908973856521770e+05 1.939267970239007627e+04 3.093743341970638085e+03 6.635395846856313256e+03 7.430795368110369964e+03 -2.861551130159459149e+02 3.737051307967221419e+03 2.367930104032684085e+03 2.206797558912208842e+03 -2.794473943185778808e+03 3.981271497971954432e+03 1.777191572594693525e+03 3.850755107855893129e+03 5.856610148068994022e+02 5.334205985393367882e+03 -9.753299631599666100e+02 2.998510086814489914e+05 3.570187052198514575e+05 -9.303531088493506832e+04 1.362904356594645833e+04 -6.220043783188630186e+04 1.241794481647655994e+04 1.596152492819332656e+04 3.149877871301386404e+04 8.323719275035306055e+03 -2.327676704953807985e+03 2.983536883308203687e+04 3.526252318921838014e+04 1.793842039901062526e+04 5.361112194213952171e+04 2.469472853754124662e+05 2.582435398752914989e+04 3.006573748540110955e+03 1.409812632991028840e+04 1.386837074607267459e+04 -3.119637663258032262e+03 6.904887055187855367e+03 1.134052661042775617e+04 -3.005337462403403151e+03 -2.824659480116688428e+03 4.516689987007788659e+03 7.638167742975768306e+03 -2.102214705929950014e+03 3.578314687440116813e+03 9.291985310622727411e+03 -7.646136825928191683e+03
2.048398525073007331e+05 2.509498577488524024e+05 -3.504706272744679154e+04 1.768657872327999485e+03 7.874432679224605090e+04 1.607318964038926970e+04 3.028738853426603237e+04 5.782287518273090973e+04 1.660087058073073422e+04 1.200731713670739919e+04 1.517271081507740746e+04 2.190832198084515039e+04 4.113944985996092328e+03 3.447721761108315150e+03 1.939267970239007627e+04 1.633396227663220780e+05 1.991468504736411342e+04 7.377905627765751888e+03 7.574461778719289214e+03 1.005626584223947248e+04 6.745855770805788779e+03 8.045975687407298210e+03 3.968696691634622766e+03 2.688741192611526458e+03 5.038460276534351578e+03 3.217633003385081338e+03 3.057004489490414926e+03 -2.740568091696582087e+03 -4.389511401618576087e+02 2.608781829283004754e+03 7.549973884747591801e+05 -4.850167685615728260e+04 -2.862926436336920015e+05 2.377482599773676193e+05 1.693895131501053984e+05 1.025737455166934087e+05 -7.202960660688493226e+04 9.473014335773917992e+03 -2.812766972607981188e+03 1.513945472337846695e+04 1.255548709127574512e+04 3.943477883302426198e+04 2.064672959469561101e+04 -1.562493775626560273e+04 5.168384898510041239e+03 1.940815331251946627e+05 2.699071097343619113e+04 1.761162042957017184e+04 -6.350452879579541332e+03 1.175870544382148910e+04 7.951824557961564096e+03 1.663020873551400291e+04 1.028174107355903061e+03 5.515554281980183077e+03 8.506991754529313766e+03 5.889081720413513722e+03 8.914053189685389953e+03 6.689768427960345889e+02 5.111210763397090886e+03 1.123883096847802881e+04
-2.267710867613492010e+05 1.806847899390643288e+05 2.201814659577035345e+05 1.237778676727920811e+03 5.822457590569708555e+04 3.963383756804520090e+04 3.243197869617392280e+04 5.878570419577097709e+03 1.068143994845178713e+04 2.473310396478132679e+04 -8.496535965388287877e+03 -1.625968485932766498e+03 -1.451880061827144800e+03 -2.433298856862111734e+03 3.093743341970638085e+03 1.991468504736411342e+04 1.385597545094221132e+05 1.253389997859191863e+04 -6.027188120191715825e+03 3.391148301870613523e+03 -2.316960164173156045e+03 -9.488174085640173416e+02 7.262290330220035685e+03 5.455627142595022633e+03 -1.183480315053911681e+03 4.714028385150931172e+03 2.062594182967350775e+02 8.532843798660381935e+02 7.769424724794237136e+02 4.971644703904256858e+03 -2.445240680752215849e+05 6.886972985493243905e+05 2.763785555826994823e+05 -6.781076950313689304e+04 1.016007987760425021e+05 6.385420292153738410e+04 -2.745731098627296888e+04 -1.011050422417512664e+03 2.353440629761525634e+04 6.615326916927217098e+04 -2.402157178214432133e+04 -9.987693721664448958e+02 5.031907850866266926e+03 -8.012343405482031812e+03 6.354927229074238312e+03 3.703066279127731832e+04 1.797207983595610713e+05 3.093605673153588941e+04 -1.043062554486432964e+04 9.090088396458670104e+03 -9.873503769606079004e+03 4.561490261985389907e+02 1.027482465809579844e+04 9.933909423089640768e+03 7.704884357466783513e+03 9.604324445003161600e+03 4.697674613938715993e+03 4.721066979226165131e+03 5.150254793869306923e+03 1.071495032903184256e+04
4.003516197134248214e+05 1.688813687791486445e+05 -4.214735370552784843e+03 8.362529855995498656e+04 -1.536276875934766576e+04 2.323508505614315072e+04 -1.046608450873656511e+04 2.113926521063606287e+03 4.072106718714575436e+03 1.344016822257058084e+04 1.306653458457948727e+04 1.329044862820694470e+04 1.252406991412407115e+04 2.158707792442390200e+03 6.635395846856313256e+03 7.377905627765751888e+03 1.253389997859191863e+04 1.076390468486291938e+05 8.676535266674189188e+03 2.992921993871769246e+03 1.178757721900993602e+03 6.304280393855588045e+03 4.241808035574290443e+03 1.309367429066310478e+03 2.561063119438989361e+03 4.439246853227816246e+03 1.938890251391399488e+03 2.245072810933310848e+03 1.671201406536754348e+03 2.581782930062435753e+03 -2.028342811580231646e+05 -4.153668556857168733e+04 -3.359351892290105461e+05 1.419944643655351829e+05 -9.466815309741823876e+04 3.700639614888955111e+04 -9.207520334060321329e+04 9.976201059543465817e+03 -1.003852253123986338e+04 1.262951097150094756e+04 1.862553049272301723e+04 -2.814388655351810485e+03 4.333519633705183514e+04 -3.657363451187409737e+03 5.725115321301794211e+03 1.199032143671945414e+04 1.748051448190617157e+04 1.353251246150347288e+05 7.105191992143644711e+03 -9.004473146284466566e+03 2.525154280645370363e+03 2.786929919012788105e+03 3.130033996946469870e+02 -4.590492990025761060e+02 4.747477518303619945e+03 2.864418548491836646e+03 -3.100568788444636539e+03 4.081864297187805732e+03 6.380735195985758764e+03 9.114947496082650105e+02
3.539146200688496465e+05 -4.623013739697509300e+04 7.923382427744395682e+04 1.536707487296248109e+04 1.131925121619178535e+05 6.116374325598924042e+04 2.329022493173230032e+04 2.262682401227924129e+04 1.543349626253134375e+04 5.418478902552681575e+03 1.439877403433970721e+04 -8.593671477890542519e+03 6.874274387844514422e+03 1.401624293679459515e+04 7.430795368110369964e+03 7.574461778719289214e+03 -6.027188120191715825e+03 8.676535266674189188e+03 8.882247109998138330e+04 1.185269513978320174e+04 6.932081209209133704e+03 5.243431677622523239e+03 3.695282789912910630e+03 -3.851234742220587464e+02 2.168271672640077668e+03 4.729386208334043658e+03 2.274963703089815681e+03 -7.444022458646235236e+02 1.485063921902529046e+03 -2.589830036473347718e+03 1.751774432174806425e+05 1.895428651725126838e+05 1.082692099375428224e+05 8.897866099922337162e+04 1.700132589544693183e+05 2.790191380405817472e+04 5.024742480779030984e+02 1.530049882259947117e+04 2.811763484136848274e+04 3.801675042546577288e+02 1.043866349639150394e+04 -3.064586971288509631e+03 2.034918316189418692e+04 2.691458571376563486e+04 6.564714741014132414e+03 1.142158990197999810e+04 -2.931629948893964865e+03 1.195102431575113405e+04 1.109090455711877294e+05 1.638782025745013379e+04 1.382996183403204850e+04 7.771610190147706817e+03 2.921191455454386869e+03 -1.924332633397448490e+03 -1.138277639255946042e+03 4.660452412168424416e+03 2.642696439518188981e+03 -7.833243626460376845e+02 6.581339812080138472e+03 -5.240945637950921082e+03
4.074283087707333470e+04 2.706497219935147441e+05 7.909945969129142759e+04 4.541145112918326777e+04 3.572024575157868821e+04 3.817160596408792480e+04 3.528404631885013077e+04 2.934013758411980598e+04 1.996639935349128064e+04 -8.918552749146203496e+03 2.589308591079849975e+03 2.107268158164782290e+04 5.241078432783777316e+03 7.389683977631124208e+02 -2.861551130159459149e+02 1.005626584223947248e+04 3.391148301870613523e+03 2.992921993871769246e+03 1.185269513978320174e+04 8.050218268783175154e+04 1.033237801630656577e+04 3.150455048020915001e+03 2.472728388163520322e+03 4.782304743310587583e+03 2.078566409384658073e+03 4.274460602267449758e+03 2.044990332368560757e+03 4.362328302321790034e+03 3.125049432808819802e+03 1.067752154956657705e+03 1.808897381647952425e+05 2.181871126448796131e+05 2.148691827097529313e+05 3.610801132861661608e+05 1.227143217644898832e+05 2.999995509529136689e+04 8.449249001993090496e+04 5.980611609015159775e+04 4.119228513452815241e+04 -2.617109701951697571e+04 -2.947510263607797242e+04 2.466116251108295910e+04 -8.485779907003616245e+03 8.032314141036856199e+03 -5.296675717974793770e+03 2.388747148032536279e+04 -1.560627960440480274e+04 5.477372794579388255e+02 1.686151029342548281e+04 1.046364139840138523e+05 1.837109620525123682e+04 -2.973887970736548596e+03 5.621656095238150556e+03 6.579422059809891834e+03 9.718659517052805313e+03 4.085919554247820088e+03 5.135151075021843099e+03 6.817451565795119677e+03 3.940841234766621710e+03 1.153677258055113271e+03
3.975018520382053248e+04 1.754807536224174837e+05 5.716278516421098902e+04 5.966549123094162496e+04 5.957596925865996309e+04 3.610749617758769455e+04 2.883015288310115284e+04 1.840375596871704329e+04 9.521775409809699340e+03 -2.851874211293115309e+02 1.115440318801981630e+04 9.563338752158122588e+03 8.972453320475597138e+03 5.901998290346540671e+03 3.737051307967221419e+03 6.745855770805788779e+03 -2.316960164173156045e+03 1.178757721900993602e+03 6.932081209209133704e+03 1.033237801630656577e+04 6.382466888301302242e+04 9.092227643666834410e+03 2.813590908871312422e+03 2.704417653184688788e+03 6.482784137217061016e+02 2.764938449968003169e+03 2.172304550211357309e+03 3.884921094183385435e+02 7.761122234114758385e+02 2.235002182523085423e+02 2.198778033661512891e+05 5.324814638760039088e+04 1.580293050249542284e+05 2.398802002253818209e+05 3.084921424485911484e+04 1.480153434363983069e+04 4.288065651590801281e+04 -1.382937247430088610e+04 8.803011954875359152e+03 -7.627203190416131520e+02 3.192551481136196162e+04 1.267277182074607117e+04 6.404486709007474929e+03 2.071346379344177876e+03 6.783255700475114054e+02 1.856719579681765754e+04 8.688704610185908678e+03 -1.245971063583474006e+03 1.613621140744509648e+04 1.536363821019871830e+04 8.018123613191505137e+04 1.067328018560617966e+04 8.321906063726499951e+02 -2.539774873489884612e+02 -4.748631473824007116e+02 2.238138410503756859e+03 -8.558514564167148819e+02 1.081576822343140066e+03 -8.610539085645197019e+02 3.540876337677325864e+03
3.292251797715002226e+02 -9.823569618789106607e+04 2.193878123258413689e+04 -4.843996369623300779e+03 3.848537599084376416e+04 4.436337205720663042e+04 -7.490614883498117706e+03 3.763221144469671799e+03 1.777891493954342877e+04 9.324779908837766925e+03 -8.213222404135005490e+03 2.635722296178553734e+03 8.594131625291918681e+03 6.858126259276235032e+03 2.367930104032684085e+03 8.045975687407298210e+03 -9.488174085640173416e+02 6.304280393855588045e+03 5.243431677622523239e+03 3.150455048020915001e+03 9.092227643666834410e+03 5.952964680276721629e+04 7.897550174341545244e+03 1.294868865273409938e+03 4.582994894531262617e+03 4.925110784073327522e+03 2.716009480338433150e+03 6.952697643855199203e+02 3.532885954137374256e+02 2.011341779772777727e+03 3.963528338039567461e+05 2.329257099279380054e+04 -4.781011053313724551e+04 -4.226696869840165164e+03 6.709535646661008650e+04 3.781310390129857115e+04 -5.559815145699102868e+04 2.170620804952315666e+03 -1.507969213775741991e+04 3.064307052597634538e+04 -7.413923190130281000e+03 1.327704073007795705e+04 2.434923117995475423e+03 1.293857699192644941e+04 -1.157688793177651860e+04 1.518257025776599403e+04 -1.293104139352033144e+03 7.633541485739250675e+03 2.208787439856825949e+04 1.034717196878697177e+04 1.118425097053181344e+04 7.221701379405356420e+04 7.756465207121820640e+03 -5.193963484720508859e+03 1.416002811930852886e+03 5.493507766150552925e+03 2.542079536248742897e+03 2.074121438614070030e+03 -1.205494215018926752e+03 -2.995072623961727004e+03
1.293559957014077918e+04 1.895220060643379984e+05 1.393173802465500921e+04 4.543117734321032003e+03 1.854032680713242007e+04 3.255662034623771615e+04 2.772232265423868739e+04 -1.823996719366694606e+03 6.617544920595962139e+03 8.729981506167396219e+03 4.243524230756393081e+03 -1.521251423765986829e+03 2.794824051449592844e+03 6.530586771499361021e+03 2.206797558912208842e+03 3.968696691634622766e+03 7.262290330220035685e+03 4.241808035574290443e+03 3.695282789912910630e+03 2.472728388163520322e+03 2.813590908871312422e+03 7.897550174341545244e+03 4.614998446865812002e+04 5.299914269249893550e+03 1.181110023118843202e+02 1.992169086647181302e+03 1.119070151258989199e+03 2.104924984503220458e+03 -6.326635358563994487e+02 5.027999631556468785e+00 3.406857483562825655e+04 2.501933153812411183e+05 1.502395505799179664e+05 5.429341619012141746e+04 1.327856804420753615e+05 2.735836827323156831e+04 5.670117184325100243e+04 -2.882978047861429877e+04 -1.056339180702102385e+04 3.472832968296377658e+04 8.440256812880408688e+03 -1.115227769680449455e+04 7.094860678831497353e+03 -3.707707013974459187e+03 3.390974673039126174e+03 1.082398328585472655e+03 1.072560243056684521e+04 1.055438125000059335e+04 3.093443004732620466e+03 5.957020680357207311e+03 1.228168123939641646e+03 1.316593624795995311e+04 5.034636811269600730e+04 7.146958347746135587e+03 1.181601617390585488e+03 -3.118924657201845889e+02 2.826502356873038934e+03 3.803511657108570489e+03 -6.106969253519061567e+03 -3.365923559054343968e+03
-1.214308429554694012e+05 2.841360688597866683e+05 2.511116630072725457e+04 1.017966216215254244e+05 6.672112731693794103e+02 2.350134774554154501e+04 8.044173784165452162e+03 1.986471771053353586e+04 -5.266503936875850513e+02 -1.334975068512336293e+03 6.107974034028146889e+03 9.068645728343795781e+03 -1.893094188233488467e+03 4.034812099850329105e+03 -2.794473943185778808e+03 2.688741192611526458e+03 5.455627142595022633e+03 1.309367429066310478e+03 -3.851234742220587464e+02 4.782304743310587583e+03 2.704417653184688788e+03 1.294868865273409938e+03 5.299914269249893550e+03 4.111606129565133597e+04 6.213727677202300583e+03 2.089770586207960150e+03 1.121881308571712907e+03 2.467161850448742371e+03 1.171588400319869379e+03 4.166195921395572441e+03 -9.872865647654725763e+04 1.676010116369557218e+05 5.955048012631094025e+04 2.653615757762217545e+05 5.658328024140917842e+04 4.949225515603733220e+04 -1.555520792244424410e+04 -5.598699741137845194e+03 -9.300852562861612682e+01 -6.705310259939333264e+03 1.258511267016179409e+04 1.648607141366968563e+03 -8.134132445754886476e+02 8.559369211861518124e+03 -3.710765342146363764e+03 -2.437185519536068114e+03 1.009051880637764953e+04 3.917464323247203879e+02 -1.269634340104060357e+03 6.343703405389890577e+03 3.576366294824651504e+03 -5.116461470822045158e+03 3.544174195200244867e+03 4.734586622492763127e+04 9.911588543172187201e+03 3.023778796510968732e+03 -1.898711827600536139e+02 3.132851079992152791e+03 2.082922660792535680e+03 4.762351616336361076e+03
-8.331827737918222556e+04 -2.123568711977766943e+05 -2.068136196521231250e+04 7.544552994448952086e+04 2.289284935273025923e+01 2.068499018790578702e+04 2.010712041398517613e+04 1.746295564992310756e+04 1.336665727755833814e+03 8.312972880292579703e+02 9.162265375150494947e+03 3.321965903071522348e+02 3.846376074888330550e+03 7.884389760495394057e+02 3.981271497971954432e+03 5.038460276534351578e+03 -1.183480315053911681e+03 2.561063119438989361e+03 2.168271672640077668e+03 2.078566409384658073e+03 6.482784137217061016e+02 4.582994894531262617e+03 1.181110023118843202e+02 6.213727677202300583e+03 3.708708695008387440e+04 6.530758070981359197e+03 7.370899624361275073e+02 2.509878839886776404e+03 2.097561708730056580e+03 2.331433841655930337e+03 1.888789569990699820e+05 -9.272175241556228139e+04 5.349488194474116608e+04 2.032438118068696349e+05 -3.305503166242489533e+04 -3.762604859189032868e+04 2.415197170565775014e+04 6.197038835262967041e+03 -1.177041047086482104e+04 1.407595338430050469e+04 -9.359134746838777573e+03 -4.040622070430834356e+03 3.980441715202990736e+02 3.827730263447166635e+03 -7.615910373333080940e+01 -1.205436654374743739e+03 -9.572921662653978274e+03 -2.528891570937891174e+03 6.003470009333203052e+03 6.539059014320219831e+03 -3.391655556139241526e+03 2.078586758791245757e+03 -6.855520165535324395e+02 7.498144208392104701e+03 4.192186828378537029e+04 7.436022422563279179e+03 -1.380839065688339815e+02 4.378689527387859926e+03 -7.329491183257862019e+01 1.052168088261222692e+03
1.279888354410722095e+05 1.970590384956398339e+05 8.436053836957117892e+04 2.540947016409096614e+04 5.027971812912393943e+04 2.518407724189544024e+04 2.885823557307861847e+04 2.277622866816339592e+04 2.000575094509002884e+04 -6.096731494816947816e+03 3.358293032488660174e+03 1.693810247655382909e+03 3.375113606489102040e+03 1.194027969117498515e+03 1.777191572594693525e+03 3.217633003385081338e+03 4.714028385150931172e+03 4.439246853227816246e+03 4.729386208334043658e+03 4.274460602267449758e+03 2.764938449968003169e+03 4.925110784073327522e+03 1.992169086647181302e+03 2.089770586207960150e+03 6.530758070981359197e+03 3.468301444748881477e+04 3.198567683969188693e+03 1.619759078620655146e+03 4.935355448882698965e+02 1.428480575713973849e+03 3.213546289545754553e+05 2.394045738591207773e+05 2.109177274312834925e+04 2.296893389435213976e+04 4.945807252540329500e+04 -4.073234471446061070e+04 2.568021750116870317e+04 3.127677875871592551e+04 1.749138194300722898e+04 -1.341407749760057231e+04 1.180596984429497525e+03 2.075925405709581810e+03 -5.125758692099776454e+03 7.596493040502712574e+03 3.732024559798815062e+03 6.191168836435761477e+03 2.605070908483754465e+03 5.352772879332545926e+03 9.917468944039776034e+03 3.961221439757826829e+03 2.377024782931931441e+03 3.882853517419396667e+03 6.772837387214538012e+02 1.484403444451789028e+03 8.699498965131466321e+03 3.896596731786949385e+04 6.593150635102014348e+03 4.114692682810042243e+03 -2.039606253495528421e+01 5.716125397927568201e+02
