5.668968336287813634e+07 8.583768576721813530e+06 -9.767194826909522526e+05 -2.027808104783379822e+05 2.176081289342368109e+04 4.863872706857456942e+05 2.111154860210458573e+05 8.061724326782659045e+04 1.202966972744914092e+05 -5.510862937111519568e+04 -9.353536086775739386e+04 -8.560956334671063814e+04 5.116609448310327571e+04 4.531339952654461740e+03 -4.204384156542691198e+04 3.626103172805690701e+04 2.563966509640248478e+04 1.593174563505032438e+03 -1.059235288876849700e+04 1.411488649776790226e+04 -2.435752176658957069e+03 -6.371146714354961205e+02 -1.660516689960534859e+04 1.710736312873281713e+04 -2.514170608092145631e+04 2.170279819692565070e+03 6.627750859594050780e+03 1.276607477947674488e+04 -1.113688733054879094e+03 -1.364348548830465916e+04 -2.308862396355301887e+07 -4.435750639209651388e+06 -4.793988166427878663e+06 -1.064524839480969822e+06 1.249605288872788195e+06 8.018836678352394374e+05 6.772512403748099459e+05 1.739704210937806056e+05 1.041782374585429643e+05 -1.736596358645674482e+05 -1.261947336106860166e+05 -1.060261350906177686e+05 -2.960882492927243948e+04 2.980175077333415902e+04 -1.552971908592526161e+05 6.752732975167210680e+04 8.177424587903756765e+04 1.161428195009514311e+05 1.019576643763869797e+05 4.157856004054136429e+04 4.064032005034840404e+04 2.574878932063811590e+03 -7.118648457312061510e+04 -3.497168604994419729e+04 -1.188544556126266070e+04 -1.620562748882468622e+04 -4.044467342217503028e+04 1.481979606481775045e+04 -4.638183721389146376e+04 7.726380848196485204e+03 -1.696761688442281261e+07 7.177749573620026931e+05 1.444859278882567072e+06 -1.477148159220448462e+06 -4.680194574858454871e+05 3.167158473709947430e+04 -1.405582304086571094e+05 3.601839671119935228e+05 3.417918104427623330e+05 4.347035712049753056e+05 2.589166495743010601e+05 -1.612147139095958664e+04 -8.115635083634401963e+04 8.526774559777893592e+04 2.049981700110367456e+04 1.146709703370382631e+05 7.386196493397851009e+04 -6.845969457351033634e+04 -1.990067350753052233e+04 2.193305255592727917e+04 -1.168102784521026915e+05 -7.222122048201008874e+04 2.298077402605712632e+04 -3.257498373315890785e+04 8.946685749439996016e+01 -3.230834879032836761e+04 -3.486617966805375909e+04 1.774101144015221507e+04 7.075348246724226556e+03 -2.830312514236878269e+04
8.583768576721813530e+06 2.155555286773985624e+07 2.748989898322369438e+06 -2.351983335269690433e+05 7.550752285703658708e+04 1.701943639202472405e+05 1.793962555310095195e+04 6.307725541814335884e+04 4.014106825752501027e+04 1.328558424038595376e+03 1.383942849832874708e+04 1.316465687519780113e+04 8.225649019623759159e+03 -3.278369067625455500e+04 1.841894384978530070e+03 9.621458916255467557e+03 1.672457566280510946e+04 1.812243573342115269e+04 -1.798770711317866881e+04 -9.381774623269107906e+03 -1.631932902024797841e+04 -7.932735471841572689e+03 -2.245658511171491227e+03 1.078526155262446628e+04 -5.638204226228336665e+03 -5.139467925798586293e+03 -3.464319618241327134e+03 -1.030920003901194104e+04 1.023982489020393018e+03 1.842769466108830784e+03 1.602154986477812752e+06 9.677274565632928163e+06 5.318895456538764993e+05 -6.843703342353418702e+05 -1.719001386786772127e+04 2.420985087416797760e+05 3.450871323641050258e+05 2.193461757759195752e+05 1.676051080001670052e+05 -4.777573807143695012e+04 5.620991836608559970e+04 -4.874856288516412314e+04 -2.889879786043434251e+01 -6.133808693538244552e+04 -6.947142001170876028e+04 6.368739164471156255e+04 9.324253779052909522e+04 1.492594947299700289e+04 2.643181994270341420e+03 4.117984735202702723e+04 -5.438972145938011636e+03 1.959812198395977248e+04 -5.486120740352089342e+04 -4.143847188509201078e+04 3.311473055958156328e+04 1.629799194267168423e+04 -7.626909974909866833e+03 3.952944322460886178e+04 2.377933841131970621e+04 -6.680002968890071315e+03 -4.122813729458519723e+06 -7.230695082745625637e+06 -2.264305198644630611e+06 1.126794235376665602e+05 3.770470407617659075e+05 -4.201713907476684108e+04 5.235813523253282256e+03 -3.352367235174351372e+05 -3.288846152069172822e+05 1.172126452438966226e+05 9.680552759189211065e+04 3.334219720344891539e+04 -5.226360182244198950e+04 -1.139825261346868210e+05 -1.030940480510361522e+05 5.442755089851385856e+04 2.915672865677988739e+04 -4.983014430110724788e+04 1.914794254960876060e+04 6.548701146772263746e+04 8.772191866266648503e+03 -2.274034080055090817e+04 2.791632579555666234e+04 1.839605919505734346e+04 5.360950595936468744e+03 5.213507484883842699e+04 1.033898924854933102e+04 -2.494772490656618902e+04 9.874152043910242355e+03 -1.541950006487436440e+04
-9.767194826909522526e+05 2.748989898322369438e+06 6.998075885334071703e+06 1.046696288036142243e+06 1.415671026317081705e+05 1.271411407853250566e+05 1.951978607981499954e+04 1.186136929804310930e+05 8.720897236388415195e+02 3.423857645883383520e+04 1.617663812788918949e+04 -1.919145489036855452e+03 -1.669176290622769011e+04 -3.254505919797622937e+03 1.422925459289702485e+04 6.431610950499641149e+03 7.116127750225887212e+03 1.304873213743777160e+04 -1.220948040992227106e+04 -7.115260881117302233e+03 -4.787041191686628736e+03 1.090208193123852834e+04 7.908447526031760390e+03 2.823578326482024181e+02 5.591537966147652696e+03 4.391847004933452808e+03 -2.565930365821129726e+03 -4.096113458413543412e+03 -1.429170826264636844e+03 1.906013301549789730e+03 1.002667544127309229e+06 3.362800910816631746e+06 4.592911051883090287e+06 8.824679445089332294e+05 3.872690538768185070e+04 1.068331678935875971e+05 6.164881118443664491e+03 3.231470011274495846e+04 1.911327103564965000e+04 7.016761953896869090e+04 3.908173168594636809e+04 -9.022989250967881162e+03 7.129608595297312422e+04 1.873610691515391227e+04 3.700840680102335682e+03 -5.790049592452492107e+03 1.204646177829707449e+04 2.468006583265881272e+04 1.791133613013978174e+04 8.992490371531108394e+03 4.977680894927321788e+03 -8.644622442817853880e+03 1.580037513151126768e+04 1.642548162136040628e+04 1.414645129104117586e+04 1.282734270963112067e+04 7.068693942709470321e+03 2.123262290406076499e+04 5.885573489633567988e+03 5.778580924566709655e+03 6.467246676779824775e+05 1.424382930488755926e+06 -9.411561794393553864e+05 -8.343375078555804212e+05 1.717980323602091521e+05 -2.350239275117113721e+05 -1.325958912892614026e+05 -3.260398285055454471e+05 -1.325765966394422576e+05 1.604602806053148524e+05 3.152506112010342349e+03 7.579727283727294707e+04 1.172248174440093717e+05 5.857763857825659215e+04 -4.730819671822491728e+03 1.098339833894880712e+03 -5.747534172532373304e+03 -1.574165727663996904e+03 -2.371999546873169675e+04 -5.481468082153225987e+04 -1.074079535382636277e+04 -3.074282160150694472e+04 -4.221725523463194804e+03 1.726439195518812267e+04 6.736975476433151016e+03 9.712461436176402003e+02 9.887053283394486698e+02 -5.208985353863155979e+03 1.681747112493689201e+04 -1.725528180396360040e+04
-2.027808104783379822e+05 -2.351983335269690433e+05 1.046696288036142243e+06 2.846548249516704120e+06 5.089885284109496279e+05 1.409029732154264821e+04 5.588159578115510521e+04 5.955895973764548398e+04 4.583730414926500089e+04 2.727925167359136685e+04 -8.183367843125738545e+03 -6.778923076551344820e+03 -1.018867779577401961e+04 -6.669759547278298669e+03 1.006844875516015918e+03 4.753003349630538651e+03 -6.368726253641730182e+03 1.243819729600495339e+04 -2.211324133892459486e+03 -1.273558798853683129e+03 -4.153095900153693947e+03 4.623333481082907383e+03 7.699300266421352717e+03 3.617514424845470330e+03 3.963470966639824383e+03 5.032026418787923831e+03 -3.058897210713326331e+03 -4.398869324273734946e+02 5.042059203063648056e+03 3.405164731999932883e+03 -1.244258504464701546e+05 2.246421544682757230e+05 7.996302341076948214e+05 2.616245129901451524e+06 4.374868569276526105e+05 5.859077466199839546e+04 -3.010823435858575249e+04 -3.368814082757430151e+04 2.582835356288967887e+04 4.032275942259322619e+04 -1.073735723663088902e+04 7.733960118795513154e+03 -2.441628083250896452e+04 -2.367384536251889949e+04 -3.005797931947596226e+03 1.357261010458400597e+04 1.586880795602168655e+04 1.438131557391028218e+04 6.408123500792330560e+02 -6.908162637138590071e+03 -3.575596124583909841e+03 -2.928641687179964720e+03 2.060090073585071877e+03 3.155040918124720406e+01 -1.681671225188598328e+04 -9.322121896382672276e+03 -1.289732876466121161e+04 1.280740270101376518e+04 -7.700870337159371957e+02 -5.200858751894543275e+03 7.420518466960299993e+05 9.006483284895909019e+05 5.922458946158132749e+05 -6.684210302928928286e+05 -2.726085259207973722e+05 -4.737297518132870027e+04 -1.683012500593045843e+05 -9.780221121762118128e+04 -3.611844941959402786e+04 -5.471265371392768429e+04 -5.147614383730582631e+04 2.496444504328194671e+04 -1.872568675886495839e+04 1.925122409497748231e+04 -9.273735130732593461e+03 -2.417430721102122334e+04 -5.907568531794039473e+02 -1.083875440940080080e+04 -2.955772254812498431e+03 -3.485115690447857105e+03 5.966981116086308248e+03 1.233035843734996206e+03 9.148600216512355701e+02 1.365568571042033363e+04 9.005901105709448530e+03 -9.094044942540140255e+02 1.364274693272931836e+04 5.780850661864570839e+02 4.129944042476814502e+03 7.275272642255727988e+03
2.176081289342368109e+04 7.550752285703658708e+04 1.415671026317081705e+05 5.089885284109496279e+05 1.293523689098620322e+06 1.923254344200343185e+05 -9.148340261827810536e+03 1.328851754509701459e+04 2.600559894882946901e+04 5.397047864982677311e+03 4.584104706412493215e+03 1.615490273583773160e+04 3.704851258728729590e+03 3.886048949255996831e+03 -2.326287278020859048e+03 4.347129018197030746e+03 5.103428979554584657e+03 4.660885070825594994e+03 -1.007734877488939674e+03 -3.667456608744658979e+02 -6.979714873358678915e+02 -2.006738394943536832e+03 5.282125781922870374e+03 2.493744961951588266e+03 9.526167188373807448e+02 1.923900809253815680e+02 3.895141063336240222e+03 3.572775189567832513e+03 2.227238924748316549e+03 2.604616692567619793e+03 -1.322631717903043318e+05 3.518433618945936905e+05 2.891226422592654708e+05 7.145523576444544597e+05 1.266013801119094715e+06 2.140976020207462716e+05 -5.816618353602582647e+04 -4.126885218225139397e+04 4.864454896404553438e+04 3.640324545970564213e+04 2.203836348640776487e+04 -7.483973742430781613e+02 1.581974608419063225e+04 -8.736253973652517743e+03 -2.627998310560328719e+03 -8.289642911769502462e+03 9.265470198765786336e+03 -1.230344759893945792e+02 1.217652171599747999e+04 4.731360347787896899e+03 -1.193405713103959670e+03 -5.005919181332536027e+03 7.452198389839555603e+03 2.610510171705835091e+03 -8.554071974770728048e+03 -4.778551714396956527e+02 -1.071049486428300042e+04 -1.652875523503099657e+03 1.327889696619387223e+03 -4.369526085053325005e+03 3.114609807201173971e+05 -7.541939688580986694e+04 8.183405162360757822e+04 -2.118832099987301335e+05 6.632989809679078462e+03 3.160234647360782401e+04 -3.729845128383243718e+04 -4.427769134142089024e+04 -3.353656346061715340e+03 -1.638607029111847169e+03 2.409359595868251199e+04 -5.439111373902539344e+04 2.959225354102490746e+04 4.529667490099285351e+04 -7.951118846289628891e+03 9.687921736977625187e+03 2.794373936222139309e+04 8.593420615795988851e+03 6.689027147714290550e+03 1.312130241818559080e+04 -2.691074665047072813e+03 2.708874954457481635e+03 3.327061720806850190e+03 -9.271086181672651946e+03 -7.900980050900335300e+03 9.456242385525215468e+02 1.073472754284660914e+04 -3.734549416885005485e+03 3.897703334605982036e+03 -4.566002020563650149e+03
4.863872706857456942e+05 1.701943639202472405e+05 1.271411407853250566e+05 1.409029732154264821e+04 1.923254344200343185e+05 6.421875740852385061e+05 1.004870851706008689e+05 2.943642350022199025e+04 3.046127518177529055e+04 -1.217043692051662219e+04 -8.130339519058305086e+03 4.778966825765561225e+03 -9.301917493591333823e+02 1.276377548469208477e+03 2.934889154679476633e+03 9.280272667746612569e+02 3.228436284321731364e+03 2.931328288659692134e+03 2.477739898048650957e+03 3.028760738295333340e+03 5.950529688896607695e+03 5.725227458364327504e+03 4.855928093480973985e+03 1.330318235642794207e+03 2.149652275048844785e+03 -4.832739589559614615e+02 2.367508918466633645e+02 1.659751735309627065e+03 2.053761660786372886e+03 -7.023179889533448659e+02 -2.589549340629890503e+05 -3.599868762135518482e+05 1.994891383372637210e+05 -8.968435340103112685e+04 2.311400090263076127e+05 4.810521105677374289e+05 8.177798616048276017e+04 6.190840053542913665e+04 5.380534301947631320e+04 5.696759050416177161e+03 -9.367369068516865809e+03 1.483797001307410710e+02 2.752445669763891146e+03 6.642072172486366071e+03 1.122736816541633198e+04 3.622282052664406820e+03 2.321813617534816785e+03 6.865460947535825653e+03 9.730663380281650461e+03 4.006447613060761341e+02 9.828030035318674891e+02 1.217644298091838436e+03 4.539695556931549618e+03 3.811958631317394065e+03 5.237486351918482796e+03 8.898063590044877856e+03 7.233206356068755667e+03 6.072618251235944626e+03 4.143494916945508521e+03 9.641255730611014769e+02 3.759858923100936227e+04 -4.840765446380943467e+04 -2.450621783640842114e+04 -1.923498872370932368e+05 -3.439460232361368980e+04 2.078846591226938472e+04 3.532409586192624147e+02 1.039752227335564021e+04 1.713351674440355418e+04 2.452761304386216580e+04 1.402157767977963158e+04 1.477091855613026155e+03 2.570695283949581790e+04 1.792461288741002863e+04 1.472789045064105630e+04 1.076069343842858507e+04 -7.380468776084226192e+02 -1.146640353671211960e+04 9.789583425500371959e+03 4.265631462640463724e+03 1.502920536752452063e+04 6.185802855203791296e+03 1.342450685124095799e+03 9.773794563775905772e+03 6.157257539340660514e+03 1.728167438092915063e+03 5.271454865534417877e+03 1.498805483825366309e+03 -9.388100071530741388e+02 -4.764517122445524365e+03
2.111154860210458573e+05 1.793962555310095195e+04 1.951978607981499954e+04 5.588159578115510521e+04 -9.148340261827810536e+03 1.004870851706008689e+05 3.859984154016462853e+05 7.207640335260810389e+04 1.257550748509493678e+04 4.671528961596721274e+03 8.186233683649325940e+03 -1.594239224822758615e+03 3.196587975473986262e+03 5.509871207739854981e+03 7.662991840392321137e+03 6.586916674934584080e+03 4.065449572782897121e+03 1.686980569176980453e+03 3.627991707318212775e+03 5.554012064869999449e+03 3.495215725788761574e+03 4.573743467259556610e+02 2.489007485356489269e+03 1.690863314910337749e+03 1.608649045099000659e+03 2.701511095454303586e+02 -2.445161342036518818e+03 -9.479063479815226856e+02 2.223923269560662277e+02 6.435394800274057161e+02 -2.686214290411189431e+05 -7.826343829864132567e+04 6.458772578026107658e+04 3.393199896494567656e+04 4.777538207875951048e+04 5.702175376756687911e+04 3.570655166628117440e+05 4.848103797085513361e+04 -2.119884359404222414e+04 -2.003371019489930040e+04 7.504003051422384488e+03 1.125389845909488213e+04 2.048497600657341900e+04 6.811299079661618634e+03 -6.514120127546523690e+03 1.071799610824035153e+04 1.292068083081400982e+04 1.004196217711202735e+04 9.877175834192908951e+03 3.845114815271630960e+03 -2.812437679501565981e+03 -2.767275112991983406e+03 3.597680886818558520e+03 -2.035957437760249622e+00 -1.049105162283667141e+03 6.511199545207301753e+02 4.478349638460430242e+02 2.073254383988199606e+03 -3.785914221123042807e+03 -1.422980255409492884e+03 6.727736116126608067e+03 -1.372214706293727213e+05 9.956296574425627477e+04 2.981013927693675669e+03 2.058872430138867912e+03 3.396508303315321245e+04 4.205198477846084279e+04 -2.070548275432993978e+04 1.781118711767013519e+04 9.367444983820068956e+03 -4.303762484060856877e+03 -4.612137513763146671e+03 -1.407368764187579654e+04 -1.699602346729811325e+04 -1.061809303728906343e+04 3.396572648637635211e+03 -1.071959933533401272e+04 -9.987245627318339757e+03 -7.849023451740406927e+03 -6.566110755929486004e+03 -5.321146577155251180e+03 -3.983834400502189965e+03 -6.605502493650313227e+03 -2.988306463187742338e+03 3.374434718152116602e+03 1.765506337305209854e+03 2.301337080432080711e+03 1.960101717171257633e+03 -3.533365176974952192e+03 9.289474300491042413e+02
8.061724326782659045e+04 6.307725541814335884e+04 1.186136929804310930e+05 5.955895973764548398e+04 1.328851754509701459e+04 2.943642350022199025e+04 7.207640335260810389e+04 2.475901232762118161e+05 2.896655636501063054e+04 -2.532286565334368333e+03 5.089564875139421019e+03 2.803554990955243284e+03 1.477908944446109217e+03 8.492811386533103359e+02 1.423535398086985651e+03 6.610126337162756499e+03 2.883659477082856938e+03 2.727763850770380031e+03 4.500629791437145286e+03 3.447466220785126097e+03 2.600144168773143520e+03 2.088454742795818674e+03 1.976932682870856070e+03 1.711343093979648302e+03 9.253133987736913468e+02 2.367099603759567799e+03 -7.741976742879425046e+02 7.627615990430168722e+02 1.578411775222996539e+03 1.495978513891913508e+03 4.659619562817647238e+04 -1.626084260859496426e+05 2.878762846138176392e+05 3.761141664542105718e+04 3.583611464662360231e+04 4.649001767290861608e+04 8.317187714395731746e+04 1.958835877856295847e+05 1.335503081707236197e+04 -9.459268476024453776e+03 -6.010767002318340928e+03 1.474207837979168653e+04 4.320286446757352678e+03 -2.885377911854593549e+03 -6.639504957117407685e+03 7.728421316609336827e+03 9.126411710220812893e+03 8.666118227669005137e+03 4.118272904170295078e+03 4.586191836536874689e+03 1.514356142160451554e+03 1.125862241734874715e+03 2.399902067297203303e+03 -3.544569002417828756e+02 -4.631568243504255378e+01 5.407857328168888671e+03 7.417158536883534907e+02 4.664799022438386601e+03 -1.046304889222183903e+02 -2.617343382498031019e+02 -2.202094302706831077e+05 -1.651359267658063327e+05 -1.318857151155037864e+05 1.614769790523310076e+05 4.101073620320162445e+04 -2.018575623229248095e+03 -2.054591001340692310e+04 -1.173869129133690149e+04 -9.313262619772269318e+03 -4.549893442313238666e+03 8.201981017425843675e+03 2.268697814311621551e+04 3.764303462811523787e+03 1.606561860269518320e+03 1.167482332481684807e+03 1.211937991733150193e+04 6.915217896957967241e+03 3.619988975260555890e+03 -5.363134944599221853e+03 -4.822873639516411458e+03 -4.103850399178442785e+03 -2.037441079193831001e+03 -4.692903575196751262e+03 -3.639475601357430151e+03 9.200012513325063424e+01 6.156573853657205291e+02 2.346917515701011325e+03 2.244422481636116572e+03 2.162830299522946916e+03 -2.693404468802451902e+03
1.202966972744914092e+05 4.014106825752501027e+04 8.720897236388415195e+02 4.583730414926500089e+04 2.600559894882946901e+04 3.046127518177529055e+04 1.257550748509493678e+04 2.896655636501063054e+04 1.381268330535316782e+05 2.777936627452718676e+04 -4.392197170624152932e+03 -4.937234737237415061e+02 9.765286025051090064e+02 -3.393707675405330519e+02 1.990428253774290170e+03 1.909851956077286559e+03 1.002058529533609772e+03 2.237118878448717680e+02 7.842811226384906149e+02 1.461714897712690799e+03 9.724130749498630166e+02 1.211332702074673534e+03 7.348388097041282485e+00 1.321674926342600202e+03 1.344127773954396616e+03 -4.727503166625644440e+02 2.993703277026259002e+02 6.081969930248442324e+02 2.006470114583477880e+03 1.311277686886366382e+03 -5.302300036775675835e+04 -8.207746241699860548e+04 -6.882185517287552648e+04 6.543924324913030432e+04 9.861424824309195174e+03 -3.251773856194376549e+03 1.255074831941883167e+04 1.576238023966675610e+04 9.451517741535017558e+04 1.295628633194081885e+04 -9.445889538217930976e+02 1.011537959595008397e+04 -2.138246184470121534e+03 1.960973423297388081e+03 2.699882758034588733e+03 -1.686787506229978590e+03 1.006566824128136545e+03 -1.632138654849178920e+03 -1.674493562584046458e+03 1.502004572020765636e+03 -1.757447644167148837e+03 2.091510436194600061e+03 -1.666203514677827798e+03 2.600673782677151848e+03 3.114582202605980910e+03 2.474396582752036011e+03 8.821997843845539364e+02 5.605341564136232364e+02 9.594796550096565397e+02 1.472544139592213696e+03 -1.005529778531114862e+05 -2.938476446899965958e+04 -7.966088689182874805e+04 5.323960608710063389e+04 -1.284306956605546839e+04 1.921453858962136655e+04 4.337553458070377383e+04 -1.237848080025908348e+04 -1.178019390895281686e+04 -2.168550600714522079e+04 5.073180952435423023e+03 1.082853388455023378e+04 -5.353510519771642066e+03 9.182938492707557089e+03 5.890227146091865507e+02 3.521148991629439024e+03 9.294205777102044976e+02 1.928760707239231351e+03 5.498834519020066182e+03 2.200027462726048725e+03 4.434767598270451344e+03 3.025458213532157970e+03 -3.691514587825422041e+03 -5.407105518639981483e+02 -5.295296793696903705e+02 1.317862322137818410e+03 2.085712463050406768e+03 -1.008895981542863979e+03 5.282412211501420643e+03 7.838655036116763313e+02
-5.510862937111519568e+04 1.328558424038595376e+03 3.423857645883383520e+04 2.727925167359136685e+04 5.397047864982677311e+03 -1.217043692051662219e+04 4.671528961596721274e+03 -2.532286565334368333e+03 2.777936627452718676e+04 9.967794363507469825e+04 1.513356262939026601e+04 2.418412726148274487e+03 1.540683718538443372e+03 2.506947050572691751e+03 4.240712899462603673e+03 3.462219438843973421e+03 2.810740049476625245e+03 2.012445909974954702e+03 1.492385357428185443e+03 -8.152130920315712501e+02 5.601255622048129226e+02 5.678695147317253031e+02 1.350939024503091332e+03 5.071219295496905488e+02 4.102978654851767715e+02 7.982381413192290438e+02 -8.793320871672426620e+02 9.494574927664208417e+02 9.543373002382789139e+01 8.698934672379618860e+01 -1.428152987718975346e+05 -3.573810216512512852e+04 -6.297154449638941514e+03 4.415965646142188052e+04 -1.582207135148036650e+04 -4.784412381770249340e+04 2.017629793724207047e+04 -1.845249163957872588e+04 8.421517848249606686e+03 5.877082143216449185e+04 9.659421213181985877e+03 -4.087398108117631068e+02 -4.858849850903845436e+03 1.265494313921906041e+03 2.652845784905123310e+03 -1.796771222783792723e+02 -8.657510560307886180e+02 -3.474256443110108648e+03 -4.264682334100865546e+02 -6.236340109015039843e+02 1.400692006443915261e+03 -1.628863245455605011e+03 1.435935780076319588e+03 6.881189416979614180e+02 1.350705492199789205e+03 5.321392551268703528e+02 -1.374512556545164443e+03 2.640809882676977622e+02 1.226125440461595417e+03 1.450840485728246904e+03 1.663102098457361353e+04 -1.356005129178185307e+05 -7.872369715246082342e+04 1.783667991485820312e+04 1.634487496630785472e+03 6.358095688512932611e+03 3.036809676948994456e+04 -2.070245535354510866e+04 -1.526152187415392109e+04 8.694870883375742778e+03 -5.337873576576130290e+03 7.083837545747554032e+03 3.185021761827717000e+03 8.971959109825380438e+03 -7.511842787207852780e+03 -8.705517684253711195e+03 -2.767622544495314742e+03 4.508487897836960769e+02 3.292711491434175059e+03 -2.277887365822578886e+03 4.688999679786390516e+03 2.347032555305067035e+03 -1.506954230391543433e+03 2.440841529631499611e+02 -8.019690687467556245e+01 -6.592738845058938750e+02 -9.798248579625612820e+02 -1.797556291061149523e+03 1.921810519807979745e+03 6.761780748414969366e+02
-9.353536086775739386e+04 1.383942849832874708e+04 1.617663812788918949e+04 -8.183367843125738545e+03 4.584104706412493215e+03 -8.130339519058305086e+03 8.186233683649325940e+03 5.089564875139421019e+03 -4.392197170624152932e+03 1.513356262939026601e+04 6.196827922272781871e+04 1.112719683254590382e+04 2.337090472740400855e+03 4.698847629665185082e+02 1.318542143742544340e+03 2.599273173511051027e+03 3.366627912747464961e+03 2.127340262894158059e+03 7.834402644624684626e+02 4.967823026994156521e+02 1.583993209019927463e+03 2.709412984202300549e+02 4.609554347687250697e+02 1.322946581584290925e+03 1.114573349624373805e+03 1.024861472783243016e+03 4.837059343107717382e+02 1.061432648362504096e+03 -1.038415939138408248e+02 2.497920529805769263e+01 3.662455716851382022e+04 7.451322257565271866e+04 -2.508195808055732050e+04 -3.965633261280602892e+04 -4.211824193379952339e+04 -1.804810734439356384e+04 9.779315609354809567e+03 2.074798686571827602e+03 -2.363205211064411742e+03 2.625009650565664742e+03 3.262249576640523082e+04 8.711986944476908320e+03 -6.290149719006880105e+02 -4.473114161821840753e+03 1.806920266675012726e+03 -3.905600922638573593e+03 -1.815675672921428259e+03 1.562628946954590219e+03 -3.228625413827857642e+02 7.548281231534189146e+02 1.199828422830196359e+03 1.401467456862253869e+02 -9.607870810003005317e+02 -4.680818951549682083e+02 2.502774077464899165e+03 8.640196056504836406e+02 7.631853753590570477e+02 1.332362022330542004e+02 8.021795837017637041e+02 6.496828087689340236e+02 -5.261661503520885890e+04 -6.393326979085059065e+03 -6.163313504092244693e+04 1.010717586474818745e+04 -3.399116404971193697e+04 -1.048790655643910577e+04 -1.580306027148488101e+04 1.966281177975871105e+04 2.113522356444384513e+03 -2.487909794053355654e+03 5.044492037122880902e+03 -1.057739547482613489e+03 4.606361710905503060e+03 -1.604703539504675518e+03 -4.166624916496770311e+03 -4.203613949055643388e+03 2.389126814823069253e+03 -1.136714689257219334e+03 -1.467580175664694707e+03 -1.022463071364166240e+03 4.372819987777866118e+03 9.708099172804782029e+02 -1.310329499351066033e+03 -2.291672139479170710e+03 8.350907911536138499e+02 1.840428120510094686e+03 2.747701351157145382e+03 -1.617859221640282840e+03 1.873800718046131351e+03 -5.792223476445758479e+01
-8.560956334671063814e+04 1.316465687519780113e+04 -1.919145489036855452e+03 -6.778923076551344820e+03 1.615490273583773160e+04 4.778966825765561225e+03 -1.594239224822758615e+03 2.803554990955243284e+03 -4.937234737237415061e+02 2.418412726148274487e+03 1.112719683254590382e+04 4.625027264890566585e+04 6.379190895554143935e+03 1.890102816351262391e+03 1.427566431129611374e+03 2.540749377334335350e+03 2.420284592853148297e+03 -2.446181845276173874e+02 5.241435623354724385e+02 1.618294406787380012e+03 -3.682632817261524139e+01 2.885417550726824061e+02 -1.516336101264299714e+02 8.691565746374920991e+02 8.774571108214623791e+02 9.193765806555708195e+02 2.072447336453290063e+02 2.467182214509642506e+02 4.831421271272689069e+02 9.641172954869524574e+02 2.121851504192949506e+03 6.398556517767896003e+04 -7.609199081634724280e+03 1.616716537619803057e+04 3.228250649800569226e+04 3.644264137833909444e+03 -1.050765538739634394e+04 3.450788026391570384e+03 -2.398136410131347702e+02 5.751224814953545319e+03 3.758958619140432802e+03 3.247906872348653997e+04 4.246967311704778695e+03 8.175909609695070230e+02 2.399832779731668211e+02 -2.240239439382510682e+03 -1.328894647312402867e+03 1.502587755546603603e+03 4.905312446730683860e+02 4.010435150051244477e+02 -2.622711171340893543e+03 7.742401941525777147e+02 1.081995597861036458e+03 -1.464599886325051727e+02 1.022152004448507341e+03 1.015835994371169249e+03 -4.704911567266082102e+02 5.619763834298114489e+02 1.826977452775215340e+02 -5.915116018605706358e+02 4.832051763429801213e+04 9.458969097935227910e+04 -5.478398328728831984e+04 -6.069345898570647478e+03 1.326106962629115696e+04 9.984354549624718857e+03 -5.879177498027352158e+03 5.933370341871757773e+03 3.942358317119128969e+03 5.147394587331278672e+03 1.214648687915622759e+03 7.483827955550431398e+03 6.619869482081549904e+03 1.635123490337554585e+03 -4.248030840920829178e+03 3.643007676919033884e+02 2.397596825705164065e+03 -3.921264363734248946e+02 -2.165388281003815791e+03 7.702748846708212227e+01 -1.441897643419571978e+03 1.685424960559770966e+02 -1.035510482283193028e+02 -1.171313008030659375e+03 2.429253144568177163e+02 -2.429428052129242488e+01 4.603767576262087573e+02 3.176918153170437620e+01 1.342689112974305999e+03 -3.098427637934514109e+02
5.116609448310327571e+04 8.225649019623759159e+03 -1.669176290622769011e+04 -1.018867779577401961e+04 3.704851258728729590e+03 -9.301917493591333823e+02 3.196587975473986262e+03 1.477908944446109217e+03 9.765286025051090064e+02 1.540683718538443372e+03 2.337090472740400855e+03 6.379190895554143935e+03 3.715499534715683694e+04 8.262717749265257225e+03 1.100138720117183993e+03 1.019956461214112892e+03 -2.488449675811384623e+02 8.031797154364592188e+02 1.194552104323967569e+03 1.201912075674750895e+03 9.859802719668118698e+02 6.668044167987928859e+02 3.916977237442883961e+02 8.020035624584972993e+02 -9.771262166076212452e+01 6.113927548013451769e+02 8.289913044881270707e+02 4.641109842296969532e+02 2.530518440087525107e+02 5.058957178744147427e+02 -9.764026088413588877e+04 2.493905679692748527e+04 -2.172880895558819248e+04 1.571766875446386075e+04 1.631759947753060624e+04 8.623295995943251910e+03 -5.565617870287268488e+03 2.274579778571783663e+03 -5.705258780063818449e+03 5.518253002971272508e+03 -5.249295252372177856e+03 -1.023721670149138617e+03 2.041694502882241795e+04 6.406756196305280355e+03 3.172919941496066258e+03 1.218972374482304531e+03 -1.427262604293915501e+03 -7.393511190835073421e+02 1.459711961000532554e+01 2.257818083678571838e+03 4.604344844933877994e+02 7.435841777318215691e+02 4.645618234458941060e+02 -9.761009167512502245e+02 -1.174082762541785087e+03 -5.566692106330341403e+02 -2.102532654319942139e+03 1.804032150051024246e+03 7.917713192919475205e+02 1.157381954137828416e+03 1.074837336830715140e+04 -4.808756858752924745e+04 -4.487951112831438513e+04 -6.721625549330732952e+01 -6.446120388150154213e+03 9.694520089793602438e+02 1.382544445025617051e+03 7.220959590981371548e+03 1.156919914958194749e+04 5.337475261366733321e+03 8.594012253964217962e+03 -1.854819227057203307e+03 4.819629868339991845e+03 -3.308694150125768829e+03 -2.558555887437006277e+03 -6.343668907966053666e+03 -7.023219937344445498e+03 -1.452328755483934629e+03 5.556326858955364969e+02 -8.377669191134459652e+02 -3.140088763201315487e+03 1.970236267749726267e+03 1.337361810198550529e+03 -9.603919041454366834e+02 -5.708145435750898287e+02 -1.599527443487177152e+03 2.688534073615955435e+02 8.969633148932555287e+02 2.364998805834428367e+03 1.490771538665842399e+03
4.531339952654461740e+03 -3.278369067625455500e+04 -3.254505919797622937e+03 -6.669759547278298669e+03 3.886048949255996831e+03 1.276377548469208477e+03 5.509871207739854981e+03 8.492811386533103359e+02 -3.393707675405330519e+02 2.506947050572691751e+03 4.698847629665185082e+02 1.890102816351262391e+03 8.262717749265257225e+03 2.973569969546949505e+04 4.317994790275705782e+03 1.921046982553331191e+03 1.425071744542694887e+03 8.006374258515836573e+02 1.408345626316625840e+03 1.050420835956772180e+03 5.788647008036606394e+02 4.446374091217591626e+02 4.014714013196681321e+02 7.406674474680397680e+02 -2.317427615095013778e+02 6.412319026468223910e+02 -6.304616157837134693e+01 3.125085706321465864e+02 3.130605188261779972e+02 5.908105251826042377e+02 4.574212486047769198e+04 -1.548325103757666875e+04 2.281147999830788467e+04 -1.005411228733415373e+04 1.812917801972862071e+04 -4.702664842761957971e+02 5.418826597157451943e+03 9.260000514112382007e+03 -6.198053190527856714e+03 -8.794510935864409475e+03 -1.799033113945236437e+03 -6.170093482699563538e+03 5.153358151381947209e+03 1.434857768538421988e+04 1.871085320420196467e+03 2.305471342632586129e+03 2.272970602328686255e+03 -1.974196137126284384e+03 3.772306057102068166e+02 1.867871564829032707e+02 9.793358659114799138e+02 1.059995466373067075e+03 1.777415966837458200e+03 -4.738863296157397542e+01 -2.947799041219834066e+02 -1.502263228280629619e+03 -7.405457695447630613e+02 3.445678630834895557e+02 -1.494618807127565674e+02 -3.311359001921586582e+02 -1.629267744899907257e+03 -6.374010232670568075e+04 2.022006294616737796e+04 -1.005037458507606243e+04 2.188467578081613738e+03 2.501785954666575708e+04 -1.908133054320570864e+03 -1.034934249066094162e+04 -1.537602538843754701e+03 -6.452495479638382676e+03 8.310253031729338545e+03 -2.313931019286658284e+03 -9.069973289595592405e+02 4.645522238588393407e+02 -2.935214535822637117e+03 -1.098092892609940236e+03 1.230475643774537730e+03 -1.719973296974184450e+03 -3.276168163937667259e+02 -2.371715778391167078e+03 -1.039017606965937375e+03 -4.323826322315125026e+02 1.796485831838023444e+02 -9.705623413369725085e+02 -1.488673986783563350e+03 -8.651496191965402431e+02 -4.545493644734867758e+02 -1.586001148121246445e+02 9.820118913629904682e+02 4.746529297654169000e+02
-4.204384156542691198e+04 1.841894384978530070e+03 1.422925459289702485e+04 1.006844875516015918e+03 -2.326287278020859048e+03 2.934889154679476633e+03 7.662991840392321137e+03 1.423535398086985651e+03 1.990428253774290170e+03 4.240712899462603673e+03 1.318542143742544340e+03 1.427566431129611374e+03 1.100138720117183993e+03 4.317994790275705782e+03 2.354047239022940994e+04 4.471442689795980186e+03 3.573669132947667890e+02 1.895895304870023892e+03 1.539193411628996500e+03 2.914387293200380213e+02 5.390632953044986380e+02 -2.075213677398943162e+02 5.620261383336184053e+02 8.315465591066439401e+02 6.222706807786805712e+02 5.656958234906792313e+02 -5.983505089770787322e+00 4.002776801564277775e+02 2.577574187179674823e+02 3.115510026219624820e+02 7.321492862963667721e+04 1.870824919632302408e+04 3.983065141821515135e+04 -4.268033885294548782e+03 -6.938597484924336641e+03 5.183758709905491742e+02 1.281036847714001851e+04 5.076156161532940132e+03 4.529524738667689235e+03 -3.029135555883492088e+03 3.531665082804101530e+03 -6.983407518747665108e+02 -1.904026906075985153e+02 4.384430058020979232e+03 9.901809745025255324e+03 1.537941622184015841e+03 -3.076921457028547024e+02 7.132606799774107458e+02 1.332025560621139448e+03 -9.234258518508952420e+02 1.616977420500635105e+02 3.954353042597993522e+02 8.143942727083986028e+02 7.705575719567021906e+02 -1.277497015177369946e+02 3.134873491014938054e+02 1.064271221767165571e+03 4.868905269538780800e+01 4.566505114768679050e+02 9.911671853543762154e+02 -2.640786078008699042e+04 -5.513510050038153713e+04 -2.102441586626219942e+04 5.794611198276344112e+03 -1.045207771856362524e+04 -4.589050684297259977e+03 2.704017660201215676e+03 2.287982887125390334e+03 1.007591633188259038e+03 -4.465766349153844203e+03 4.779476916737383362e+03 -6.916862884790179123e+03 1.069658328602348774e+03 4.067225891106505514e+03 -2.032874074691611895e+03 -1.877731721531292806e+03 2.172541778721747505e+03 -1.752037220057202148e+03 7.596441202168321070e+02 -1.629035109279124299e+03 -2.228839726337611864e+03 1.478421160669201129e+02 4.121655101405445407e+02 -3.359441027555545247e+02 1.051383034610729368e+02 -2.537113531855443398e+03 1.531601633632983749e+03 3.955268477354433116e+02 4.537923623193777871e+02 1.211517178651763970e+03
3.626103172805690701e+04 9.621458916255467557e+03 6.431610950499641149e+03 4.753003349630538651e+03 4.347129018197030746e+03 9.280272667746612569e+02 6.586916674934584080e+03 6.610126337162756499e+03 1.909851956077286559e+03 3.462219438843973421e+03 2.599273173511051027e+03 2.540749377334335350e+03 1.019956461214112892e+03 1.921046982553331191e+03 4.471442689795980186e+03 1.767640406770088157e+04 4.426532208974064815e+03 1.953336726441141309e+03 7.189061796255828085e+02 6.339600337299250441e+02 4.680067516804801357e+02 6.310927188907033951e+02 6.947272527935318749e+02 1.848911095065537040e+02 4.108279709507821735e+02 9.177862100145813429e+02 3.814632863810702474e+02 8.321277374974195027e+02 6.451972537395190557e+02 2.680927181516274800e+02 5.269594265655188065e+04 3.292407970679347727e+03 -1.855153250062786901e+04 7.638127060045239887e+03 9.330597384532289652e+03 4.013169420261699088e+03 -5.753139104185513020e+01 3.342497562819786253e+03 5.864887160895998932e+03 1.108847347046714731e+03 9.966402031949285174e+02 4.256500925543474295e+03 1.576730527552287185e+03 -1.032308278790617578e+03 -2.366924206365578129e+02 7.117858647779344210e+03 7.616249305437686417e+02 9.462384444285156349e+01 8.894754171151198534e+02 -3.152972391098659841e+02 -7.856171248487692083e+02 -1.446641426325941211e+03 4.807933446259682597e+01 -9.178318802064995907e+02 -1.497275972502648642e+02 -3.282435361281575581e+01 3.209166961097069475e+02 3.506932578699883152e+01 5.634273132924058700e+02 4.132159375648387822e+02 -7.327172243589611026e+04 -5.906197832690972427e+04 -2.129968378550681518e+04 2.815753724105488072e+04 -1.046427416715839900e+04 -1.167958226684550573e+04 -8.073428232589113577e+03 -2.405889005993138653e+03 -8.783333397156719684e+02 -4.483619501419999324e+03 -6.495767692030192393e+02 3.684632561976377929e+03 4.348775793353857807e+03 2.285270329989906713e+03 -3.995305260178673961e+03 1.965358337855089985e+03 7.800109491356880653e+01 -1.629921151478404454e+03 8.601604756214350118e+02 -5.412265905833996840e+02 6.549618119021699840e+02 -4.470168883652744967e+02 -1.267236622263190839e+03 -4.032372406134741709e+02 -3.367475429198711936e+02 -1.296886535836258645e+02 -2.062980946500912083e+01 -1.598147184814726529e+02 -9.840636721767411643e+01 -2.105840398438570560e+02
2.563966509640248478e+04 1.672457566280510946e+04 7.116127750225887212e+03 -6.368726253641730182e+03 5.103428979554584657e+03 3.228436284321731364e+03 4.065449572782897121e+03 2.883659477082856938e+03 1.002058529533609772e+03 2.810740049476625245e+03 3.366627912747464961e+03 2.420284592853148297e+03 -2.488449675811384623e+02 1.425071744542694887e+03 3.573669132947667890e+02 4.426532208974064815e+03 1.381936300327830577e+04 3.514437968938793801e+03 8.093476206335838015e+02 7.730768377454456868e+02 6.980570637352129779e+02 6.778551865806209662e+02 5.750359592370631390e+02 2.599849394387483699e+02 4.664430149650467570e+02 4.898906315869469381e+02 3.260073497665637774e+02 3.334288988469871242e+02 1.563500946589548164e+02 5.729491264349960602e+02 -1.824318513029826363e+03 5.483066608297951461e+04 9.799284777726899847e+03 -2.134839331788332493e+04 -5.150711370863680258e+02 7.448662908725755187e+03 -3.447274423919970445e+02 4.510157385224952122e+03 -2.700628570796195049e+02 6.053218443620990911e+03 -1.402556146958052636e+02 1.247117163243668301e+03 -1.389140864482219968e+03 -8.422318135004435362e+02 -1.948297205669962295e+03 -2.530174324835133177e+02 4.967434105953769176e+03 4.625890819236168454e+02 9.495849944139544050e+02 -1.294088042669165191e+02 -5.348587084348862390e+02 6.281968015162846086e+02 -5.537795410429321237e+02 -2.777151772566752470e+02 9.969937384437524770e+02 2.417594291833569002e+02 6.289308840482930663e+01 1.158162299607452496e+03 1.270698481722499764e+02 6.870086002525989670e+02 -2.824102450841391692e+04 -3.592309017585291440e+04 -1.924129222148905683e+04 -6.974021152629493372e+03 -3.022593338464279805e+04 -1.362486488743342125e+04 7.955450167058485022e+03 -6.943363727437164016e+03 -5.831752240989995698e+03 3.141530302051276976e+03 -5.704226601975564108e+02 2.374530248085753556e+03 4.536871496616680815e+03 2.219416600906331951e+03 -2.470464979797134220e+03 2.018533627563948130e+03 8.118063995061846754e+02 -1.365233995224750061e+03 1.091756363960163299e+03 1.426037057937555801e+03 1.653621217062997403e+03 -6.243529632914654712e+02 -1.432950625647914194e+03 5.442227652682273629e+02 4.620320549190281554e+02 -6.423258232889153305e+02 1.544269136437499235e+01 3.087588546359379507e+02 1.610337733058802030e+02 -2.480246237537309071e+02
