1.551459539410330057e+08 1.943909140514437854e+07 1.417888963444011519e+06 -2.554856816241970810e+05 -3.300753100550822564e+05 -1.660380021488577477e+05 3.825560296317923348e+04 4.270168265158632421e+05 2.156554389763829822e+05 1.089409202682737232e+05 2.851859692028514019e+03 1.476385100158697169e+05 1.110025504118121753e+05 6.574235627959016711e+04 5.162933903575481236e+04 1.569300321002766941e+04 3.707966707132060401e+04 -5.545717418691246166e+03 3.146524623338075617e+04 4.441278473072095221e+04 -1.145851808279823308e+04 8.806651357142199413e+04 8.493175916480290471e+04 5.122864298384367430e+04 2.915790378580708784e+04 4.693680737023710390e+04 2.795782445649414876e+04 3.274030800707117669e+04 -1.188569896848776989e+04 -8.809736437180659777e+03 2.698891466734073684e+07 4.567450336039356142e+07 6.215929129095534794e+06 1.455339959826749982e+06 -1.018232984955900814e+06 -4.110583890848128940e+05 -6.102225827753071208e+05 6.551959545799107291e+05 -2.387638057218613976e+05 2.989541784564644913e+05 -3.511496861518087098e+04 9.646924989576080407e+03 2.628510624098170083e+05 -7.247775056377355941e+04 7.785415788725808670e+04 7.792494792634957412e+04 -1.507954874397362255e+04 1.794274455711536348e+03 3.395320417913317215e+04 -4.987832656338012021e+04 -2.933194224591262537e+04 -1.496532912907590980e+04 4.303328663217707799e+04 1.495165118134500808e+05 5.645366097053576959e+04 1.142239532221543195e+05 -2.691053030710245730e+04 2.443807012883124480e+04 7.394458584844047436e+04 -7.238576865935712704e+04 -1.627100894408908114e+07 2.333583829546421394e+07 1.001833564390572347e+07 1.772843982024379075e+06 3.050078644132721456e+04 1.405763800908995327e+06 1.214921641002490651e+06 7.546013351864719298e+05 -3.153316307940144325e+05 -9.067032678452178370e+05 -1.297497884926580300e+05 2.615582757797074373e+04 -3.396142287401467911e+05 2.303325228768801753e+04 3.597279917063347966e+04 -2.303701182485511163e+04 8.954965110195902525e+04 -5.606221957716818451e+02 -1.630124655557128717e+05 2.208838630426361633e+05 7.750638633360531821e+04 3.389395263343070837e+04 -9.504994113160805136e+04 -1.112118512544512851e+04 5.805814831345016864e+04 2.923443605651555481e+04 -4.742667199117675773e+04 -3.150062526987718957e+04 3.079857068941265425e+03 1.942041110667472094e+04
1.943909140514437854e+07 3.206960694180956855e+07 4.765488748513102531e+06 6.393289547604459804e+05 4.262856337258826243e+05 1.153933676559588494e+05 1.066143390712945547e+05 1.263646644476990332e+05 5.933721158935247513e+04 3.859343792460830628e+03 3.822538894566618546e+04 1.414380960382197227e+05 8.097390073357026267e+04 5.859424087615391909e+04 2.459540203131739327e+04 5.156528148853278253e+04 5.484646129204849785e+03 1.699509902208858693e+04 2.710921874880174437e+04 1.538834111026512073e+04 -1.660318206374072543e+04 2.187310738491544544e+04 5.826772639777067525e+04 3.022947617551483927e+04 1.651067063799734024e+04 1.752280223649314212e+04 3.524004167709191825e+04 8.304973191250501259e+03 2.148420576051476019e+03 -5.364565541206108719e+03 4.365156180046033114e+06 7.226358957609870471e+06 8.646333927917644382e+06 1.101811722234825138e+06 7.678995546791363740e+05 3.140521242455847096e+05 -1.918454134998539230e+05 -4.469793334335698455e+04 -2.620352160888864819e+04 2.634354184437499498e+05 7.372938916088492260e+04 -2.977550441490967933e+04 -2.162652281638984277e+04 6.439827794250920124e+04 1.890277373361436912e+04 1.154278185072921624e+05 4.523703330658171762e+04 -3.742733422980729756e+03 -4.314667386861958221e+04 1.870963512689174968e+04 3.504498133120835701e+04 2.978730255327558189e+04 1.675587062249228620e+04 3.163498832932208825e+04 1.803321507178498359e+04 1.066328134060251614e+04 -5.702696997828792519e+03 -5.837880117498215441e+03 1.666125297483038958e+04 -2.209615642553266298e+03 -3.683839364178727265e+05 -9.944092641780691920e+05 1.378087008291205391e+06 1.307578682693820912e+06 8.171447977172378160e+04 -2.472735885304125550e+05 2.204826926713551220e+05 -2.174781897234826174e+05 -1.692190402009170793e+05 -1.429231007074739609e+05 1.300691044028923789e+05 1.081108411101556885e+04 -1.309144764023230164e+04 -4.961494768386162468e+04 2.453187469148485252e+04 6.621364689149250626e+04 -2.142621337884695822e+04 4.203473894332537020e+04 -1.669308446643375646e+04 3.351898982663330389e+04 6.795174204231219846e+03 2.118631226182088540e+03 -8.837909159565732989e+04 -1.278155323275569026e+04 4.033207232079962705e+04 3.922943203872918821e+04 4.680734855067702301e+04 -2.953052558469275755e+04 -6.835741036252546110e+03 -4.042181644953857176e+04
1.417888963444011519e+06 4.765488748513102531e+06 9.367506116182804108e+06 1.769479021761823446e+06 3.009947893088555429e+05 4.002181145126587217e+04 7.338004276044749713e+04 1.280509034336359618e+05 4.965573975115959911e+04 9.637383259656624432e+03 -1.080214571578848336e+04 6.091937356161550997e+04 1.321641754243504511e+04 1.570349827200063191e+04 2.745629223359793832e+04 -1.990123715199051958e+03 1.337298232740188541e+04 9.952437784771683482e+01 1.192521740237112681e+04 9.953873182938956234e+03 -6.640123539222292493e+03 4.930248949788194295e+03 1.900653483902897278e+04 1.308702315901232578e+04 4.592742676043379106e+03 5.755644006027747309e+03 1.160548859587968036e+04 5.325987179448561619e+03 1.667630100477862652e+04 4.880649680834727405e+03 -7.864419557172165951e+05 1.485154218729320448e+06 2.420022748488516547e+06 2.017233252974623349e+06 2.012571983258777764e+05 9.957285569786693668e+04 1.538838795118062117e+05 3.395939476145801600e+05 -2.104514459967757284e+04 -5.288192925074661616e+04 3.179295765676468727e+04 -2.460238527183194310e+04 -1.368551451627358983e+04 -2.644101447617317535e+04 -2.087890112113120267e+04 1.492190702035335744e+04 4.002189490854314499e+04 2.529959039913645029e+04 1.179914970242039271e+04 -8.602462055479565606e+03 1.234535441423903285e+04 1.895234093993898568e+03 2.429514403359635253e+04 -4.447793622622650219e+03 -6.490309584400798485e+03 2.245044957088213323e+03 3.290533955177743337e+03 -4.603591659784331569e+03 5.869808141135486039e+03 -3.260456605219959783e+03 -1.747917497980516870e+06 1.234014745848828024e+05 7.798195371350008063e+05 7.167588495233233552e+05 1.605726953977367666e+05 1.679842070961859426e+05 2.872152657261914574e+05 1.864767839303872315e+05 1.364682154063798371e+05 1.038656775376666774e+05 9.261956144785702054e+04 2.013746001566309860e+04 -1.336262251700441630e+04 -1.447047302966634743e+04 6.028352263512326317e+03 3.616645863060960255e+04 9.647048246195463435e+03 4.152668124478261598e+04 -2.674045314588303518e+04 1.111161086643555245e+04 3.368381467293283094e+03 2.409874038129098335e+04 -4.094586686796702452e+03 6.303827708635019007e+03 1.362887078495178685e+04 1.332549647532946983e+04 9.412147336944464769e+03 -2.418383754815884004e+03 -1.487421436221428667e+04 -1.787843007751352707e+04
-2.554856816241970810e+05 6.393289547604459804e+05 1.769479021761823446e+06 3.267459383222644217e+06 4.387362051657372504e+05 2.784867610546624201e+04 3.887715744328014807e+03 1.115860019022087545e+04 3.304178907264103327e+04 2.010052727270711694e+04 1.159973634283797082e+03 2.335106959100274980e+04 1.795224031091293728e+04 1.199133873374530776e+04 1.662958693487503115e+04 2.064358078883354756e+04 1.343771295799224936e+04 2.250895499841717083e+03 2.404894829694862892e+03 -1.829385390456423863e+02 1.644637104826326322e+03 6.692417717341500975e+03 4.013730830527555099e+03 9.375907718050375479e+03 6.557184148060286134e+03 6.217348926821783834e+02 8.322299592810146351e+03 2.139567074178077746e+03 1.051343344676142078e+04 5.823913302700061649e+03 6.215428034398662858e+05 -3.244045632034996524e+05 1.514445412321373355e+06 1.324660246366146719e+06 8.057567997162231477e+05 1.604355897735486797e+05 9.916582521118216391e+04 8.507196904550558247e+04 2.992727207724534310e+04 -1.095873218242069925e+04 5.481673845324854483e+04 -2.849134495155879995e+04 9.755755463415507620e+03 -2.818049759581453691e+04 5.871021782478639579e+03 7.649382642612226846e+03 -5.170912857633999920e+03 -7.885426955445918793e+03 -1.361935410673146362e+04 -1.134921817063196431e+04 9.952892957424513725e+02 -8.224172305257736298e+03 1.742518527487227630e+03 -6.321888990481309065e+02 -8.838549349847906342e+03 2.450033710759527821e+03 -6.688583289472855540e+03 -2.370018483400211608e+03 -6.639994044254272012e+02 6.874798540603804213e+03 -9.708189111185146612e+04 -3.730019790589932236e+05 2.161340498777336907e+05 5.753176453383639455e+05 1.272238922131255531e+05 1.104448796632393205e+05 -2.217046756416088465e+04 1.086191791127307370e+05 2.598106401779822045e+04 4.290389982335745117e+03 1.619919273834954765e+04 7.865693074699000863e+04 2.026558494710637751e+04 -1.347924393713682366e+04 -1.422092726542401215e+04 1.780487083690417421e+04 9.689265151668158069e+03 1.437697397202669526e+04 -1.874587148855713895e+04 2.722262617236791812e+03 7.622857570751222738e+03 1.833803826743454192e+04 1.585320148207859165e+04 1.139024682843343498e+03 2.699508378016103507e+03 1.730968879613543322e+04 1.489726262016286819e+04 1.178835358393082242e+04 6.122926080157920296e+03 -1.163100808171909875e+03
-3.300753100550822564e+05 4.262856337258826243e+05 3.009947893088555429e+05 4.387362051657372504e+05 1.273734068227684824e+06 1.941076084750530426e+05 4.311291723632828507e+04 2.795127995624211326e+04 4.156678694761668157e+04 1.090947024668639460e+04 8.298905419940207139e+03 1.907047706933771406e+04 1.978133753988521130e+04 1.105787344585496976e+04 1.064049117036157804e+04 9.269365609062173462e+03 8.115470736092189327e+03 1.719190697297367660e+04 5.825697788783615579e+03 1.027872558311977264e+04 9.582043248369864159e+03 9.175067395244857835e+03 6.338951247340487498e+03 7.353246410695055602e+03 6.297515094896266419e+03 4.129494054118781605e+03 3.571658652343121503e+03 4.022321953515560836e+03 4.434843900064604895e+03 3.543707705662811804e+03 2.537782021718737378e+05 -8.030417083161711926e+05 4.403269365056859679e+05 5.591512452795214485e+05 3.434565009929864900e+05 2.676368501398133230e+05 8.486414801710183383e+04 4.987797683703995426e+04 3.412998783654547879e+04 4.682674045312975795e+04 2.743344918739281638e+04 3.304333264540258369e+03 3.369211388554049336e+03 8.612403838486216046e+02 1.370043235490480401e+04 1.687134544654732963e+04 2.874226994361025208e+04 1.319773220957984449e+04 9.883730842224496882e+03 4.884969211003723103e+03 1.188191427240797748e+04 5.984968144194995432e+01 1.279125383100282761e+03 9.385519428613584751e+03 7.399279517786430006e+03 1.221723476300309085e+04 7.935698488868732738e+02 3.218735306440927616e+03 8.850980261812099343e+03 1.179488058782898634e+03 2.545968145674783227e+04 5.437309155615455238e+05 1.589769600619714474e+05 1.346488799440077564e+05 7.067663147259686411e+03 -1.021771207727933652e+05 -1.144866554322023694e+04 8.159059075269506138e+04 7.188004872065738891e+04 1.973491468904703288e+04 7.607897009829564013e+03 5.814077851628056669e+04 1.397341983437622912e+04 2.808647062765650116e+04 1.315042324258260487e+04 -2.462974004380425413e+03 -5.437992019543759852e+03 1.936988957090431722e+04 -5.105566598271816474e+03 4.459936629093050215e+03 7.899550384648709951e+03 4.718175360874182843e+03 1.673378967754599580e+04 7.610028109255478739e+03 1.459045258504333287e+04 1.232884256351708245e+04 4.088980136394125566e+03 3.793263912140854700e+03 -4.665951215136255996e+03 -5.611797969128360819e+02
-1.660380021488577477e+05 1.153933676559588494e+05 4.002181145126587217e+04 2.784867610546624201e+04 1.941076084750530426e+05 6.859104914570838446e+05 1.516953676435475645e+05 3.605229431221682898e+04 3.521546641018356604e+04 1.652966897179136504e+04 1.837434387491723828e+04 2.174066375533436803e+04 1.432633987081780833e+04 1.776009367120059687e+04 1.561908694009914143e+04 1.446435262238034011e+04 1.029499961573652581e+04 4.093194145586400282e+03 5.968308084241198230e+03 5.933776105169476978e+03 2.809512458265034638e+03 2.954545641238203189e+03 1.677855481807682736e+03 1.209328830243772927e+03 3.210371597061469856e+03 6.882175267989841814e+02 9.676285216345437448e+02 3.112425767182214713e+03 2.335894136532873745e+03 1.495779367824348810e+03 -3.362830800283286371e+05 -3.227562765429454521e+04 -4.930596429307565268e+04 1.482217942852649721e+05 1.487931638778407359e+05 1.821876573026205588e+05 1.622330448861151817e+05 2.421854451271205471e+04 -2.394430865606555017e+03 -3.388910993227281324e+03 1.506736593388812798e+04 -3.191176830936552506e+03 -2.189010798324163432e+02 7.104868881474253612e+03 1.109780746230870500e+04 1.560113377459001822e+04 3.124873983524867981e+03 1.040200064301325074e+04 6.518581198882488025e+03 -8.548162027734400681e+02 4.627780512734507283e+03 -6.649084000829418528e+02 4.907275840155849437e+03 2.501242327853014558e+03 -6.346750395063612814e+03 7.650037569508790511e+03 7.322212516859537573e+03 2.557469861359516926e+03 5.623073321827878317e+02 -1.498717005649997645e+03 -1.386982490120427974e+05 -1.760129680870201846e+05 3.627564969712561287e+04 3.152990010404600616e+04 -6.849714087189656857e+04 1.333013280863711589e+04 -4.771171070048096590e+04 7.890677445092354901e+04 7.613923398228893120e+02 1.207006287017316208e+04 -2.501939636256466838e+04 2.271001355854513531e+04 2.473165374864686328e+03 1.073006995563981764e+04 2.133809445689352287e+03 -1.142790075004526989e+04 1.912077493634860275e+03 1.287794928576783059e+04 1.585585783699779495e+04 1.082642912846946274e+04 1.685594008377371938e+04 7.453761772425310483e+03 1.547551713190733790e+04 3.113214533936194584e+03 1.234150705911049499e+03 -5.247755331362326615e+03 -5.480272836815703158e+03 -4.817776729697628980e+03 -3.225374007133762461e+03 -5.508270594862070539e+03
3.825560296317923348e+04 1.066143390712945547e+05 7.338004276044749713e+04 3.887715744328014807e+03 4.311291723632828507e+04 1.516953676435475645e+05 4.337718996237969841e+05 7.451889096772832272e+04 3.462718495011479536e+04 1.810204148576932494e+04 1.002195310894786417e+04 7.762464240858212179e+03 1.204203140127419829e+04 6.886311502878819738e+03 1.078384675635729582e+04 7.578062343437217351e+03 4.123834560751946810e+03 6.528145933673945365e+03 4.767271923892988525e+03 2.529177506085996811e+03 4.046322912993568480e+03 3.681414163475583791e+03 2.097546457896186439e+03 1.020375264444649702e+03 4.102045165042569351e+03 1.498869996671173112e+03 2.366422073147236460e+03 2.850259266915430089e+03 3.621484536220836617e+03 1.905266051140959235e+03 1.554487162195341953e+05 1.289131170140072791e+05 1.211244043003523802e+04 -7.429785297458415698e+02 -4.272644779464364547e+03 1.651568275665665569e+05 1.129743519696860312e+05 6.774159394601521490e+04 2.169352133565424447e+04 -1.123627151386230616e+04 -6.058637487902818066e+03 -8.905959610599065854e+03 7.885040582152113529e+03 -3.907968082897762997e+03 -2.926256391157170356e+02 1.416168605269125874e+04 7.173368611304059414e+03 1.216728402072954668e+04 8.814285512330272468e+03 -5.647046241254976849e+03 5.709339880638762224e+03 2.087583190577803180e+03 -2.976151966611359256e+01 2.151441500589028692e+03 -1.403843012381129256e+03 1.925809189239429770e+03 4.444369819993235069e+03 1.808662926167342675e+03 -1.478986287314578931e+03 2.504667259335206836e+03 -1.576727790289302648e+05 1.898359815832737368e+05 6.131521439020593971e+04 -5.103695111134806695e+01 7.298532001339066483e+04 4.528789150793779118e+04 -2.175007247067561184e+04 -3.128706216126717663e+03 -7.251596183214176563e+03 7.541095822104307445e+03 -2.871744497001952550e+04 1.902985370933324521e+04 1.112798077901764555e+04 -7.594210467989887547e+03 1.822139981088552759e+03 6.063436201299258755e+03 8.341048398562947114e+03 -4.974819397343962009e+03 -5.128096275268855607e+03 -2.388342918595411902e+03 8.035903547512742080e+03 1.541988871591418047e+03 8.745046461447573165e+03 4.700970451213357592e+03 -2.023984587047644709e+03 -7.830688841148041320e+03 3.257831816378145504e+03 -2.702874500967706126e+02 -2.980821098725895354e+03 -8.105316653165744356e+03
4.270168265158632421e+05 1.263646644476990332e+05 1.280509034336359618e+05 1.115860019022087545e+04 2.795127995624211326e+04 3.605229431221682898e+04 7.451889096772832272e+04 2.563984584773885726e+05 5.579918264451028517e+04 1.796629870385231334e+04 5.006819564766982694e+03 8.704114118800072902e+03 8.919717681629526851e+03 8.678730124355244698e+03 5.010690570047738106e+02 4.219491415544692245e+03 4.300466153565284003e+03 6.967394799922755737e+03 6.155625933286391046e+03 5.030445368528108702e+03 4.064269102784479855e+03 6.617683230331695995e+03 2.975288593976417815e+03 1.782202296269031422e+03 3.582402406540229549e+03 1.664520660575316697e+03 1.533174963441335422e+03 1.818271271416098671e+03 2.426705636484249226e+03 1.084962680101973774e+03 -1.247266851207686414e+05 -7.113288269764372671e+04 -1.752776840641052986e+05 3.327073099091542099e+04 -2.100695564174552055e+04 5.971850208415697853e+04 7.649446226308331825e+04 5.370137771949246235e+04 4.235764951091472176e+04 -2.862124141155618418e+03 3.500492085904520081e+03 3.801812858239174602e+03 1.394289233938974212e+04 -4.215065984380701138e+02 4.558408889918279669e+02 9.143371495595898523e+03 7.750442088332685671e+03 7.554023626146326023e+03 3.710373051790279533e+03 -2.490398037033232413e+03 -3.232711410469726161e+03 1.735876747471150338e+03 -3.562645223599355973e+02 -5.963367166614800396e+01 -7.578085403736428134e+02 -3.389591199445188181e+02 7.802307995485800802e+02 3.801166004469766904e+02 -2.113286075167788113e+03 5.074836196222494777e+02 6.176745393821677862e+04 1.699949271036404243e+05 -4.212062205022190028e+04 -3.195426440425570399e+04 -6.345531024124924443e+04 -1.156600912582734054e+04 -2.367248483606680566e+03 -8.161248117047566666e+03 1.892608204955296969e+04 6.811548563584317890e+03 -9.730519769972763243e+03 1.295874529532379893e+04 -4.982641584444952969e+03 -6.333732805573977203e+03 -6.793027763129147388e+03 -8.779933068178646863e+03 -6.197005171120207478e+02 7.068274607214810203e+03 4.267959208677417337e+03 -2.179079983320920292e+03 -1.826625525593501607e+03 4.940793899495147343e+03 1.570502665904970627e+03 8.533265122911465141e+02 -1.039861331280913816e+02 -3.496572049291202347e+03 -8.738623162955954058e+02 1.136200267110677714e+03 -7.858675637934620681e+02 2.485072990328395548e+01
2.156554389763829822e+05 5.933721158935247513e+04 4.965573975115959911e+04 3.304178907264103327e+04 4.156678694761668157e+04 3.521546641018356604e+04 3.462718495011479536e+04 5.579918264451028517e+04 1.663222831860651204e+05 3.672528787221391394e+04 1.164698661420971439e+04 1.149272366586697899e+04 1.298121367764662318e+04 8.268419772305103834e+03 5.738483093956154335e+03 4.106020883099726234e+03 4.214847958029469737e+03 5.036077803975652387e+03 1.970610793314265038e+03 3.910634158766228211e+03 2.641383150333901085e+03 3.389470609907335074e+03 1.865930208268876868e+03 3.765889719322701694e+03 2.753419597598742712e+03 1.437337944806801033e+03 1.692045601293211575e+03 2.187002360948584283e+03 3.162660027778697895e+03 1.730288485337897782e+03 -1.719131279329746321e+05 -1.033891594844885185e+04 1.188261295616818097e+04 8.550195948621436401e+03 2.097259999434125712e+04 2.724073836853159082e+04 1.488677390778914196e+04 2.828822415877759340e+04 2.838465005439970992e+04 2.411977356952126866e+04 7.279770721864866573e+03 -4.247336758310305413e+03 3.876737365813803081e+03 7.896072114196823577e+02 1.140005784127289644e+03 4.263756921080906068e+03 -2.836784008159147561e+03 5.218889813219440157e+02 -6.066768310164915192e+02 1.333404702096908522e+03 2.602225981647598928e+03 5.905647472938455849e+02 -2.018159886826672846e+03 2.751398413319323595e+02 4.192482868982954187e+02 -3.717390823532904847e+02 1.213724070665592080e+03 9.747311956128768315e+02 -1.470400959596543089e+03 -1.792978774784108964e+03 -1.422227017154858331e+05 -3.055829474361960092e+04 -1.088057809669844719e+05 9.165329912467515896e+03 -5.903512506869117351e+04 -5.429021138911326852e+04 7.607880944024130940e+02 2.284401304867692943e+03 2.564663859647327627e+04 8.008485233092323142e+03 -8.910805824530964401e+02 2.194812660873533605e+04 7.471930329058999632e+03 -5.159492868757720316e+03 -7.195625220655801058e+03 -3.815284312817558657e+03 3.364690107342864849e+03 6.804633869351388967e+03 -3.828840592787364585e+03 -3.313239389046382257e+03 -2.812788749557600568e+03 7.689703645543215771e+02 4.142492029246968741e+02 -1.350735671691503057e+03 1.590752277996248040e+03 3.797511668830686631e+02 9.234131136591234963e+02 -6.918838112161761273e+02 4.936308670285213793e+02 -1.184522399352727007e+03
1.089409202682737232e+05 3.859343792460830628e+03 9.637383259656624432e+03 2.010052727270711694e+04 1.090947024668639460e+04 1.652966897179136504e+04 1.810204148576932494e+04 1.796629870385231334e+04 3.672528787221391394e+04 9.380267581931101449e+04 2.066927485400556179e+04 1.040306670857380777e+04 6.722958716154899776e+03 5.918948451239064525e+03 4.798761772153077800e+03 2.596690246404859863e+03 4.689119171052499041e+03 3.157031948510321854e+03 2.604555813883607243e+03 3.673894471713838357e+03 3.118661923577188645e+03 2.339351878710370784e+03 3.357411750508979367e+03 3.052439427219067511e+03 1.726434097902227904e+03 2.062951635911156700e+03 1.386539841600920681e+03 9.943933128566277446e+02 2.505076795907042651e+03 1.653288043483785714e+03 -3.754541571051902429e+04 5.180817942653140926e+04 -8.571840920823553461e+03 1.166160551172997293e+04 -3.492511510250404535e+04 -2.082028267414205857e+03 -9.418565702407275239e+03 2.811338691685033154e+03 2.624910596287390581e+04 1.084764498432180335e+04 1.596313233136469535e+04 -6.023321127735609480e+03 -3.263902020321872897e+03 -5.393191888457143250e+03 -2.510401562566293876e+02 2.624285239350032498e+03 -4.106915786409883367e+03 2.863841438871533683e+03 -1.067472488913862662e+03 2.846602789994031468e+02 1.246050187403767723e+03 1.432904779336872934e+03 -1.086295705659355008e+03 1.874101805908504957e+03 1.293413791825571025e+03 2.227082200567242580e+03 3.597589607542414342e+03 1.712290723186470132e+03 -1.044901812184356231e+03 -1.705505484709878147e+03 -6.508413263949005341e+03 2.415954486108461788e+04 -1.589056980414123245e+04 -2.689140734821198566e+04 -2.881773777175863506e+04 1.457595588212830808e+04 2.124006370251815315e+04 1.595844900854195839e+04 2.627443977690622432e+03 1.990401970882658134e+03 -4.169886702056373906e+03 -7.393716841092814320e+02 -3.008473076506535563e+03 -6.656551160991079087e+03 -8.432250251900864896e+03 -5.395382638655270057e+03 -1.219073457037016169e+03 -2.904823057112822084e+02 -6.292313081355617214e+03 -4.342827606006263522e+03 -2.358542017557843792e+03 -2.898557340813630162e+03 -4.604625784533135629e+03 -1.743117781529385638e+03 3.060816935643290890e+03 -6.030688011334030989e+02 2.282401740891940790e+03 -3.628041319960622673e+02 1.366169744306151870e+02 1.001215745148396536e+03
2.851859692028514019e+03 3.822538894566618546e+04 -1.080214571578848336e+04 1.159973634283797082e+03 8.298905419940207139e+03 1.837434387491723828e+04 1.002195310894786417e+04 5.006819564766982694e+03 1.164698661420971439e+04 2.066927485400556179e+04 6.523532303518192202e+04 1.601723108219656933e+04 5.381485070307248861e+03 5.573337027290329388e+03 6.933452811582852519e+03 4.059718886877940349e+03 3.951886353405062437e+03 2.910504395416423449e+03 2.173534330485018927e+03 2.702726789808001286e+03 1.986358373234328610e+03 2.960334462015047393e+03 2.303166228655164559e+03 2.161607505271613718e+03 1.031747210503261385e+03 1.366937322189903853e+03 1.183465335023937541e+03 1.361776928465541232e+03 1.417111611586333538e+03 7.065328546516917640e+02 -1.886796396615148478e+04 8.160516404299401620e+04 1.020066332707124093e+05 9.698135477797457497e+03 -9.792382427334359818e+03 -1.232621314480585352e+04 -1.058344534915062286e+04 -1.227513958392240056e+04 -1.415271962643338338e+04 3.221572973143334821e+03 7.297441998233528466e+03 2.987910941732727679e+03 1.469431690333587312e+03 -6.988866330179790509e+01 1.655328245734159054e+03 2.002429039155939563e+03 -2.601261075156220159e+03 -1.346643309464326421e+03 -1.224151108264027243e+03 -2.693796288026459479e+03 -3.645653033414820584e+03 8.349968123974474565e+02 9.228292003312529914e+02 -1.354125569639980995e+02 3.797334233051547585e+02 -1.274790811741281971e+02 8.045998894106580792e+02 1.581079276193691840e+03 -6.321229534094027258e+02 -1.402411953735467250e+03 -1.855437997429846728e+05 -1.885636841029550415e+05 -1.525045720904934933e+04 -1.749979166632952911e+04 8.030427978074027124e+03 1.818602639800229372e+04 -1.642933551756044153e+03 -1.817257525258188616e+04 -6.478402060877823715e+03 9.478503266708454248e+03 -1.070189401180687554e+02 -9.356004120807807340e+03 1.958171627192126152e+03 -2.255454390901442366e+03 -2.763941150902805475e+03 1.814690153885628661e+02 7.275983950909293299e+02 -1.020708405341492494e+03 -2.664690431025483576e+03 -7.791528354582333122e+02 4.418955284049374654e+02 -1.299649619261186899e+03 7.830094622435431972e+01 -7.718965514686512961e+02 1.196927905149788785e+03 3.692320661164589183e+03 1.532612666569091743e+03 -1.505591082260885969e+03 -5.621123933404019226e+02 -2.091040857291986413e+03
1.476385100158697169e+05 1.414380960382197227e+05 6.091937356161550997e+04 2.335106959100274980e+04 1.907047706933771406e+04 2.174066375533436803e+04 7.762464240858212179e+03 8.704114118800072902e+03 1.149272366586697899e+04 1.040306670857380777e+04 1.601723108219656933e+04 5.047291557795577683e+04 1.244806264206690685e+04 6.382543698718567612e+03 4.532227445207357960e+03 2.539590218870750505e+03 4.267539887301966701e+03 2.911699580506276106e+03 1.920332912796362962e+03 3.156579934557147681e+03 1.122852508887784552e+03 1.983322948765618321e+03 1.329006621111061804e+03 2.577864916794379042e+03 1.144285816931606178e+03 1.353112983366793287e+03 1.566041753319798318e+03 1.077525147965409587e+03 1.400379714424614122e+03 3.663945310934111603e+02 3.167764626924177282e+05 1.728431682253623731e+05 7.499904267518741835e+04 2.066677982237099786e+04 -3.838838721337059542e+04 7.242130436659744191e+03 2.784933376736788887e+03 1.864149989857938635e+04 1.239239893992374346e+04 4.634890669514127694e+03 1.066678390907019275e+04 -2.249136602267089074e+03 5.265122856186706485e+03 1.153591715144024192e+03 2.211847396309293345e+03 -2.579603569813814374e+02 -3.300627647778968367e+03 -1.713936503474500128e+01 1.361328509377938872e+03 -1.523537427459247283e+03 1.094539744164334252e+03 9.077641185148469276e+02 4.747783903069868074e+02 -3.177573000433167181e+02 -3.853288677713193522e+01 -1.141452497413167748e+03 2.417389554819148145e+02 4.122008847236800761e+02 -1.394025615260913128e+03 -1.838394297599549816e+02 7.345214411455587833e+04 9.174847171358615742e+04 -4.714153214185134129e+04 -2.996269406424567023e+03 -4.968265929787963614e+03 -7.723477148056760598e+03 1.469330053646090346e+04 1.592746183504548208e+04 -8.795177567919470675e+03 -1.294572877913337152e+03 -5.818485030362538964e+03 -2.312934421704257602e+03 -6.443482374439980049e+03 -7.172375690180331276e+02 -2.781688887583544329e+03 -2.141585711616921799e+03 -9.014387847779029244e+02 -1.069408566691166016e+03 -4.581383871967819914e+02 -9.702151590619887145e+01 -2.034682306111051957e+03 -1.954539390851565940e+03 -2.407326950473802299e+03 -1.512054994986802114e+02 1.548181864916371069e+03 1.705216052962451613e+03 9.145722250212349991e+02 -1.670550419631616933e+03 -9.135516861107505520e+02 -2.062296597265400123e+03
1.110025504118121753e+05 8.097390073357026267e+04 1.321641754243504511e+04 1.795224031091293728e+04 1.978133753988521130e+04 1.432633987081780833e+04 1.204203140127419829e+04 8.919717681629526851e+03 1.298121367764662318e+04 6.722958716154899776e+03 5.381485070307248861e+03 1.244806264206690685e+04 3.882712505831986346e+04 1.061896896679821657e+04 3.720420838828880278e+03 3.172374353041702761e+03 1.957341904213136104e+03 2.171707532689969867e+03 2.054766091323803721e+03 1.983824799353804565e+03 1.683854650329460355e+03 1.484862361866566744e+03 1.667197417614211417e+03 2.026112045930623253e+03 1.361620994435709235e+03 1.457243013729260610e+03 9.572629140890667259e+02 1.237035971937551949e+03 1.590655924135502573e+03 1.086713244218387217e+03 1.734492647665206750e+05 6.954339923938893480e+04 6.022647104440371186e+04 3.910406477851750242e+04 -8.233075698209973780e+03 2.080294842320824682e+04 1.102181617721647672e+04 1.624529266809054752e+04 5.999192789877390169e+03 3.688704014927710887e+03 -8.912160879729126464e+02 8.113878534302662956e+03 3.085069213759447393e+03 3.083121816071689864e+03 1.966169994006526849e+03 2.588372556249561512e+03 -9.939483933860686875e+02 -1.688459741123504728e+03 1.835338188728781461e+03 -4.233552590721729985e+02 -8.745998146646317082e+02 -2.227122862938306298e+02 8.944599096270977725e+02 -3.608044831220804838e+01 -8.731509416914009307e+02 -6.660320282990494434e+01 6.475396072701408912e+02 1.646408317205341064e+03 3.210838590138004633e+01 6.857512122846932812e+01 1.007539497978002328e+04 7.461407564665505197e+04 6.463323806308527855e+04 5.130315433059776842e+04 -2.036041590365505181e+04 -6.052833039470611766e+03 1.172207641060821879e+04 6.374670967532752911e+03 -3.823877337830476336e+03 2.002381077371017909e+03 -2.160657334193837869e+03 -1.591355957758759587e+03 -8.280870455888344850e+01 -9.343613989511368345e+02 1.204199001106119340e+03 2.191815840961926369e+03 9.482071736751167634e+01 1.744671426705664999e+03 -1.730490857911770263e+03 -9.101776846634245430e+02 -8.584485704656960934e+02 -5.025732522294748037e+02 7.016055209666544670e+02 -2.195621579472999088e+02 1.448264568382370214e+02 7.012794758395362749e+01 1.007592733988085342e+03 -1.834021682519555156e+02 -8.176534547217002000e+02 -2.819714061219580117e+02
6.574235627959016711e+04 5.859424087615391909e+04 1.570349827200063191e+04 1.199133873374530776e+04 1.105787344585496976e+04 1.776009367120059687e+04 6.886311502878819738e+03 8.678730124355244698e+03 8.268419772305103834e+03 5.918948451239064525e+03 5.573337027290329388e+03 6.382543698718567612e+03 1.061896896679821657e+04 3.029143527578161593e+04 8.426728846923417223e+03 3.364562805514268803e+03 4.490581344136273401e+03 2.478851943886320441e+03 2.570057327291287947e+03 2.477053365275211490e+03 2.254269298456179968e+03 2.551002639674101374e+03 2.531036914234834057e+03 1.945167280215609935e+03 1.927127142332792346e+03 1.296880373817495183e+03 1.090473575019501823e+03 1.771287087449458340e+03 2.238099489175332110e+03 1.125516569514134744e+03 -5.442956972708144167e+04 1.753788061101843778e+04 -1.300441836296866495e+04 1.757617301961568955e+04 -6.705062015094517847e+03 1.571295588508955734e+04 -5.364664889768175271e+03 -3.261931353326511271e+03 8.480551570138861280e+03 3.785353881955452835e+03 -3.356767487565813099e+03 2.099559159051164443e+03 4.322821768239651647e+03 8.217260270282851025e+02 1.958231481338663798e+03 -2.175491991835583576e+03 -1.184446806742986610e+03 2.187398148835225584e+03 1.332874689501589273e+03 -1.527832221391102394e+03 -1.339106657307424939e+03 8.936681429260752338e+02 3.414939393933201472e+02 8.578441706363480534e+02 1.606531801088156044e+03 -1.271023303981662878e+02 1.283950006040624203e+03 1.640138654384819802e+03 7.322897466198935490e+02 2.664672776752595951e+02 -6.151805811514677771e+04 5.546840617663863668e+04 1.408200527902615977e+04 1.911320695984467966e+04 -2.882416901847934059e+04 7.621181045834067845e+03 1.583313367751255464e+04 -3.644071654340744431e+02 1.995071591069285660e+03 7.247272225265056704e+02 5.016303001513190793e+03 -6.821369980465788103e+02 -1.574335134400271954e+03 4.204553172471002654e+03 3.170554526764349235e-01 -3.072876341000063576e+02 4.250514402087362214e+03 -2.264780514663972326e+02 -1.491964075951349287e+03 -4.826365923684967925e+02 -3.057774342267036445e+03 -1.595112770653797952e+03 6.892308968082282945e+02 -1.080996689577850930e+03 1.539877702609726953e+02 -7.297697804008437288e+02 -1.254057467250556329e+03 -1.724141388818044561e+03 -6.162376603327764713e+01 -1.240815813207988413e+03
5.162933903575481236e+04 2.459540203131739327e+04 2.745629223359793832e+04 1.662958693487503115e+04 1.064049117036157804e+04 1.561908694009914143e+04 1.078384675635729582e+04 5.010690570047738106e+02 5.738483093956154335e+03 4.798761772153077800e+03 6.933452811582852519e+03 4.532227445207357960e+03 3.720420838828880278e+03 8.426728846923417223e+03 2.487275069608420017e+04 6.073737553845512593e+03 3.562487821655266998e+03 2.430684303251983238e+03 1.686541111335498044e+03 2.118485584373450820e+03 1.174460583513700158e+03 1.636744915406856308e+03 1.624707364564156478e+03 1.453364347502800456e+03 1.223538628384564845e+03 1.051349937124515918e+03 1.260538412224071180e+03 1.245610955102174103e+03 1.520680410708518821e+03 1.062981887745636413e+03 -5.076430887949921453e+04 2.037322249212434326e+04 1.670372328986423236e+04 2.052964623958799712e+04 5.798895392120339238e+03 1.424915963739599647e+04 3.166600279362505717e+03 -6.829756086173622862e+03 1.332077454139366864e+03 -1.698238824167280825e+02 8.464704804147689288e+01 -7.145238529149368105e+02 4.177122775373657532e+03 5.642434777784037578e+03 4.766341393504708321e+02 2.855587046929451390e+03 1.757872743607968005e+02 2.552802599705278226e+03 2.205727833716817088e+02 -5.467448352882249765e+02 -2.755147912452297305e+02 -2.453223977713001034e+02 3.482606514047608925e+02 1.063599323498235435e+03 9.085744844109658516e+02 1.617476620121984752e+03 9.673755928643222433e+02 2.202410957823502940e+03 6.194352099994757737e+02 1.027514320085860788e+02 8.276472064507233881e+03 2.810690043858537683e+04 -6.789292537347898178e+04 -2.311656297438305216e+02 -5.917899118756144162e+04 -3.524725774583650946e+03 1.276824162781827363e+04 -1.613846855035374801e+03 -6.003271356026298236e+03 3.900060682276956868e+03 4.410474159196699475e+03 4.221291024833605661e+03 -8.573625571855794760e+02 5.534603261463757917e+02 2.736206640026183322e+03 1.089239227746240203e+03 4.939431968014300622e+01 6.504086012030446682e+02 1.357611408880276542e+02 3.990616944401263595e+02 1.702854482892034866e+03 -3.702023968036006636e+02 6.048859921265565163e+02 6.678656643562671889e+02 7.551802587977799703e+02 -9.461681367475615616e+02 9.145254416826931276e+01 -4.016235058549503378e+02 -6.752456693420189140e+02 -1.520773650965079014e+03
1.569300321002766941e+04 5.156528148853278253e+04 -1.990123715199051958e+03 2.064358078883354756e+04 9.269365609062173462e+03 1.446435262238034011e+04 7.578062343437217351e+03 4.219491415544692245e+03 4.106020883099726234e+03 2.596690246404859863e+03 4.059718886877940349e+03 2.539590218870750505e+03 3.172374353041702761e+03 3.364562805514268803e+03 6.073737553845512593e+03 1.853965288506384604e+04 4.430910141655470397e+03 1.462982995351793306e+03 1.566439903871798379e+03 1.423615059573780172e+03 1.463302237163589325e+03 1.255099164504150849e+03 1.521262785814228664e+03 1.409291908183512305e+03 1.036816009377631644e+03 1.110956382554850961e+03 1.155653313026251453e+03 7.739435797589716231e+02 8.866978841429292970e+02 6.740025140958948668e+02 2.264689626882219454e+04 6.728502147414138562e+03 -5.507290812866854139e+03 -5.168441899457102409e+03 -2.063705292123832805e+03 3.983916806253618688e+03 -4.456307123075022901e+03 -5.255269248913497904e+03 5.689894350624787876e+03 -7.200890956316502525e+02 6.012052320680901403e+02 3.036212173927919594e+03 1.595602223427382114e+03 1.089277930278931308e+03 4.762176117154065196e+02 -2.014052924365961061e+01 1.399292287405752404e+03 -4.847702797875441547e+02 -1.191752847518493581e+03 -2.175302279614058705e+02 1.075912293298885061e+03 -1.030778527950130865e+03 -5.951907246616136717e+02 -2.492812371109909577e+02 1.164024838304273999e+03 8.657798824735292555e+02 5.312836112821638146e+00 1.028114718375436496e+02 -4.242049916172338726e+02 3.940953466131960568e+02 -1.334799159549170872e+05 -5.988648377841553884e+04 -8.558545998555224287e+03 1.603330033263027144e+04 -2.330532511279787286e+04 -1.341499168537451624e+04 3.010530526321638717e+03 -1.604263399423208966e+03 2.201466116817625334e+03 6.420055837226111180e+03 -2.761720273514569271e+03 -7.374910392475302388e+02 -8.142507549721505029e+02 -1.702292786289724063e+03 -2.472097651954498360e+03 -6.755366610468938688e+02 -6.702136017924649423e+02 3.714565414131923831e+02 -6.135694629722447644e+02 -1.012335843706459855e+03 7.617890222949753252e+02 3.057962731299368215e+02 -2.820912545920486991e+02 6.904110951080318159e+01 -4.388657542254695159e+02 -1.655322273392836792e+02 1.971828029918766561e+02 7.086797728984711284e+02 4.718305657561595012e+02 -1.028856824383839466e+03
3.707966707132060401e+04 5.484646129204849785e+03 1.337298232740188541e+04 1.343771295799224936e+04 8.115470736092189327e+03 1.029499961573652581e+04 4.123834560751946810e+03 4.300466153565284003e+03 4.214847958029469737e+03 4.689119171052499041e+03 3.951886353405062437e+03 4.267539887301966701e+03 1.957341904213136104e+03 4.490581344136273401e+03 3.562487821655266998e+03 4.430910141655470397e+03 1.440497346799037950e+04 3.045450063488490741e+03 1.392087991103452396e+03 1.459771059932687876e+03 1.628174858316165910e+03 1.690380439220189146e+03 1.532455198093165563e+03 1.196827116777197489e+03 1.166621281849313164e+03 1.021580187681354460e+03 5.372131881799361963e+02 8.595018469819325446e+02 1.325710955413461761e+03 6.567605514401994924e+02 -2.737620837402884717e+04 1.121795203376495192e+04 -1.447476291836959945e+03 -2.071612584199510093e+04 -4.210673230174409582e+03 -2.488354383279992362e+03 -9.909882159144384786e+03 -2.457682536768807040e+03 3.007191927911019320e+03 -9.889564025510851479e+02 -3.913908744972510704e+03 -1.017545807233668370e+03 -2.687123949375834854e+03 -2.606736581538747942e+03 -1.692562829962692774e+02 1.677062320538847189e+03 -9.892420844234397919e+02 2.144155444096128576e+03 3.831486733207354405e+02 -5.092268931708655941e+02 -4.094423987058365810e+02 -2.780807381244242720e+02 -4.200148297936322592e+02 -3.068785143984426327e+02 8.484323233015512642e+02 -6.861180810268993469e+01 9.308101699275813701e+01 1.059902711902162906e+02 6.924382627683468172e+02 2.469133664466378093e+02 -4.804005736888359388e+04 -5.661871201342792119e+03 2.831780787209436312e+04 -4.169096890645565509e+03 7.064040776852220915e+03 1.384041774151009668e+04 -8.476986550670989118e+02 2.113706619263256471e+03 4.339553082859697497e+03 6.177379495421447245e+03 -2.446727201350225187e+03 -1.473400277971062906e+03 -2.774286349702130337e+03 2.448952388497148604e+03 -1.933664174308231622e+03 -2.892527778611979102e+03 1.317831163671470904e+03 6.586869065037021755e+02 -1.410005183351896960e+02 5.637701504476481205e+02 -1.034560549826112947e+03 -5.017097904680585430e+01 6.232749340980229817e+02 -4.206625960720818966e+02 -6.967636776762664113e+02 5.899579113034685633e+02 -5.564138351800081637e+02 -6.046667763801889350e+02 -5.959197665613353365e+02 -9.868326997816733410e+02
