5.340633310082801431e+07 1.156729730515672080e+07 -1.971175744050751207e+06 -6.711238503583854763e+05 2.841887429927469348e+05 6.229176887050803052e+05 3.408535225032693124e+05 2.113087216820436879e+05 1.883110539751064789e+05 -1.354662440805812948e+05 -1.241059100307483895e+05 -1.559198033606954850e+05 -1.009216723306626955e+04 3.464916264061679249e+04 -5.806292603857078211e+04 1.225102231998084317e+05 5.799155061678000493e+04 2.570211952146243129e+04 4.206905760583626397e+04 4.596317975724126882e+04 9.234771920147035416e+03 1.862349221797032442e+04 -2.198725441639665223e+04 1.516867517576590035e+04 -2.785128650590335383e+04 7.023860041510501105e+03 -6.261078081093213768e+03 2.180909276620883975e+04 -1.127876604028598740e+04 -5.052786699211172845e+02 -7.471778676397443749e+06 3.143938398588819895e+06 -1.992497170147754019e+06 -2.024222379351313692e+06 6.476140504380486673e+05 4.500780346874774550e+05 2.841047780971953762e+05 4.912341839227660093e+05 4.440937921630468918e+05 2.985055150427830522e+05 3.927263633537880378e+04 -1.610200347925824753e+05 -1.406434464272705081e+05 1.229470182927369897e+05 -1.430104609882020741e+05 2.500752090353739040e+05 1.729054225501169858e+05 6.931046592759307532e+04 1.174371550809220498e+05 4.922632578445769468e+04 -2.008133894106600201e+04 -4.861855469956230991e+03 -4.263453955864367890e+04 -2.257914795821098596e+04 -2.634626847364590867e+04 -3.289466040095946482e+03 -1.311198968354605131e+04 1.600233932429896231e+04 -4.594482742559076723e+04 1.104480830418224650e+04
1.156729730515672080e+07 4.317694739409226179e+07 6.525460397617236711e+06 -1.638022111275855859e+05 1.905617221609276312e+05 9.681205231482136878e+04 4.382537683654471039e+04 6.673387816618851502e+04 7.219233343867896474e+04 -2.598818445538608648e+04 6.960070792220023577e+04 3.895211927188398113e+04 3.582982046128796355e+04 -7.472255312095781846e+04 -8.426184393158582679e+03 2.002644918738851993e+04 9.622856661437972798e+04 4.028921193615947413e+04 -3.585082858851956553e+04 1.923221764998272920e+04 -3.665605598302042927e+04 6.322207948411538382e+03 -2.990056135815251764e+04 -1.290766512597684050e+04 4.308239255610025793e+03 4.701315407228640652e+03 4.308692232464604785e+03 9.130256304207850917e+03 7.261371763204700073e+03 5.950270990457067455e+03 7.820566433576451614e+06 3.788297069715884328e+07 4.811252825537782162e+06 -3.008421219652956934e+05 5.971982643635658314e+05 -6.726844465820161531e+03 -9.723700824582341011e+04 -3.717576895680918824e+04 -9.030065679410714074e+04 7.063837270080887538e+04 1.125803840464778332e+05 4.305911417753100977e+04 -4.556401861895775801e+04 -2.365285485464005033e+05 -1.085452038521965442e+05 7.104764103885162331e+04 1.595157471312155249e+05 -3.616305418619728152e+04 3.945023519429815497e+04 9.217646110270821373e+04 -6.817881142444432953e+03 1.818472557169157881e+04 -9.503449144864112895e+04 -2.738169203755506896e+04 3.145039916389701466e+04 6.642311151259583130e+04 3.000947348251652511e+04 5.008227098526225745e+04 2.381805165545115960e+04 9.922532202704018118e+02
-1.971175744050751207e+06 6.525460397617236711e+06 1.672031519582149945e+07 2.640024712128122803e+06 4.074501924647895503e+05 2.978291386672239751e+05 -2.413996220007473312e+04 2.520875124865088437e+05 -4.667228605996634724e+04 7.668554881488092360e+04 7.420553988686277080e+03 -4.366465997596806119e+04 2.776592771296914725e+04 1.963710485595370847e+04 4.730789561025676085e+04 -8.992090704499254571e+03 2.877942672903644052e+04 2.884335001427659518e+04 -9.067563715640828377e+03 -1.035033086564216683e+04 2.033528328522288348e+03 1.375097213614381508e+04 2.094781042527043610e+04 1.762121850110724699e+04 1.167590402060841188e+04 1.143523800299463437e+04 9.571731887776424628e+03 -5.800352187648152267e+02 3.369191642753948599e+03 7.423455765420188982e+03 3.172321547595162410e+06 1.092526523306576908e+07 2.041497737732218951e+07 2.590382736592338420e+06 6.293143584786995780e+05 -7.989335449349886039e+04 -3.859716922366057988e+05 -5.466464562802945875e+04 -7.634609607068249898e+04 2.070934187697416637e+05 -3.903568426304448803e+04 -4.361581892085030267e+04 2.438343800142205146e+05 8.652452524034833186e+04 6.623776915582896618e+04 -4.801771525847586418e+03 3.642605475468457735e+04 5.486693273060922138e+02 -2.063384097371367898e+04 -5.175869341844176961e+04 3.709443778296409437e+04 -2.525520549251984630e+04 -3.096451072108696280e+03 4.091215314387960098e+04 2.792926992224643254e+04 2.920225556698639048e+04 3.791961548454730655e+04 1.831937489981967883e+04 1.857116918727042139e+04 -1.857614595952911259e+04
-6.711238503583854763e+05 -1.638022111275855859e+05 2.640024712128122803e+06 7.714139324366922490e+06 1.392629420336946147e+06 3.826168333390895714e+04 6.642087639340339229e+04 1.865721808779873027e+04 1.100444917430005444e+05 8.320180090990282770e+04 -1.196202395066394456e+04 2.155955016942992006e+04 -6.118163618706545094e+03 -1.666964279608978904e+04 5.714150966604078349e+03 2.268958361808405243e+04 7.722482215344996803e+03 2.061081041842288687e+04 -1.284175670266894667e+04 -1.098792892781805904e+03 -9.005060513716354762e+03 3.356132278324408617e+03 9.732269241743329985e+03 6.392464923308200014e+03 1.629314785495155320e+03 1.170782784599762999e+04 -3.101592347889325538e+03 6.900236938623941569e+03 6.876820772740520624e+03 1.675385124933270902e+02 9.107402696846605977e+05 2.069081231124935206e+06 4.143446288305502385e+06 1.036813054416411743e+07 1.478207229771021986e+06 1.199058318720890675e+05 -2.607136387464049039e+05 -1.584056730228438100e+05 1.089629054128580901e+05 -1.612198502116352029e+04 -7.397568236439909379e+04 8.669327602767026110e+04 -5.669161703616121486e+03 3.477319016362368711e+04 -6.413893481216959117e+03 2.579056188139933147e+04 7.689276612927638052e+04 1.423030698574013331e+04 -1.238724967951916187e+04 6.523633857767117661e+03 1.297285349477934687e+04 1.916770469709391182e+04 2.803466381472070498e+04 2.376792714932242598e+04 -4.565408244089629193e+02 1.105298630064309873e+04 1.317352574180520969e+04 3.261128041011954338e+04 2.509956131330037897e+04 -3.920995184176619659e+03
2.841887429927469348e+05 1.905617221609276312e+05 4.074501924647895503e+05 1.392629420336946147e+06 3.611565317812682129e+06 5.939818383978359634e+05 -7.739597141009797269e+03 4.895763593179405689e+03 5.450489689817587350e+04 2.064919047583410793e+04 -1.425416290871629826e+04 3.162219714495454173e+04 2.254196186739992845e+04 6.017254511502583227e+03 -9.608947672073732065e+02 5.238148142943181483e+03 1.068327672240803622e+04 1.689995119891138529e+04 1.720098265288643233e+03 8.873929687071880835e+03 -4.562313500740044219e+03 -9.947606369959008589e+03 1.406255929900123738e+04 3.352074572155968326e+03 -5.200437045429283899e+03 7.490648357824238701e+02 -1.354596432269918068e+03 6.141110932323785164e+03 8.315760736559097495e+03 7.797360721752495010e+03 -3.710944631818472990e+05 3.323727020235328819e+05 8.281321418528059730e+05 1.833981045455302810e+06 5.335836043596560135e+06 9.316901247689402662e+05 -1.166743988128688216e+05 -1.090180312431643251e+05 6.605666887588637474e+04 5.687175009421808500e+04 1.139531106046965397e+04 -6.547166826854413375e+04 5.106275161693415430e+04 3.570622885018467059e+04 2.906096711541402328e+03 2.634726119234706857e+04 3.652423309595155297e+04 2.604639356444043369e+04 2.800770117489136101e+04 3.331767811093784985e+04 -1.279290319761847240e+04 -1.599594852623426232e+04 2.211505006682047679e+04 1.015087385318042493e+03 -2.393654107013583416e+04 7.399161151238382672e+02 -1.132249992261388070e+04 6.889316774167360791e+02 1.616279221299612982e+04 -1.673628475402253343e+03
6.229176887050803052e+05 9.681205231482136878e+04 2.978291386672239751e+05 3.826168333390895714e+04 5.939818383978359634e+05 1.609126103424892761e+06 2.503379711188793881e+05 9.225353140778806119e+04 5.832527351069813449e+04 -3.378068407791008940e+04 -2.076143998251407174e+04 1.191706184840526657e+04 2.629104559224155764e+03 3.494439028084998426e+03 9.449942036325579465e+03 4.969445252037812679e+03 9.149360202337871669e+03 8.237034843054498197e+03 5.537111721989983380e+03 4.680372798561792479e+03 8.807788572718643991e+03 1.546658318141892960e+04 1.375144456390726555e+04 6.226524573907416197e+03 2.977403474990738232e+03 4.060881024186599916e+03 3.565875295595049920e+03 4.833641686288224264e+03 4.754082549325892614e+03 2.865131710189616570e+03 -3.595878088450811338e+05 -5.135645561170381843e+05 1.482257054685814946e+05 -3.038347630973389605e+05 8.445308403183515184e+05 2.288945549538197462e+06 3.402182233238703338e+05 9.909182706804400368e+04 8.310677039100402908e+04 3.084533945118281554e+04 3.156529472247062222e+04 1.922349802372989143e+04 4.125307409873685538e+04 3.914964030299930164e+04 4.056234450304554775e+04 2.600139073878491035e+04 6.077032823768868184e+03 6.240995437985364333e+03 2.746596908131525197e+04 8.157126109051601816e+03 8.791974011651078399e+03 1.437263806879200820e+04 7.571758485981459671e+03 2.038618400781553282e+04 8.480623290071544034e+03 1.867580438191376015e+04 1.816881271705722611e+04 1.526298547273180338e+04 9.888247706034559087e+03 5.849334259617970019e+03
3.408535225032693124e+05 4.382537683654471039e+04 -2.413996220007473312e+04 6.642087639340339229e+04 -7.739597141009797269e+03 2.503379711188793881e+05 1.050739205177048221e+06 2.079374479878012207e+05 1.323491858794424297e+04 4.523944450339654395e+03 1.806206290112610804e+04 6.512624049633737741e+03 1.378077952245287270e+04 1.439483176383016325e+04 1.171333655820346394e+04 1.491467356513197774e+04 1.182264963922402239e+04 6.200958056956304972e+03 9.870763335792678845e+03 9.659662098024386069e+03 3.400781675080097102e+03 -9.815873897563244554e+02 7.441644094733062957e+03 -5.796374183377988629e+02 3.951291455552227035e+03 2.388758847126327964e+03 -2.027776566361702180e+03 -1.110477108949732383e+03 6.477645850380026786e+02 3.288417106060027436e+03 -2.819367833052041242e+05 -6.046204540883732261e+05 1.618472587349275454e+04 1.490536044290931895e+05 6.320018964711503213e+04 3.902137170957300114e+05 1.567460922769249650e+06 2.286563923533719790e+05 -9.403526855964880724e+02 -1.038818340836451898e+04 1.794593543388829858e+04 3.779183745101148816e+04 2.454487960865815694e+04 1.000796781947157433e+04 -1.232412738803293360e+04 2.766266754511451654e+04 6.191855659393981114e+03 2.057169409349660327e+03 1.249524003440669730e+04 2.123925995852024244e+03 -6.796613166874399212e+03 -1.064743144158322320e+04 2.491125089783863302e+02 -5.352642003752942401e+03 4.645622179147506358e+03 6.336209449884040623e+03 5.406533093714957431e+03 4.422482514871873718e+03 9.639986580246243193e+02 9.713852823942374016e+03
2.113087216820436879e+05 6.673387816618851502e+04 2.520875124865088437e+05 1.865721808779873027e+04 4.895763593179405689e+03 9.225353140778806119e+04 2.079374479878012207e+05 6.382017480542666744e+05 6.903765693313317024e+04 -7.049399823878566167e+03 2.061553490897709707e+03 1.217285779082273621e+04 7.567585505043795820e+03 3.591506692378325624e+03 -4.630597029466212575e+02 1.429791354977047740e+04 1.369171055602436900e+04 8.407659380566617983e+03 8.376403843036252511e+03 4.953725403630677647e+03 4.131018161121639423e+03 3.482514573320612271e+03 3.286907865647869130e+03 8.935396567611168166e+02 8.043661304174228235e+02 6.629786055746638340e+03 1.289360831692943748e+03 5.708590263529582444e+03 3.108979137044379513e+03 2.281927739354239293e+03 -1.245552192156346428e+05 -4.285826743134965654e+05 2.674147134723298368e+05 1.295701018910049752e+05 9.547262624749333190e+04 1.129536285042012169e+05 3.230345501286208746e+05 9.024150448360503651e+05 8.538224528497821302e+04 3.539322537877859304e+03 -9.781153232187396497e+03 4.393503577039016818e+04 1.331778564816232392e+04 -4.179607087752408006e+03 -8.202392988800411331e+03 3.435998672310032998e+04 3.395285379128473141e+04 9.996093542677994265e+03 1.245938240819716384e+03 1.816170537500577211e+03 4.372485950190881340e+03 1.948135909763402196e+03 -2.982632081853000273e+03 -6.252349652194757823e+01 5.549848236120256843e+03 1.059330966356332101e+04 6.990740240439627996e+03 1.426768201880488050e+04 3.892030257060621352e+03 -1.887055033934647327e+03
1.883110539751064789e+05 7.219233343867896474e+04 -4.667228605996634724e+04 1.100444917430005444e+05 5.450489689817587350e+04 5.832527351069813449e+04 1.323491858794424297e+04 6.903765693313317024e+04 3.510516872970847180e+05 5.772139590994521132e+04 -5.585288197076363758e+03 4.866383330099254636e+03 -8.286721568754776399e+02 -1.437826085546210606e+03 7.325844812593873030e+03 4.616470045827725698e+03 -1.145628581041769856e+01 7.017086441820821392e+02 2.359101712774739099e+03 3.252556776868172165e+03 2.133764391175020137e+03 3.287096973482252906e+03 3.501520873077809597e+02 3.122058197840442062e+03 4.734560554211852832e+03 6.302829704229113759e+02 2.244772116118815120e+03 2.954782868893424165e+03 2.895796252400523827e+03 3.106707481022254797e+03 -1.012448339525226183e+05 -2.038775608903701941e+05 -2.292565994244916947e+05 1.555790531751083909e+05 2.354482565376517414e+03 3.557254412594432506e+04 6.018761784655415977e+04 9.150628170361410594e+04 4.871005928816993837e+05 4.789675286246190808e+04 -1.424950811035404001e+02 2.115873613735497202e+04 -4.236464998925725013e+03 1.347756761799781452e+04 9.324407358359912905e+03 4.718467823582925121e+03 -8.302963244784903054e+02 7.928576040456819385e+01 3.411983413988792563e+03 9.372615655697416514e+03 7.408301737130438596e+03 9.162863635607509423e+03 -1.876835207743493129e+03 5.511913281616698441e+03 8.106910128449614604e+03 6.153113128244462132e+03 7.406450012480159785e+03 2.354684242547576559e+03 6.418409720542113973e+03 2.660637013982048757e+03
-1.354662440805812948e+05 -2.598818445538608648e+04 7.668554881488092360e+04 8.320180090990282770e+04 2.064919047583410793e+04 -3.378068407791008940e+04 4.523944450339654395e+03 -7.049399823878566167e+03 5.772139590994521132e+04 2.271743764372389996e+05 2.892933200098770612e+04 7.198713921974007462e+03 2.149261601376499584e+03 -1.445918150052715191e+03 6.957722578237616290e+03 4.620870837308941191e+03 5.501614142265579176e+03 1.095104172260106907e+03 5.717074196071392862e+02 -1.803425505029998476e+03 -1.357119378319400766e+03 1.153279026707016101e+03 2.066869168496548355e+03 3.973285121858710340e+02 9.509732400606532110e+02 2.256528803488447920e+03 -9.496052303338803995e+02 2.097497319388887263e+03 1.931965795469293198e+03 1.507625558078308586e+03 -7.914848824982182123e+04 -2.253919131523318938e+05 -5.412440769960975740e+04 7.670654592681983195e+04 7.839315627022278022e+03 -3.600006848860708851e+04 5.475788023192062974e+04 -1.473735118102471461e+04 5.535402818329317961e+04 3.002940772902944591e+05 3.131909573454205383e+04 1.189508218795836183e+04 -3.406381302455404693e+03 9.352230805936587785e+03 2.229594105701980425e+03 -7.509929853180897226e+03 6.997321905688847892e+02 -2.842066816093012676e+03 5.628127697160502066e+03 -2.832103894676872642e+03 4.376989257843981250e+03 1.065270214822740854e+03 -1.388889456696423622e+03 -2.044386357379689798e+03 2.856143455030491168e+03 1.074827363754338194e+03 -2.214738818338437625e+02 -1.096831406988997287e+03 3.970656942772864568e+03 4.499382807761824552e+03
-1.241059100307483895e+05 6.960070792220023577e+04 7.420553988686277080e+03 -1.196202395066394456e+04 -1.425416290871629826e+04 -2.076143998251407174e+04 1.806206290112610804e+04 2.061553490897709707e+03 -5.585288197076363758e+03 2.892933200098770612e+04 1.413362069195510121e+05 2.551075572723932419e+04 1.248895026767105946e+03 -1.361417278873793066e+03 4.652216250624004715e+03 1.234724370110353448e+03 1.949207725376637654e+03 4.159529077266304739e+03 2.637305313529477644e+03 1.457879213216759808e+03 3.276481866700996761e+03 1.521236888119110063e+03 1.487373430833297334e+03 1.851647085390501616e+03 2.277485745236288949e+03 1.064789046227157542e+03 1.546628899339117879e+03 9.965080676553886860e+02 8.090998173338089146e+02 5.842395855815681216e+02 1.895926113816475845e+04 1.027858365535067132e+05 -1.587289655383155914e+05 3.515841473656742164e+04 -1.005344462417175237e+05 -9.727569323213414464e+03 -1.334029676465643888e+03 8.819917871988285697e+03 4.584965742354781469e+03 2.038311748960821569e+04 1.890737663428155647e+05 3.452791134065381630e+04 1.140965337259017360e+04 5.455231121035639035e+02 4.042154936102927877e+03 -8.949561974796888535e+03 1.996493831235685093e+03 1.787494564434474341e+03 1.695018599909411250e+03 -2.441691578877586380e+03 4.807499668170722543e+03 2.551346634548026032e+03 -7.414295085687339224e+02 -3.713085517061139399e+03 1.973383277182030952e+03 2.372825880721414251e+03 4.656404630381434799e+03 -1.433408978324303007e+02 3.908534662767457576e+03 -1.578142234137626865e+01
-1.559198033606954850e+05 3.895211927188398113e+04 -4.366465997596806119e+04 2.155955016942992006e+04 3.162219714495454173e+04 1.191706184840526657e+04 6.512624049633737741e+03 1.217285779082273621e+04 4.866383330099254636e+03 7.198713921974007462e+03 2.551075572723932419e+04 1.145814325139725552e+05 1.579718124131310469e+04 1.131968297835734347e+03 3.165031902102611639e+03 3.686260923388190349e+03 1.701879048791796095e+03 7.413997898466737979e+02 1.947564628297659283e+03 4.131849874246366198e+03 -2.112366936117037767e+03 9.537848713769881215e+02 1.346117835934527193e+03 1.610508891712268678e+03 2.233325360630534760e+03 2.529170086315490153e+03 4.300885925630569773e+02 1.018214591899514403e+03 1.068033696258447208e+03 8.884552112733731519e+02 -4.337412996376956471e+03 1.825364810820998100e+05 -1.759724506179008749e+05 8.326277135092143726e+04 3.408113924775470514e+04 2.608305921088973992e+04 -6.620203242418707305e+03 1.368679224078222978e+04 9.768413882672521140e+03 9.574810824203046650e+03 3.166268281282842872e+04 1.654202435835873184e+05 3.426829136050298985e+04 6.525302605220695114e+03 -1.096792175602668522e+03 1.241509314654336094e+03 2.744624356225361907e+02 4.580038572245393880e+03 -8.900933512428374570e+02 2.461463993579027374e+03 -6.586727602554889017e+03 7.618242969679423595e+02 1.085138217700383848e+03 7.786196110044424756e+01 1.443295257196303737e+03 4.549215081651420405e+03 1.417552169702448964e+03 3.144998481370446825e+03 3.146647471553797914e+03 -5.390506502970870315e+02
-1.009216723306626955e+04 3.582982046128796355e+04 2.776592771296914725e+04 -6.118163618706545094e+03 2.254196186739992845e+04 2.629104559224155764e+03 1.378077952245287270e+04 7.567585505043795820e+03 -8.286721568754776399e+02 2.149261601376499584e+03 1.248895026767105946e+03 1.579718124131310469e+04 8.719209892320766812e+04 1.939450153150595725e+04 3.347033340730034979e+03 2.901576076141979684e+03 -1.690469735303706784e+03 -5.542247334823102847e+02 1.468748131197345856e+03 3.806201049417789818e+03 1.672372957304924967e+03 2.020082884585559214e+03 1.556405385007318955e+03 1.416579254451154611e+03 -1.016725598144320770e+03 1.211239375427910318e+03 5.283843271514825801e+02 1.987150536955479765e+03 8.728536136093142659e+02 1.376036907140080984e+03 -1.577555169289402838e+05 2.316995067202581413e+04 -1.685933092875938382e+04 1.935825676138781273e+04 4.717702833847080910e+04 8.042592980076826279e+03 6.773800760283553245e+03 9.685702115267933550e+03 8.760999616074388541e+03 1.480579799920913683e+04 1.225517572661490885e+04 1.786493385290278457e+04 1.262437180773966102e+05 1.903204832958522820e+04 2.387707594213871744e+03 -4.052889298516885447e+03 -8.783449154427042231e+03 -3.169639791455113482e+03 1.771116603547326577e+03 4.013743260704784461e+03 -2.538304118745740197e+03 1.700675840782647356e+03 3.330857577550083079e+03 9.169706782703763110e+02 -2.256417414831830229e+03 -1.247260131299606428e+03 -1.578413597803258881e+03 2.845868648505256715e+03 4.211898543048410829e+03 4.440412127627335394e+03
3.464916264061679249e+04 -7.472255312095781846e+04 1.963710485595370847e+04 -1.666964279608978904e+04 6.017254511502583227e+03 3.494439028084998426e+03 1.439483176383016325e+04 3.591506692378325624e+03 -1.437826085546210606e+03 -1.445918150052715191e+03 -1.361417278873793066e+03 1.131968297835734347e+03 1.939450153150595725e+04 6.715779057058322360e+04 1.172965103022157928e+04 3.584436978430255294e+03 1.699084347253680789e+03 -1.479191321521647296e+03 1.857558425726560245e+03 2.922755939220216533e+03 1.283805267698962325e+03 1.708505928687164669e+03 1.062897217024994916e+03 9.765464614129431311e+02 -1.104446003418010150e+03 4.382524652821364839e+02 -8.176256599528913966e+02 5.119909101773008615e+02 2.980113412037977128e+02 1.179199812622697436e+03 2.669198399134202191e+04 -1.354199960050202208e+05 7.910452983837206557e+04 -1.507160784967168001e+04 1.205405390016713864e+04 2.630823266470570161e+04 4.737558722990428578e+03 -3.456886640274352885e+03 -2.128111668882378581e+03 -2.100829574013403180e+04 1.052981427285390964e+04 -2.306654373526739619e+03 2.323085860777024573e+04 9.179171127948205685e+04 1.276523535322492899e+04 3.379014698914813835e+03 2.126845473753957322e+03 -5.431322345601493907e+03 1.026814139084383442e+03 6.957054787046986348e+02 -2.613768843363708584e+03 2.026245079048177331e+03 3.187034289514874672e+03 1.601568410957883771e+03 -1.648754354662993819e+03 -2.508280815010969945e+03 -1.797048146511196819e+03 1.647296914894094243e+03 1.752101838413110045e+03 1.634573041375867888e+02
-5.806292603857078211e+04 -8.426184393158582679e+03 4.730789561025676085e+04 5.714150966604078349e+03 -9.608947672073732065e+02 9.449942036325579465e+03 1.171333655820346394e+04 -4.630597029466212575e+02 7.325844812593873030e+03 6.957722578237616290e+03 4.652216250624004715e+03 3.165031902102611639e+03 3.347033340730034979e+03 1.172965103022157928e+04 5.311804837675736781e+04 9.042078217825353931e+03 -6.248920023036808971e+02 3.732053587816718846e+03 2.166845758338825362e+03 2.251365973267622564e+02 1.229306151340357246e+03 -5.917233403620903687e+01 1.768764709060352288e+03 1.900144108993713189e+03 8.767261000007922576e+02 1.403010457248408329e+03 6.750175469464464868e+02 8.214525593774734489e+02 5.429507835492046297e+02 1.226090941000009479e+03 1.174416117209980002e+05 -3.329977277424152271e+04 6.899134140965151892e+04 1.400896623132139757e+04 -8.232484308864377454e+03 -1.876407169669856739e+04 1.851494130401505390e+04 9.500033396928004095e+02 2.334078247446390378e+04 3.269537831008944977e+03 1.590029208065958119e+04 -1.874854908390166884e+03 2.733159167000238995e+03 2.418047143175819656e+04 7.290930688720758189e+04 9.213678945476895024e+03 2.073371643987418338e+03 1.884714711488171588e+03 3.403306912919134447e+03 -2.964233911223490850e+03 9.183110316054513333e+00 5.304297806542888338e+02 1.397397898202453462e+03 4.164093369407328282e+03 9.709017545650838201e+02 -7.280994383479094267e+02 3.333850806193594053e+03 1.053708450650522536e+03 1.907017949679524691e+03 3.775075760353889109e+03
1.225102231998084317e+05 2.002644918738851993e+04 -8.992090704499254571e+03 2.268958361808405243e+04 5.238148142943181483e+03 4.969445252037812679e+03 1.491467356513197774e+04 1.429791354977047740e+04 4.616470045827725698e+03 4.620870837308941191e+03 1.234724370110353448e+03 3.686260923388190349e+03 2.901576076141979684e+03 3.584436978430255294e+03 9.042078217825353931e+03 3.991373831398586481e+04 7.796730796352297148e+03 3.367364141721048782e+03 2.683513010098296036e+03 1.561006663414429568e+03 -7.887974729379006078e+01 -6.122979798808202077e+02 1.001463066413950855e+03 1.870699735760270244e+02 9.971320985060434339e+01 1.726491151315931120e+03 1.062648673113214500e+03 1.744708515315648128e+03 9.786326771604263968e+02 7.335821109885497435e+02 5.416267139426264475e+04 -1.187806197567595082e+05 -4.805244044623061927e+04 7.862200157792732352e+04 -2.011948908231294809e+03 -1.793427476516623983e+03 8.876344842341846743e+03 6.960053786355694683e+03 8.938969305406555577e+03 2.195927058541532915e+03 1.691680619515696662e+03 7.571914999527727559e+03 6.504845642834752653e+03 4.456464418127127828e+03 8.869579237270605518e+03 5.637547993260341900e+04 8.869377143900241208e+03 1.094028629306347057e+03 3.512390519715615483e+03 -2.486259198307370468e+02 -6.744438096362346187e+02 -8.476680268310111614e+02 7.667190041610544995e+02 2.197850084270476714e+02 -3.925663699173337022e+02 5.299442615516986734e+02 9.444089539072483603e+02 9.202515468370671670e+02 -5.762919428348245674e+02 8.236910635852888163e+02
5.799155061678000493e+04 9.622856661437972798e+04 2.877942672903644052e+04 7.722482215344996803e+03 1.068327672240803622e+04 9.149360202337871669e+03 1.182264963922402239e+04 1.369171055602436900e+04 -1.145628581041769856e+01 5.501614142265579176e+03 1.949207725376637654e+03 1.701879048791796095e+03 -1.690469735303706784e+03 1.699084347253680789e+03 -6.248920023036808971e+02 7.796730796352297148e+03 3.072094839591256095e+04 7.369842583891343565e+03 2.658391724425167922e+03 1.598559932349629435e+03 1.305975765524297685e+03 8.376956175333525607e+02 2.202616301627690802e+02 1.503713202203304036e+02 7.757871059431404319e+02 1.093851382875954869e+03 4.231184646872169992e+02 1.158326671090417449e+03 4.829157445417421854e+02 9.636298683411898764e+02 -1.783653868027774297e+04 4.906587525863784685e+04 4.460882344070930412e+04 1.113913113125943528e+04 -3.653091149812119693e+04 7.351401278019267920e+03 1.763489871103187761e+04 1.646478213732890799e+04 -7.261632248668333887e+03 1.157409954689078222e+04 -2.916322254427981989e+03 1.438022299446154193e+02 5.778547424408238840e+02 -1.692807252177184182e+03 -3.119310255871434947e+03 1.006514237362065796e+04 4.211569336481218488e+04 6.654283571028121514e+03 4.339095845996914250e+03 2.904023562510784359e+03 3.538881542352716224e+03 1.862173934108001504e+03 -5.394615794189702456e+02 -4.197657837754127286e+02 1.354376655097737739e+03 1.018693585865191153e+03 8.425566530792585809e+02 2.350166066977156788e+03 1.223301155545163738e+03 8.791373737455051014e+02
2.570211952146243129e+04 4.028921193615947413e+04 2.884335001427659518e+04 2.061081041842288687e+04 1.689995119891138529e+04 8.237034843054498197e+03 6.200958056956304972e+03 8.407659380566617983e+03 7.017086441820821392e+02 1.095104172260106907e+03 4.159529077266304739e+03 7.413997898466737979e+02 -5.542247334823102847e+02 -1.479191321521647296e+03 3.732053587816718846e+03 3.367364141721048782e+03 7.369842583891343565e+03 2.625602623302149732e+04 5.627614731481671697e+03 1.801217447211317449e+03 1.599881286201399917e+03 1.058295991026725460e+03 1.422985531731715810e+03 1.050447835469384472e+00 4.209328635603353632e+02 1.142746022979007193e+03 2.516720795047982620e+02 1.169017562116133149e+03 8.526102945730367821e+01 6.583544512703164173e+02 -4.659689406511180277e+04 1.566110372638171384e+03 4.600198039911538217e+03 -2.703966798210387878e+03 2.172487800948444419e+04 -2.041643765680593424e+04 6.800064631097579877e+02 -2.614182873231737631e+03 5.457579838449495583e+03 8.536129701520505932e+02 7.386287227594024444e+03 4.262954033813848582e+03 -1.249615677183918706e+03 -3.530231395600584165e+03 4.047781327114085343e+03 2.932491097402919422e+03 8.792258810208501018e+03 3.398440470428913250e+04 6.731432781160595368e+03 1.224378311965716193e+03 1.917036229372019761e+03 2.206045509707128531e+03 9.625456011242432623e+02 -1.445404361830098651e+03 3.597037424347444698e+02 2.906541929036519036e+02 -7.893333447961066440e+02 -6.089875186321924048e+02 1.146888987959306121e+02 1.142442130015716430e+03
4.206905760583626397e+04 -3.585082858851956553e+04 -9.067563715640828377e+03 -1.284175670266894667e+04 1.720098265288643233e+03 5.537111721989983380e+03 9.870763335792678845e+03 8.376403843036252511e+03 2.359101712774739099e+03 5.717074196071392862e+02 2.637305313529477644e+03 1.947564628297659283e+03 1.468748131197345856e+03 1.857558425726560245e+03 2.166845758338825362e+03 2.683513010098296036e+03 2.658391724425167922e+03 5.627614731481671697e+03 2.286484000629800721e+04 4.689538485252455757e+03 1.483189101363519967e+03 1.409983302907059851e+03 1.725134636255843816e+03 6.565691189757948223e+02 -3.593429918896591744e+02 4.017905369245070233e+02 9.548195397157587649e+01 5.948270828312088270e+02 2.678767987829539265e+02 -7.652283554117597930e+01 -3.863132609240710735e+02 -1.073225533660502551e+05 -2.143467740909507120e+04 -5.028049311178483913e+04 -1.432159921362570822e+04 4.365794885323541166e+03 5.354584402150378992e+03 9.414256143580481648e+02 1.704543018828847926e+04 -1.738795727181735401e+03 6.111039124480274040e+03 5.140143512277990339e+03 4.542684982624500662e+03 1.197943849413615226e+03 -2.250790095868352637e+03 2.380878210683435555e+03 2.156327431932822492e+03 5.853790551426945967e+03 3.231213628247504312e+04 4.643574375556196173e+03 1.397525212948151818e+02 2.215150118527642462e+03 2.992046942585302531e+03 1.509105174731106729e+02 5.243572833589245619e+01 9.666418896715121036e+02 7.447003224573414570e+01 1.530742529948428796e+02 6.139758500618646622e+02 -2.545016319340712840e+01
4.596317975724126882e+04 1.923221764998272920e+04 -1.035033086564216683e+04 -1.098792892781805904e+03 8.873929687071880835e+03 4.680372798561792479e+03 9.659662098024386069e+03 4.953725403630677647e+03 3.252556776868172165e+03 -1.803425505029998476e+03 1.457879213216759808e+03 4.131849874246366198e+03 3.806201049417789818e+03 2.922755939220216533e+03 2.251365973267622564e+02 1.561006663414429568e+03 1.598559932349629435e+03 1.801217447211317449e+03 4.689538485252455757e+03 1.929491515200925278e+04 2.260115799470219372e+03 -6.397630983447931641e+01 8.485144636274110326e+02 1.435881510915340414e+03 7.472303230453768492e+02 1.218671057292224532e+03 7.393158063330690766e+02 5.147361399837928957e+02 -1.698661025900328809e+02 3.159726698217344847e+02 5.182702472254996974e+04 3.965329041152097489e+04 -6.729182212413856178e+03 1.374866111051740518e+03 2.786256019307244424e+04 1.363183762814145484e+04 1.795966092643231832e+03 -9.862418222245454672e+03 2.972974761399336330e+03 2.462153542258896778e+03 1.820636552294070725e+03 9.609119875926195164e+03 5.390376789932214706e+03 7.205927355916984197e+03 5.915579631852068587e+02 4.050688647367966496e+03 1.946451760744788089e+03 1.167419310661197471e+02 6.565460784395633709e+03 2.500645576307378360e+04 1.093492831456853992e+03 2.380035044743577544e+02 1.300919905777199347e+03 1.967619968284417610e+03 1.032365163575019096e+03 8.270860806017469713e+02 2.494602320571289624e+02 2.417981538395672771e+02 8.439248056263410263e+02 3.073262702728217732e+02
9.234771920147035416e+03 -3.665605598302042927e+04 2.033528328522288348e+03 -9.005060513716354762e+03 -4.562313500740044219e+03 8.807788572718643991e+03 3.400781675080097102e+03 4.131018161121639423e+03 2.133764391175020137e+03 -1.357119378319400766e+03 3.276481866700996761e+03 -2.112366936117037767e+03 1.672372957304924967e+03 1.283805267698962325e+03 1.229306151340357246e+03 -7.887974729379006078e+01 1.305975765524297685e+03 1.599881286201399917e+03 1.483189101363519967e+03 2.260115799470219372e+03 1.471491676750084844e+04 3.077881187373943703e+03 1.129391246380204166e+03 8.604161471102411269e+02 8.765901898773728362e+02 8.955646907088161015e+02 4.152199649975267448e+02 3.557570649574748813e+02 -3.445826000870355870e+02 1.251479493330122494e+02 -1.788040116456089891e+04 -9.221397098420368275e+04 1.276764500490626233e+04 -1.294931197660489488e+04 -1.459537130134192557e+04 1.479862429869702510e+03 8.472613485983258215e+03 7.137047851234970949e+03 1.143855235769372121e+04 -7.307031253768686838e+03 4.328279252339818413e+03 -5.072777941289311457e+03 9.382227875058467816e+02 1.261472087273202987e+03 1.466768260759584791e+03 3.301860975519823000e+02 2.078527458430627576e+03 -1.177853407316779567e+03 1.042439253012892380e+02 2.623801665539542682e+03 2.027639615411552222e+04 3.859995864017202166e+03 1.240382172805755317e+03 6.810177221040819404e+02 -2.797915741042709215e+02 3.812837034374189216e+02 -6.229628495720053252e+02 -7.193901457704496352e+02 -1.915569288429340986e+02 4.401584061795838920e+02
1.862349221797032442e+04 6.322207948411538382e+03 1.375097213614381508e+04 3.356132278324408617e+03 -9.947606369959008589e+03 1.546658318141892960e+04 -9.815873897563244554e+02 3.482514573320612271e+03 3.287096973482252906e+03 1.153279026707016101e+03 1.521236888119110063e+03 9.537848713769881215e+02 2.020082884585559214e+03 1.708505928687164669e+03 -5.917233403620903687e+01 -6.122979798808202077e+02 8.376956175333525607e+02 1.058295991026725460e+03 1.409983302907059851e+03 -6.397630983447931641e+01 3.077881187373943703e+03 1.390796678550997967e+04 2.487015120140498311e+03 6.069798885827223103e+02 3.887675783515142598e+02 3.776286408087892710e+02 5.515191255747448622e+02 4.508541715848433000e+02 2.278581650807189760e+02 5.164500275828130498e+02 2.161480578067227543e+04 3.987134936901637047e+03 2.222924859488455695e+04 3.634653831841539613e+03 -6.903659886397831542e+03 2.433609143644976211e+04 6.487905597831990235e+03 -1.072342031272963141e+03 2.970355468481658590e+03 8.418944629230552891e+03 5.783838501208789239e+03 2.247948053919977156e+03 5.734951408050181271e+03 1.465969765190526005e+03 3.659620487920935830e+02 -1.825710113117748506e+03 2.614839661971011537e+03 -1.262125133524894238e+02 4.531661279727364331e+02 -8.565246267900693056e+02 2.873246853134162393e+03 1.817162541553043047e+04 3.219098809960700692e+03 1.238453452235376744e+03 9.691206402922407506e+02 3.368267296674325735e+02 5.212464188159051446e+02 7.211706593608396361e+02 1.124209123071892009e+03 5.108212874809396453e+01
-2.198725441639665223e+04 -2.990056135815251764e+04 2.094781042527043610e+04 9.732269241743329985e+03 1.406255929900123738e+04 1.375144456390726555e+04 7.441644094733062957e+03 3.286907865647869130e+03 3.501520873077809597e+02 2.066869168496548355e+03 1.487373430833297334e+03 1.346117835934527193e+03 1.556405385007318955e+03 1.062897217024994916e+03 1.768764709060352288e+03 1.001463066413950855e+03 2.202616301627690802e+02 1.422985531731715810e+03 1.725134636255843816e+03 8.485144636274110326e+02 1.129391246380204166e+03 2.487015120140498311e+03 1.247188293373091801e+04 2.450219782204782859e+03 7.369531402323542579e+02 5.912505804946493981e+02 6.404587023182525627e+02 6.605083875813473924e+02 2.631470164271900671e+02 4.406657339169799457e+02 5.242446586134847894e+04 -9.607863937020847516e+03 1.270760272762908426e+04 3.652670837054014896e+02 2.797795857527910994e+04 3.026000945246965421e+04 1.010887157416033733e+04 -2.210270362282220049e+03 2.663757542101740000e+03 4.508647867186487019e+03 2.454785777023308128e+03 4.089491463350292634e+03 6.628552697106527376e+03 2.690834610409941888e+03 2.333608584161237559e+03 1.367957647219252294e+03 -3.642379121918401097e+02 1.443298440309954685e+03 3.841521506934251647e+03 1.588500459025258806e+03 1.062131859763076136e+03 2.343970060424295752e+03 1.615209430522548428e+04 3.055622320658479566e+03 5.724353626270652740e+02 1.704813044257160527e+03 1.285817565642083991e+03 -3.020582330196733665e+02 2.059449846854599286e+02 1.011860229324912666e+03
1.516867517576590035e+04 -1.290766512597684050e+04 1.762121850110724699e+04 6.392464923308200014e+03 3.352074572155968326e+03 6.226524573907416197e+03 -5.796374183377988629e+02 8.935396567611168166e+02 3.122058197840442062e+03 3.973285121858710340e+02 1.851647085390501616e+03 1.610508891712268678e+03 1.416579254451154611e+03 9.765464614129431311e+02 1.900144108993713189e+03 1.870699735760270244e+02 1.503713202203304036e+02 1.050447835469384472e+00 6.565691189757948223e+02 1.435881510915340414e+03 8.604161471102411269e+02 6.069798885827223103e+02 2.450219782204782859e+03 1.043742100093341469e+04 2.087883565946061935e+03 1.259415156482342809e+03 6.178001473108231494e+02 3.349555434404092011e+02 3.798488937070274574e+02 4.401245906114122022e+02 2.917528686529187780e+03 -3.295427268850206019e+04 1.004559762047000004e+04 1.964360854226542870e+04 7.427782544692868214e+03 1.207807224992828378e+04 -9.214240310127439443e+03 -5.218538164705232703e+03 4.891562501120579327e+03 -1.497633665331497468e+03 -9.550491059327216590e+02 1.486467419693934744e+03 3.770782291534952492e+03 9.553406602655172719e+02 1.950139420573179450e+03 1.691153204739804551e+03 -7.098935759328479378e+01 3.701284033103523257e+02 -3.920996049451557752e+01 1.109967604741176956e+03 3.451236683164423766e+02 1.650624469686667453e+03 1.508196131397991394e+03 1.233230311995022930e+04 2.457711998733572273e+03 2.153775237296998057e+03 7.968847071348423015e+02 -4.253302848051322940e+02 7.374928823648450589e+02 6.052274317078667991e+02
-2.785128650590335383e+04 4.308239255610025793e+03 1.167590402060841188e+04 1.629314785495155320e+03 -5.200437045429283899e+03 2.977403474990738232e+03 3.951291455552227035e+03 8.043661304174228235e+02 4.734560554211852832e+03 9.509732400606532110e+02 2.277485745236288949e+03 2.233325360630534760e+03 -1.016725598144320770e+03 -1.104446003418010150e+03 8.767261000007922576e+02 9.971320985060434339e+01 7.757871059431404319e+02 4.209328635603353632e+02 -3.593429918896591744e+02 7.472303230453768492e+02 8.765901898773728362e+02 3.887675783515142598e+02 7.369531402323542579e+02 2.087883565946061935e+03 9.059864101904831841e+03 2.436058368526380491e+03 6.436977884163991348e+02 3.934738085531261049e+02 2.443063047726892307e+02 2.489604152095141387e+02 1.081000610823002717e+04 -1.733094336556029521e+04 -3.461440354010822921e+04 8.059254992909174689e+03 -2.045435850960899916e+04 -8.648840162306649290e+03 1.117714607283850637e+04 3.448499667370355382e+03 4.904399458122453325e+03 2.660262905393868550e+03 -1.429808611452145897e+03 2.234030821091592315e+03 -1.600242756070961718e+02 -1.522692619953624273e+02 -8.976686025534015698e+02 -4.792954882000999532e+02 -5.267106393271459410e+02 -7.818909731400461851e+02 -2.101563713732332133e+02 -7.639652099405506647e+01 1.002511324927340297e+03 -3.777363273328888340e+02 -5.387690245161765006e+02 4.063588455593787785e+03 1.147903938859552727e+04 2.771291853898594582e+03 9.647659267078348933e+01 3.306232300500299175e+02 4.923969134034872468e+02 6.227568073291704422e+02
7.023860041510501105e+03 4.701315407228640652e+03 1.143523800299463437e+04 1.170782784599762999e+04 7.490648357824238701e+02 4.060881024186599916e+03 2.388758847126327964e+03 6.629786055746638340e+03 6.302829704229113759e+02 2.256528803488447920e+03 1.064789046227157542e+03 2.529170086315490153e+03 1.211239375427910318e+03 4.382524652821364839e+02 1.403010457248408329e+03 1.726491151315931120e+03 1.093851382875954869e+03 1.142746022979007193e+03 4.017905369245070233e+02 1.218671057292224532e+03 8.955646907088161015e+02 3.776286408087892710e+02 5.912505804946493981e+02 1.259415156482342809e+03 2.436058368526380491e+03 8.604110823858671210e+03 1.867948104018387767e+03 4.076764662829762642e+02 3.841795039896389881e+02 1.618200916559619031e+02 2.567497008882609407e+03 -2.138392549856945334e+04 3.337757250031222156e+03 2.841965805407884545e+04 1.021589836303466473e+04 4.684976877187166792e+03 1.230572137312520863e+04 8.646818938523329052e+03 -8.744453705500068281e+02 7.900681268456782163e+03 -1.611483266418018957e+03 2.874882880933538218e+03 3.611915196879651376e+03 2.991690254913569333e+03 1.632208507432028000e+03 3.635397625359339145e+03 1.844387497634469355e+03 1.406714942942670859e+03 1.894358454095142633e+03 1.486762138006679152e+03 1.054766863620139475e+03 2.035720510104611947e+02 -4.278522240710468054e+02 1.982825711240458304e+03 3.183011122287020498e+03 1.109570518012555658e+04 2.564799723508188890e+03 2.193460877675427696e+02 6.676429630685257735e+02 1.735336065975761812e+02
