5.081947831711285561e+07 1.186283601328781433e+07 5.168511683895219467e+05 2.895712438241699128e+05 5.033153476308982354e+05 6.038727473913859576e+05 9.661617448189562128e+04 -3.313420583519343054e+05 -4.568543191202838352e+04 -4.205142765540901564e+03 -3.988357536582263856e+04 -1.086401065139336279e+05 8.479331275675326469e+04 -6.696152058520980063e+03 -4.668689088278377312e+04 4.054755540777221540e+03 -1.440789843594432750e+04 -4.063501928031459829e+04 -5.491924639793125607e+03 -9.185818627075697805e+03 -6.590983086103227106e+04 -1.734481295458003660e+04 1.004249260130135553e+04 -1.195815881166079089e+04 6.275728313668122610e+03 -1.588811075889977292e+04 -4.383460435880359000e+03 -7.663669948598379960e+03 -5.539039534046135486e+03 2.216656322873346198e+03 8.323433287404914387e+06 3.309161212426931132e+06 -2.203340263635555282e+06 -9.674436776137212291e+05 -9.731375952211901313e+05 1.008109766487832996e+06 2.859073719527726062e+05 -7.102270063097847160e+05 1.029034789988943521e+05 1.909526905341775273e+05 6.774441378810262540e+04 -1.482851083260566229e+05 1.074842872563074343e+05 6.027230418659354473e+04 -1.284919195308889903e+05 8.826922474000013608e+03 -1.335363212957731048e+04 9.932819833278790611e+03 -4.652307349128343776e+04 -6.533510290385684493e+04 -1.812590489660294552e+05 -7.411815504734443675e+04 1.554578074048370036e+04 4.307793316124378180e+04 -1.693458134307599607e+02 -4.761670920359591946e+03 1.172749197064611872e+04 -2.324197992506405171e+03 -6.582146625073289215e+03 1.697997560121077913e+04
1.186283601328781433e+07 3.057377795756813139e+07 5.711962921453807503e+06 5.983954662809238071e+05 7.088576068915866781e+05 1.675269139606713725e+05 1.635702653018211422e+05 6.789634118916864099e+04 5.061107503446844203e+04 1.619390643340520328e+05 9.502077233897826227e+04 8.888678933694968873e+04 4.595959861016162176e+04 4.743513653824091307e+04 1.450428341746125443e+04 2.246616005236999263e+04 -2.064066540734013324e+04 -1.329089123007240050e+04 3.995644784405397331e+03 3.793150172216624196e+04 7.652403933317790688e+03 7.021637772300948654e+02 1.230448007565088483e+04 -1.541086805880736938e+04 2.298634101462766921e+04 2.125920843125286774e+04 -2.426172658037837664e+03 -4.768614889841808235e+02 5.732566571274128364e+03 1.723965123759753260e+04 7.375981560152182356e+06 2.728368127110723779e+07 2.301165492476119660e+06 -1.174181136385594436e+05 2.250749121469364909e+05 -2.195449328088917900e+04 -3.252551504570674151e+05 1.737678000663343410e+05 1.845610016704017762e+05 3.766184181094801170e+05 2.465143378558443219e+05 1.492811867004157102e+05 4.200968474585850345e+03 1.424776854369027424e+05 1.024758365939358373e+04 1.522187511365544378e+04 -6.915660815405717585e+04 -4.314164436101434148e+03 3.088801692228652610e+04 -6.517121934345930640e+03 -2.225926607302116827e+04 -1.856761142082598235e+04 -7.455561555772944757e+02 6.444319245305371169e+02 4.011355621069510380e+04 1.114226119200785615e+04 1.566564062719877484e+03 -2.075942447669709873e+04 -2.141926209636107160e+04 1.033076151474883773e+04
5.168511683895219467e+05 5.711962921453807503e+06 1.254800618606175296e+07 2.529833466292839963e+06 5.808233153329290217e+05 1.262429651896619180e+05 -1.956258505681796305e+04 6.884951076783413009e+04 1.108217619617868913e+05 1.359701575620585645e+05 6.196554091790064558e+04 4.833473470854758489e+04 3.317004314368434279e+04 2.056936471359263305e+04 3.468830461120507243e+04 5.038943958553575067e+04 5.486631835644692501e+02 1.099002282200751324e+04 -1.596909225579438498e+04 -5.582484960500887610e+02 1.103582482273307505e+04 1.148536066101858705e+04 -8.664207796273522035e+03 -5.678895374841201374e+03 -1.782316624015656998e+03 1.199463609575836017e+03 -1.915751722030567635e+03 4.746322152919614382e+03 5.948447223060057695e+03 2.195614312781032368e+03 -5.270477390029124217e+05 6.268238381756032817e+06 1.515597880300537497e+07 1.633507708219387336e+06 4.569005706778882886e+05 -1.301571467911953077e+05 -2.218400396931231080e+05 2.077650583800369641e+05 3.613520752568761818e+05 1.898779458893468254e+05 9.948412515122289187e+04 1.300103222443232225e+05 6.976283325383736519e+04 9.276968350560608087e+04 1.005459800503352162e+05 4.227086729055879914e+03 -1.005929866792449502e+04 8.044963487231316685e+04 -1.662726193398136502e+03 2.472908638209898982e+03 3.487040910703784175e+04 8.061554065112473836e+03 -4.230019730884412274e+04 -4.676923978196021199e+04 -9.689591491729303016e+03 -7.694888733129731690e+02 -1.258723250430281223e+04 -3.608395492874678166e+04 7.555488354272754805e+03 1.801459969124014970e+04
2.895712438241699128e+05 5.983954662809238071e+05 2.529833466292839963e+06 5.798060241109974682e+06 1.056125445483250078e+06 2.520134806954513260e+04 2.030771481773194682e+04 3.166849830262897376e+04 3.818195328834934480e+04 6.446291139189836395e+04 1.915521170529296433e+04 1.722983425686012561e+04 -6.322975668026560925e+03 3.589654456090156145e+03 2.073219160800604004e+04 9.103468575707169293e+03 2.208541356761995849e+04 2.402618445842170331e+04 -1.064697056543507460e+04 1.730570926738313210e+04 2.089255016786236229e+04 1.795054881735284880e+03 -1.105170474840982934e+03 7.730195448914140854e+01 -4.471326202598344025e+03 3.521591847962819429e+03 2.462864212430451062e+03 1.231706032264542409e+04 6.610148917864978102e+03 2.503924388214199098e+03 -1.355245303031505551e+06 -4.035036054372092622e+04 3.146512432647584938e+06 7.768807147305300459e+06 4.570099817630015314e+05 -2.501749566349377565e+05 -1.440058197188031918e+05 3.866940252751672961e+04 9.861774743662060064e+04 1.199494789699600369e+05 1.458584013049595524e+04 4.262925210729119135e+04 2.557538598864927917e+04 8.892531207950758107e+04 7.348346641449617164e+04 -9.669976314121155156e+03 3.093028328199129828e+04 3.257724675749825474e+04 -1.758863967910592328e+04 2.002188367739153182e+04 3.203081281163719905e+04 -7.545048791239260936e+03 -1.081932857303852143e+04 -2.396944771693440634e+04 -2.073255408850941603e+04 -9.078515981607841923e+02 -3.671655510830298681e+03 -1.056333272200712781e+04 -3.559914761387329690e+03 4.182663331081113938e+03
5.033153476308982354e+05 7.088576068915866781e+05 5.808233153329290217e+05 1.056125445483250078e+06 2.437706296843301971e+06 4.689439320491621620e+05 1.156257488779862178e+05 6.249475547320497571e+04 1.483905091545752839e+04 1.247968594228624715e+04 8.886011823514316347e+03 6.945530350239037944e+03 7.034904016806163781e+03 2.073030924020752718e+04 1.880306626732636141e+04 1.690971337122419936e+04 2.044161701444573919e+04 1.614065575070224259e+04 -9.222496849472822760e+02 1.628247166078643886e+03 5.719937442629857287e+03 1.272897603698067724e+04 5.196196128449238131e+03 3.444517017839247046e+02 4.828780691888190631e+03 4.975002989222165525e+03 1.097966884141769151e+04 1.005243527737933982e+04 8.456532316954758244e+02 4.755262711519621007e+03 -6.600796068572509103e+05 1.984719739036419778e+05 7.775562725356626324e+05 1.594268282692158828e+06 3.592881543993792031e+06 3.881830430722460151e+05 -1.594666820805366442e+05 6.025502487794071203e+04 3.283983424359362834e+04 3.262025566626596628e+04 -6.606789945258467014e+03 -7.264858769382573200e+02 7.631688435593222493e+03 2.596599093726020874e+04 2.672897527586849174e+04 5.002814109806638953e+03 5.344824639779579229e+03 -1.091745176680005352e+04 -1.568817604036374723e+04 1.449296022645737503e+04 2.054970804764440982e+04 3.506132757778593805e+04 3.373636995910762835e+03 3.065454061606445066e+03 5.505282486244473148e+02 1.588236967654077671e+04 8.143659195892817479e+03 4.590726568875191333e+03 1.218569013292643376e+03 1.530200063583220071e+04
6.038727473913859576e+05 1.675269139606713725e+05 1.262429651896619180e+05 2.520134806954513260e+04 4.689439320491621620e+05 1.330344172219200060e+06 2.506287866151777853e+05 4.680109891015195171e+04 -1.856097782157311258e+02 3.000897758739045003e+03 1.056205512586723489e+04 3.200654932051606920e+03 1.836031650657182763e+04 1.832438174376878669e+04 5.026779947931802781e+03 1.383840408021276198e+04 9.208337945972256421e+03 2.539795626833232291e+03 4.564368142818469096e+03 3.292775656750693543e+03 1.608167358545584875e+03 6.035027020759175684e+03 4.975876307449351771e+03 -4.436547214609387993e+03 -1.412293237253503776e+03 4.664380720537446905e+03 4.264917493441736951e+03 3.565527851699484927e+03 -3.248384642847314808e+03 1.853278583883839019e+03 2.182008000462672790e+05 -2.608517553509474674e+05 3.319527974074099329e+05 -2.323995738382850686e+04 7.286337776898713782e+05 2.192475784929994494e+06 2.030999993911729835e+05 -1.553798359611554224e+04 3.332590164280233876e+04 1.773142030256565340e+04 2.707216298346144322e+04 1.268855249758117498e+04 5.873505726152118586e+04 4.771957182946711691e+04 1.739040753791015595e+04 2.150929237070030285e+04 1.045500231308295952e+04 5.353042066295624863e+03 4.034822529597342964e+03 4.123112585722264498e+02 -8.673327084901487979e+03 3.552783881747597405e+00 1.158099735025879636e+04 2.106459175532381323e+03 3.760369584616359589e+03 5.222761477990904950e+02 7.949750196778019017e+03 8.529803232690494042e+03 -5.849223422809880503e+03 3.369116930548093023e+03
9.661617448189562128e+04 1.635702653018211422e+05 -1.956258505681796305e+04 2.030771481773194682e+04 1.156257488779862178e+05 2.506287866151777853e+05 7.406421479892035713e+05 1.812892832398848259e+05 2.509191764301430158e+04 1.361011415171063163e+04 -2.378238283172288902e+03 1.790902406191738555e+04 5.333347683135149964e+03 1.121414287471252828e+04 3.485541789861174493e+03 6.805506610430800720e+03 4.241029793327310472e+03 3.429847084445416385e+02 7.077123096218370847e+03 3.901530704480121130e+03 6.076508977359383607e+03 6.836076984130109850e+03 5.045190365654949346e+03 1.280404786039234978e+03 3.573402772129652931e+03 5.734318499565081765e+03 4.630284143123561080e+03 3.127956882310939818e+03 7.171549623914655740e+02 2.887983201510487561e+03 2.733040397357130423e+05 -6.990908658629925048e+04 -3.171562451847001212e+05 -1.083788057760810771e+05 1.003305769399552228e+05 4.023274764345549047e+05 1.182632492417488014e+06 2.053197607702976675e+05 -7.890444105408753785e+03 1.548241507917805211e+04 1.312900869840419000e+04 2.366391990663236356e+04 -2.996462241893843839e+03 2.309971880016610521e+04 1.516200968234279389e+04 2.277594829454447972e+04 8.992327396599763233e+03 6.713984094146605457e+03 1.078598701690812959e+04 1.208568693296812125e+04 7.040092576756709605e+03 1.509857204093954351e+04 9.601890717777941973e+03 -5.672142547452751387e+03 -1.125720477319291240e+04 1.649311532376086916e+03 8.341415488985870752e+02 8.245338979918413315e+03 4.839973466369443486e+03 3.921331782480780021e+03
-3.313420583519343054e+05 6.789634118916864099e+04 6.884951076783413009e+04 3.166849830262897376e+04 6.249475547320497571e+04 4.680109891015195171e+04 1.812892832398848259e+05 4.725875680162495119e+05 1.162658719323147525e+05 2.703584446271631168e+04 -1.116263022864886665e+02 1.851530473394721412e+04 3.083644786565312188e+03 1.004692380159721324e+04 2.550858109245226757e+01 3.408785624798774734e+03 9.940131622959839660e+03 4.988596766120963366e+03 6.443687641231667840e+03 5.853428659814221646e+03 4.950657935936035756e+03 4.878288619251971795e+03 4.794163904305233700e+03 3.539090420308439661e+03 2.346282220815317487e+03 4.613696045470533136e+03 1.766294285161678545e+03 2.495475089517251490e+03 2.742392422235840058e+03 2.845127170896834741e+03 -1.672501638104711601e+05 3.846270081026277039e+05 -1.353983591725944279e+04 -7.017382260722045430e+03 -5.999785301018286191e+03 -2.187878608656955112e+04 2.424216875510711689e+05 7.325736564522789558e+05 1.384978509896071628e+05 2.370727458070878856e+04 -6.106043794606069241e+03 1.863244799820811022e+04 -9.966479222287536686e+03 1.629589086787153246e+04 6.417156402399360559e+03 1.820406648877600446e+03 6.851404317895829990e+03 1.890761010788790372e+03 1.376374370245794853e+04 6.599455073763671862e+03 -2.454297379633373168e+02 3.371332979317461650e+03 9.199128044901342946e+03 4.075919007868314111e+03 -6.889447239820806317e+03 6.177047577329310116e+03 5.017526527383808457e+02 3.630674890227367996e+03 -9.801174439096919286e+02 2.380522620327648440e+02
-4.568543191202838352e+04 5.061107503446844203e+04 1.108217619617868913e+05 3.818195328834934480e+04 1.483905091545752839e+04 -1.856097782157311258e+02 2.509191764301430158e+04 1.162658719323147525e+05 2.874232334863371216e+05 7.757208861282526050e+04 1.516508793054641865e+04 2.046037388863449223e+03 1.897288125878760638e+02 4.691934812170902660e+03 5.725560911017197213e+03 2.118278698465987873e+03 6.007158215761179235e+03 3.393978421382480519e+03 1.231408899627957908e+03 3.559697589067252920e+03 2.363904952332872654e+03 1.757516338967891215e+03 2.168248659474679698e+03 4.258460290590666091e+02 1.137446650712934570e+03 -9.064552282817700188e+02 1.450201395900078296e+03 2.403200742220017219e+03 6.049542838841163075e+02 2.720245394708862932e+03 1.240712541533710028e+05 1.320537847419798200e+05 2.738174560154999926e+04 -3.038988373914162366e+04 8.874074302525670646e+03 -1.146430288017629209e+04 3.471868527204691782e+04 1.790105361547187786e+05 4.317410617404081859e+05 7.140604509180368041e+04 -2.596132455091057523e+02 -1.249851549644837542e+04 -1.376191491444754320e+04 -9.731393137694717552e+02 1.561748832266833961e+04 3.838158458356143001e+03 5.519423397365284472e+03 -8.636974808128956056e+02 5.778942286110141140e+03 1.051181914585111144e+03 -1.230240788849602950e+03 2.989718458872936480e+03 7.279576940589357037e+03 -1.685557899458076463e+03 8.809607170426320977e+01 8.773725834752050332e+02 -9.816360780122113283e+02 3.838617424434266013e+03 -2.190876379843486120e+03 4.776119821762771608e+03
-4.205142765540901564e+03 1.619390643340520328e+05 1.359701575620585645e+05 6.446291139189836395e+04 1.247968594228624715e+04 3.000897758739045003e+03 1.361011415171063163e+04 2.703584446271631168e+04 7.757208861282526050e+04 1.865669237774431531e+05 4.054809631776918832e+04 9.795013367288493100e+03 2.661113782480613736e+03 3.130210446385774048e+03 2.809093524770179556e+03 4.463481080764186117e+03 9.692038715164422683e+03 3.144600957180757177e+03 4.105999034106964245e+03 2.423499771464238620e+03 7.356211075797056083e+02 1.691851780358432279e+03 2.096464626788863825e+03 7.606995162828486627e+02 9.439919474329101376e+02 7.180838584425758881e+02 1.156075023164033382e+03 1.670415542010168565e+03 -3.365553402879797886e+02 -7.721352324649006960e+01 5.952312323685981391e+04 3.959945709372202982e+05 1.680227063665144087e+05 -4.498681328493190813e+04 -5.108907898594477956e+03 1.283953342471271390e+04 4.875160581305221422e+04 4.654246166678362351e+04 1.226383042466002080e+05 2.657216332240042393e+05 2.783338209323651245e+04 -4.875394833044164443e+03 -5.005078093272042679e+03 -7.291266068618151621e+03 -1.049571646829584353e+02 5.319118618672718185e+03 1.492273813283794152e+04 6.358402076010361270e+03 5.130475787650165330e+03 2.866290987778364070e+03 1.046136120908595558e+03 3.777579326516340188e+03 5.422583595643921399e+03 2.569377122789155692e+03 -3.509132864925753097e+02 -8.659752552275839435e+02 4.487871173050165226e+02 8.823158410961991649e+02 -2.226887329511914970e+02 2.863398687472967140e+03
-3.988357536582263856e+04 9.502077233897826227e+04 6.196554091790064558e+04 1.915521170529296433e+04 8.886011823514316347e+03 1.056205512586723489e+04 -2.378238283172288902e+03 -1.116263022864886665e+02 1.516508793054641865e+04 4.054809631776918832e+04 1.257450266871834465e+05 3.065457759089735191e+04 3.265709627698193344e+03 3.415180977237037951e+03 1.966076064325057132e+03 1.464676754977233941e+03 4.824652294566919409e+03 3.526714970380771774e+03 2.771000460271785926e+01 1.784856424023176260e+03 2.389971411988180080e+03 1.770064483389719271e+03 1.476430908121138827e+03 1.283847817864092633e+02 2.000301964184734516e+02 1.457014475496902151e+03 1.294897557729527762e+03 1.167951785275530028e+03 2.234610953623484875e+03 2.026425552471733454e+03 4.463321697350061004e+04 1.402314910646820208e+05 6.950951864949880110e+04 3.214271150720578953e+04 6.421267732850248285e+04 2.964788866709007198e+04 -1.744689671206212370e+04 -4.518472771093517622e+03 2.813323995869122882e+04 6.234899259470475954e+04 1.899998311373940378e+05 3.432339487867781281e+04 1.375037032318020920e+02 -7.030932077521395513e+03 1.005934114139184658e+03 2.771374640930774149e+03 7.005056084333729814e+03 9.176820427349050078e+03 -3.624921853972179633e+03 -5.337122142409277785e+02 2.178217789903713310e+03 4.455048965823391882e+03 2.452589394636216639e+03 -4.774391271924685043e+02 -3.510257793458496508e+03 -8.691703176472283303e+02 -1.520218197604521492e+03 5.139625818692354642e+02 4.759767329370179141e+03 5.216130396309096795e+03
-1.086401065139336279e+05 8.888678933694968873e+04 4.833473470854758489e+04 1.722983425686012561e+04 6.945530350239037944e+03 3.200654932051606920e+03 1.790902406191738555e+04 1.851530473394721412e+04 2.046037388863449223e+03 9.795013367288493100e+03 3.065457759089735191e+04 9.540340062174262130e+04 2.642388421473824201e+04 4.511319799575457182e+03 1.954268010117076074e+03 1.345864845468760450e+03 4.814950551179429567e+03 1.509151522216910735e+03 2.694435564636834897e+03 2.066892719659592331e+03 3.151969518231175243e+03 1.920440124965479072e+03 1.881759645744082945e+03 1.651026024655131550e+03 7.096850182199988240e+02 3.812576922694629502e+02 1.118067532392854901e+03 1.694341893929273510e+03 1.151114377923679740e+03 1.072814318602576577e+03 -5.137406454275346914e+04 1.356637645479626372e+05 9.099508146199162002e+04 4.611392412863873324e+04 -6.082722912423929529e+02 -9.336935828431443952e+03 2.140789924479235924e+04 4.257119893347555626e+04 -5.078646936026607364e+03 2.021759835585741530e+04 4.704614859337527741e+04 1.443978583158008987e+05 3.479262447945704480e+04 3.625511971246589383e+03 6.263748069945142561e+03 -4.799614173903401934e+03 7.533868958440470124e+03 4.727672178864294438e+03 9.379845966498711505e+02 -1.752725781653857211e+03 2.485293022996666878e+03 3.129379146371478328e+03 2.088230568469044101e+03 2.118649200615043355e+03 -9.983066829350564149e+02 -2.536084812412079373e+03 3.764066062056602391e+02 1.130903581890451051e+03 1.764249819183182353e+03 -2.474052622995675677e+02
8.479331275675326469e+04 4.595959861016162176e+04 3.317004314368434279e+04 -6.322975668026560925e+03 7.034904016806163781e+03 1.836031650657182763e+04 5.333347683135149964e+03 3.083644786565312188e+03 1.897288125878760638e+02 2.661113782480613736e+03 3.265709627698193344e+03 2.642388421473824201e+04 6.875714488160895417e+04 1.668020880416433647e+04 3.422499190508887750e+03 2.154447778434790962e+03 3.582898855382421061e+03 1.940628885176078484e+03 1.689791346112228894e+03 1.933335845399094296e+03 1.922471913502217376e+03 8.109372068686408284e+02 1.079519029933436798e+02 2.282837351414359262e+02 4.609655275807944577e+02 -4.043092264986448754e+02 1.073431275600670460e+03 1.523534482114977891e+03 4.919413515356905577e+02 5.675255535552981883e+02 6.351328434998491139e+04 1.166007687338641554e+05 6.381126843080329854e+04 -3.141851584605986500e+04 -1.087961714027871858e+04 2.188353074861977075e+04 1.784358336933638202e+04 5.654131652578405919e+03 -1.491783583045696469e+04 1.914633050415696516e+03 9.796793760621629190e+03 4.847095035530101450e+04 1.064958825314753776e+05 1.423444727102282195e+04 5.624467379136721092e+02 -2.595373475984504239e+03 -6.621805771071523168e+02 1.072740402042435562e+03 -8.124035003077250394e+01 8.661851976514849412e+02 8.033824208815630072e+02 -7.251580195391079542e+01 1.248767583979739356e+03 -4.549423190529648764e+02 -1.175695934686121518e+03 -2.456822530098624156e+03 -3.020969631953355474e+02 -1.741481019120585870e+03 -1.723254181825556316e+03 2.426760417929931748e+02
-6.696152058520980063e+03 4.743513653824091307e+04 2.056936471359263305e+04 3.589654456090156145e+03 2.073030924020752718e+04 1.832438174376878669e+04 1.121414287471252828e+04 1.004692380159721324e+04 4.691934812170902660e+03 3.130210446385774048e+03 3.415180977237037951e+03 4.511319799575457182e+03 1.668020880416433647e+04 5.542146370002617186e+04 1.562911718207610829e+04 3.449067621719402723e+03 1.571333677720385140e+03 2.148697649751424706e+03 3.189221930043691373e+03 2.951162080651049109e+03 1.024551872958481226e+03 2.657334198045013522e+02 1.734586500244111903e+03 6.401671239289482855e+02 4.834692980991495688e+02 -1.155150585743836160e+02 1.005823793909535880e+03 1.723014356117174088e+02 -5.489884710675808321e+01 1.106255276615362817e+02 -2.823381497358670003e+03 -8.302313050032313913e+04 5.774535350169179583e+04 -2.536333620386110488e+04 4.429351925145154382e+03 1.164482265072407790e+04 1.964567831126395686e+04 9.433075664073166990e+03 4.403961716214770604e+03 -1.725916145988623384e+03 -2.179168218197929491e+03 -2.668163477761283502e+03 1.995223748225728559e+04 7.723712898309798038e+04 1.581366223046841878e+04 -5.295578848720251699e+03 -2.981879215931327963e+03 2.909799467540888600e+03 2.584819461843969179e+02 2.934869895867950618e+03 2.178876621223286634e+02 -3.198340341410713336e+03 5.666115786180447458e+02 3.902932545036206307e+02 -2.314448348282665791e+02 -8.110517263952489202e+02 5.843396621546077085e+02 -1.595898710949387578e+03 -2.083990941859710802e+03 -1.802422837564452493e+03
-4.668689088278377312e+04 1.450428341746125443e+04 3.468830461120507243e+04 2.073219160800604004e+04 1.880306626732636141e+04 5.026779947931802781e+03 3.485541789861174493e+03 2.550858109245226757e+01 5.725560911017197213e+03 2.809093524770179556e+03 1.966076064325057132e+03 1.954268010117076074e+03 3.422499190508887750e+03 1.562911718207610829e+04 4.094561410603174591e+04 8.489699645730377597e+03 3.336884587849785021e+03 1.478799470617404268e+03 1.505983037362904952e+03 2.049132769516023018e+03 2.196075838140310225e+03 2.538151118696128378e+03 1.669838812756060634e+03 1.222637109057919133e+03 1.257558994605686991e+02 4.796703175109511719e+00 1.425957342219232260e+03 5.265171898400921009e+02 1.345932784468859325e+02 4.516311955541978023e+02 -5.532278699008642434e+04 2.796899336518377095e+04 3.867561432216924459e+03 8.002431029443988336e+03 3.613284717462999652e+03 -3.795837350998414877e+03 -5.737891501663196323e+03 -8.001562832715821969e+03 2.801946898300805515e+03 -5.419911439189439051e+01 1.363064481060901926e+03 2.364268457035993549e+02 3.404297369538648582e+03 2.002301581243742476e+04 5.890638172843846405e+04 1.355830224278626019e+03 -1.159643600531428319e+03 -1.210285233365564409e+03 -1.181994273796311063e+03 1.955139351195479094e+03 2.138682891334171472e+03 1.566992069405701614e+03 9.822599832432914582e+02 1.234773962599432480e+03 -1.222146932906536449e+03 -7.155439333394904224e+02 1.301640980097064585e+03 -8.208252837737650225e+02 -2.470720750172883982e+02 -1.622242438752664953e+02
4.054755540777221540e+03 2.246616005236999263e+04 5.038943958553575067e+04 9.103468575707169293e+03 1.690971337122419936e+04 1.383840408021276198e+04 6.805506610430800720e+03 3.408785624798774734e+03 2.118278698465987873e+03 4.463481080764186117e+03 1.464676754977233941e+03 1.345864845468760450e+03 2.154447778434790962e+03 3.449067621719402723e+03 8.489699645730377597e+03 3.303545234436538885e+04 8.605998846000216872e+03 1.814160919598973578e+03 2.671833828862279006e+03 1.421059125629201162e+03 1.053035898293625678e+03 1.964142898777041182e+03 1.212690664474169807e+03 6.559333649794081111e+02 1.195033304299388647e+03 2.872922745153809956e+02 1.062109161179360854e+03 7.435938071789594233e+02 2.683081063493642660e+02 1.937611042389561362e+02 -2.114435131255096348e+04 9.267617073225977947e+04 1.512720824326036382e+04 -2.680164240930858068e+04 -2.135550471954646127e+03 1.536917615274995569e+03 1.013438724817413458e+04 5.196491258651103635e+03 -8.254964390588351307e+03 -1.396955633761832814e+03 2.898165365427215875e+03 -2.122834604074048002e+03 -2.350528162013959843e+02 3.472813510250633044e+03 9.322448100776029605e+03 4.601998468121462065e+04 8.186925254928759387e+03 -6.797169587845010028e+02 3.006544919476859377e+03 3.626009433127451757e+03 2.364953095096126162e+03 1.652387644146569528e+03 -7.193149700770204902e+01 -7.359944292088074462e+02 1.284020631227392414e+03 -5.206318169625269547e+02 1.137201186165155832e+03 8.928506683251798677e+02 4.766252249528541256e+02 6.600630793565179602e+02
-1.440789843594432750e+04 -2.064066540734013324e+04 5.486631835644692501e+02 2.208541356761995849e+04 2.044161701444573919e+04 9.208337945972256421e+03 4.241029793327310472e+03 9.940131622959839660e+03 6.007158215761179235e+03 9.692038715164422683e+03 4.824652294566919409e+03 4.814950551179429567e+03 3.582898855382421061e+03 1.571333677720385140e+03 3.336884587849785021e+03 8.605998846000216872e+03 2.770676963711843928e+04 6.473397638210774858e+03 3.093557354223649781e+03 1.997123839685097892e+03 1.524482618289883021e+03 1.482267381702244165e+03 1.808403946505175782e+03 1.129809715897927617e+03 6.474485311497148814e+02 1.100797167675777018e+03 1.655771551290703428e+03 1.152246823336305170e+03 4.162085250983079163e+02 4.753236305481096906e+02 -1.034173635918548143e+03 4.726948171224879479e+04 -1.526524953454161550e+04 -7.356635502597067898e+03 1.244352336088089032e+04 1.504326445894438075e+04 -1.020684946673591753e+03 9.981796650653757752e+03 5.158682744510338125e+03 1.018165844914284571e+04 9.790385410986948045e+03 1.052223415757966723e+04 3.472883890340567177e+03 -1.586191992236099622e+03 7.586487850243102912e+03 1.102452910844754479e+04 3.844484138156312838e+04 5.473838188461727441e+03 2.548532478521196481e+03 2.160930287825616233e+03 2.878834438335028608e+03 2.868382878264197188e+03 2.719723556597869901e+03 1.713338227920192594e+03 -7.137595869311188608e+02 1.026470805799519667e+03 2.411107443564616915e+03 1.008540604085420455e+03 1.055334910387010268e+03 8.765333648510435296e+02
-4.063501928031459829e+04 -1.329089123007240050e+04 1.099002282200751324e+04 2.402618445842170331e+04 1.614065575070224259e+04 2.539795626833232291e+03 3.429847084445416385e+02 4.988596766120963366e+03 3.393978421382480519e+03 3.144600957180757177e+03 3.526714970380771774e+03 1.509151522216910735e+03 1.940628885176078484e+03 2.148697649751424706e+03 1.478799470617404268e+03 1.814160919598973578e+03 6.473397638210774858e+03 2.154590037495883371e+04 5.707527092149118289e+03 9.767638023522890762e+02 1.616151757600082419e+03 1.149857922663637055e+03 1.004745856982036344e+03 6.302150368248502446e+02 1.234692383321991542e+02 5.342482297483452385e+02 1.297202830335940462e+03 8.013433054266365616e+02 3.871688796470218676e+02 2.427752184819752870e+02 -8.877358286656203563e+04 1.480766063548945021e+04 -9.841876789715504856e+03 2.721716975002708932e+04 2.038479691664319398e+04 -1.128176625016898288e+04 -5.325349515870323557e+03 1.007578247969441509e+04 9.928165778503102047e+03 4.202624646284843948e+03 5.263434161362381928e+03 1.609893511757388751e+03 1.458764110879113787e+03 2.611143551331906565e+03 1.102754461402795982e+02 1.463094961102818615e+03 7.028206200104480558e+03 2.936983263571719726e+04 5.523713913453052555e+03 7.751664687281487609e+00 3.740421077212907335e+02 3.280283558934363555e+02 1.175269719627015320e+03 -3.290971367045755613e+01 -7.436675105699723645e+02 -1.438775010261555565e+02 1.086445323653423657e+03 3.096034041246952029e+02 1.185586020954855258e+03 -1.920938175791551714e+02
-5.491924639793125607e+03 3.995644784405397331e+03 -1.596909225579438498e+04 -1.064697056543507460e+04 -9.222496849472822760e+02 4.564368142818469096e+03 7.077123096218370847e+03 6.443687641231667840e+03 1.231408899627957908e+03 4.105999034106964245e+03 2.771000460271785926e+01 2.694435564636834897e+03 1.689791346112228894e+03 3.189221930043691373e+03 1.505983037362904952e+03 2.671833828862279006e+03 3.093557354223649781e+03 5.707527092149118289e+03 1.778115861066734215e+04 5.440176173467226363e+03 1.411336456922747857e+03 1.225634875696845484e+03 9.520124277884344792e+02 9.725810159244194892e+02 2.005864839887848348e+02 4.103737018778267611e+02 8.410335466326479263e+02 4.822591069182851697e+02 3.657876841827340968e+02 2.438760624759446216e+02 3.171097239993633593e+03 6.495721461279466166e+04 7.449112829783506641e+03 -1.514315220348066941e+04 -1.268936477925896543e+04 -8.167200380314954600e+03 -5.519057591173300352e+03 1.130318903862552907e+04 2.724529603393609250e+03 6.419355166161165471e+03 2.458514900160761556e+02 1.991603463237058804e+03 1.779065802622332058e+03 1.013244611311709036e+03 -2.607093487266409284e+03 2.154598550768318091e+03 2.084576573927857225e+03 4.563164659975528593e+03 2.359843433982731949e+04 6.332839875679770557e+03 4.464163961640502976e+02 1.879791468734784075e+03 1.246827296535717096e+03 1.117807158769064472e+03 -3.893960467180713749e+02 -3.232942978103966993e+02 3.104527706029579903e+01 2.810701220306513619e+02 8.842178850388252158e+02 -1.203025396384061168e+02
-9.185818627075697805e+03 3.793150172216624196e+04 -5.582484960500887610e+02 1.730570926738313210e+04 1.628247166078643886e+03 3.292775656750693543e+03 3.901530704480121130e+03 5.853428659814221646e+03 3.559697589067252920e+03 2.423499771464238620e+03 1.784856424023176260e+03 2.066892719659592331e+03 1.933335845399094296e+03 2.951162080651049109e+03 2.049132769516023018e+03 1.421059125629201162e+03 1.997123839685097892e+03 9.767638023522890762e+02 5.440176173467226363e+03 1.378799105483288804e+04 4.239289305388288994e+03 8.267376253707529941e+02 5.988144337485585993e+02 1.373815493770907551e+03 3.084446924535691323e+02 4.278100601348500049e+02 9.986596356348045447e+02 9.496984279718880089e+02 2.536947556208595245e+02 2.495378701417481864e+02 -5.101326396384415602e+03 4.091952528699289542e+04 -1.480330125814804160e+04 1.599374432648823495e+04 -1.415603520777593303e+03 -9.135010221134351013e+03 1.316625207354575650e+03 5.821320461099515342e+03 4.770779847110839000e+03 4.163072530687739345e+03 2.767994380977143919e+03 -2.814951713376587122e+03 -1.139789132129518748e+03 4.028208035363239560e+03 2.634368766425027843e+03 -1.098076450957077270e+02 2.433193377465488993e+03 -9.738725805978623384e+02 5.970048127277559615e+03 1.975575960597869562e+04 4.442134265001439417e+03 1.049571789096337824e+02 -1.809548334741847384e+02 9.203170301920134762e+02 -1.124078000072811392e+03 2.502030535799419226e+02 1.129170901526628541e+03 4.976409118640795555e+02 -9.503036982921782965e+02 -7.272031451050374926e+02
-6.590983086103227106e+04 7.652403933317790688e+03 1.103582482273307505e+04 2.089255016786236229e+04 5.719937442629857287e+03 1.608167358545584875e+03 6.076508977359383607e+03 4.950657935936035756e+03 2.363904952332872654e+03 7.356211075797056083e+02 2.389971411988180080e+03 3.151969518231175243e+03 1.922471913502217376e+03 1.024551872958481226e+03 2.196075838140310225e+03 1.053035898293625678e+03 1.524482618289883021e+03 1.616151757600082419e+03 1.411336456922747857e+03 4.239289305388288994e+03 1.275659215186935762e+04 3.602563666186458249e+03 8.432862831148415808e+02 7.858354931636221181e+02 3.066550321718416967e+02 4.933579881464426649e+02 6.713506665622205674e+02 4.622794552685604117e+02 5.825733784900913861e+02 3.659184211531455730e+02 -5.644080573776971505e+03 -1.462760660497837853e+04 -8.915034555522548544e+03 1.343019385147308822e+04 1.914166014615685071e+03 -1.633174775101467640e+04 8.400079769906325964e+03 4.746867855431470161e+03 1.509926537506439445e+03 1.162956850575438921e+03 3.718662691145275858e+03 4.174248906475037984e+03 2.297328793333810154e+03 -1.498036936022852387e+03 3.011085321221075446e+03 -4.737672768209375818e+01 1.555383807665994482e+03 2.267879123809529744e+02 1.575088967287255855e+03 6.361980826378020538e+03 1.699982901045260587e+04 3.128226724061536970e+03 4.494184024744183148e+02 3.601530062649498518e+02 -1.171606465039412569e+03 -4.737958428840968850e+02 -1.129168414262076794e+03 -9.103665719908905203e+02 1.826258421404391470e+02 -3.659142673287979051e+02
-1.734481295458003660e+04 7.021637772300948654e+02 1.148536066101858705e+04 1.795054881735284880e+03 1.272897603698067724e+04 6.035027020759175684e+03 6.836076984130109850e+03 4.878288619251971795e+03 1.757516338967891215e+03 1.691851780358432279e+03 1.770064483389719271e+03 1.920440124965479072e+03 8.109372068686408284e+02 2.657334198045013522e+02 2.538151118696128378e+03 1.964142898777041182e+03 1.482267381702244165e+03 1.149857922663637055e+03 1.225634875696845484e+03 8.267376253707529941e+02 3.602563666186458249e+03 1.078017059956075536e+04 2.641915020301674303e+03 4.691843129629050395e+02 1.991448658836646359e+02 9.515315221595596995e+02 8.583927544263265190e+02 2.304208699161175673e+02 1.341645427080838715e+02 -2.172006968516448069e+02 2.051643389382771056e+04 -2.460546649701561910e+04 8.141751838750593379e+03 -2.248988887961012369e+04 2.398634455177680866e+04 -7.651097939985038465e+03 7.625250096646867860e+03 3.425968218853254257e+03 3.828928844537468649e+03 7.978987944224210196e+02 1.266635166493839506e+03 3.481736449566939882e+03 3.141682302264693476e+02 -3.169700832517122763e+03 3.930806444220211233e+03 2.614864811739573270e+03 2.098584383321914629e+03 2.275551609012365134e+03 7.259619759508766492e+02 9.126123847280961172e+02 4.720457705399828228e+03 1.516501169094424040e+04 2.587017911999871103e+03 -1.275971563526941281e+02 -3.769107549766808347e+02 3.793974411221852279e+02 2.634050363356279689e+01 -5.726876942682289382e+02 3.593511951136722473e+02 -1.283303205170992385e+02
1.004249260130135553e+04 1.230448007565088483e+04 -8.664207796273522035e+03 -1.105170474840982934e+03 5.196196128449238131e+03 4.975876307449351771e+03 5.045190365654949346e+03 4.794163904305233700e+03 2.168248659474679698e+03 2.096464626788863825e+03 1.476430908121138827e+03 1.881759645744082945e+03 1.079519029933436798e+02 1.734586500244111903e+03 1.669838812756060634e+03 1.212690664474169807e+03 1.808403946505175782e+03 1.004745856982036344e+03 9.520124277884344792e+02 5.988144337485585993e+02 8.432862831148415808e+02 2.641915020301674303e+03 9.140090109091746854e+03 2.648733131539396254e+03 7.110824050369101315e+02 6.517779919323252216e+02 5.668074064785167820e+02 7.066291374383484936e+02 2.233658188519484327e+02 5.199156334956991259e+02 -3.332349797238639439e+03 2.312448657294935686e+02 -1.148525990887647458e+04 -1.834363511660784934e+04 4.299708013005282737e+03 -6.460340216545086150e+03 2.708766643209804897e+03 6.547030638411987638e+03 2.889535116815627589e+03 6.615636283928636203e+02 -1.894503938644171285e+03 1.140903544903626425e+03 -1.431736215404202540e+03 6.478267650536747624e+02 2.751689587551020850e+03 1.617089653002527029e+03 3.308995848221769393e+03 1.862842349693262577e+03 1.068341668854923455e+03 -5.361052385550514146e+02 6.128724113908265281e+02 2.931358826523165590e+03 1.373231631365559224e+04 2.445692546846582445e+03 3.526856945494719753e+02 2.340971742133074258e+02 -1.180550982535999509e+02 3.508397828880819702e+01 -3.329693268534139747e+02 4.074276437286855526e+02
-1.195815881166079089e+04 -1.541086805880736938e+04 -5.678895374841201374e+03 7.730195448914140854e+01 3.444517017839247046e+02 -4.436547214609387993e+03 1.280404786039234978e+03 3.539090420308439661e+03 4.258460290590666091e+02 7.606995162828486627e+02 1.283847817864092633e+02 1.651026024655131550e+03 2.282837351414359262e+02 6.401671239289482855e+02 1.222637109057919133e+03 6.559333649794081111e+02 1.129809715897927617e+03 6.302150368248502446e+02 9.725810159244194892e+02 1.373815493770907551e+03 7.858354931636221181e+02 4.691843129629050395e+02 2.648733131539396254e+03 8.257527693449972503e+03 2.618950768916525703e+03 5.297747938217988803e+02 5.777742791480297910e+02 5.643483965998225358e+02 3.262388315694155381e+02 4.579766361199314133e+02 -4.658251392331156967e+04 -1.943963371893870135e+04 8.648863470082211279e+03 1.558858750134586990e+04 7.755514878285111081e+03 -1.310196327097759422e+04 4.417413915877698855e+03 6.033350877396628675e+03 -3.885876382134006235e+03 8.823018717281244108e+02 -3.149816973914925711e+03 7.316452301634560627e+02 -7.155136247191094299e+02 -2.207616656334294930e+03 2.045678687532662479e+03 -1.030136004396855611e+02 7.862856689911708372e+02 -1.246387722064603167e+02 1.173114092342443200e+03 2.426826610311724380e+03 1.807590186759824292e+03 -2.379283967458308098e+02 2.784486009059294702e+03 1.027940510977564918e+04 2.126214761008305686e+03 -9.395088817090999100e+02 -5.771313533517394490e+02 2.771279175085982160e+02 -2.344592703910308842e+02 -1.308865079541980592e+01
6.275728313668122610e+03 2.298634101462766921e+04 -1.782316624015656998e+03 -4.471326202598344025e+03 4.828780691888190631e+03 -1.412293237253503776e+03 3.573402772129652931e+03 2.346282220815317487e+03 1.137446650712934570e+03 9.439919474329101376e+02 2.000301964184734516e+02 7.096850182199988240e+02 4.609655275807944577e+02 4.834692980991495688e+02 1.257558994605686991e+02 1.195033304299388647e+03 6.474485311497148814e+02 1.234692383321991542e+02 2.005864839887848348e+02 3.084446924535691323e+02 3.066550321718416967e+02 1.991448658836646359e+02 7.110824050369101315e+02 2.618950768916525703e+03 7.950750374714247300e+03 2.317035023700140755e+03 7.226229109074270127e+02 6.479674093757087121e+02 2.472522003434971225e+02 2.505299502862091572e+02 5.674081703263379495e+03 2.879129390034574317e+04 -1.299483007827634356e+04 -6.744099054186398462e+03 6.683704070902244894e+03 -9.910397263096763709e+03 9.069737508589892968e+03 6.422058856623320025e+03 1.182801077026057101e+03 1.226761807847632554e+03 -2.121367058960112900e+03 -2.753886321844991471e+03 4.205287025973460118e+02 -1.843141481645719978e+03 -1.456607136304299729e+03 2.341214369560796513e+03 1.275890505367359083e+03 -7.846742822919374305e+01 -5.136923502981089769e+02 1.307145144606042777e+03 7.025952999914832162e+02 5.396790647750456174e+02 2.870075443222244758e+02 2.145407640339424233e+03 1.105396722154647068e+04 2.421870654522812401e+03 3.285891834422087072e+02 2.594366254849151687e+02 1.116501635948746411e+02 2.273667632368735951e+02
-1.588811075889977292e+04 2.125920843125286774e+04 1.199463609575836017e+03 3.521591847962819429e+03 4.975002989222165525e+03 4.664380720537446905e+03 5.734318499565081765e+03 4.613696045470533136e+03 -9.064552282817700188e+02 7.180838584425758881e+02 1.457014475496902151e+03 3.812576922694629502e+02 -4.043092264986448754e+02 -1.155150585743836160e+02 4.796703175109511719e+00 2.872922745153809956e+02 1.100797167675777018e+03 5.342482297483452385e+02 4.103737018778267611e+02 4.278100601348500049e+02 4.933579881464426649e+02 9.515315221595596995e+02 6.517779919323252216e+02 5.297747938217988803e+02 2.317035023700140755e+03 6.347902712597620848e+03 2.127058684479258773e+03 7.117534088868048912e+02 3.016576684547850959e+02 4.096858095077591884e+02 9.202242774142565395e+03 3.499610182619602710e+04 1.309982277382031953e+03 -9.778419895681166963e+03 -7.281807292097165373e+03 -8.688386847051349378e+02 2.944781991751466194e+03 9.187009352590795970e+03 -4.503837403180988986e+03 -5.081476015915585265e+01 1.673955319129366444e+03 -1.529329202175035107e+03 1.489514555480417357e+02 -2.328943269739710104e+03 1.068242097634303320e+02 2.693257278082601715e+03 2.946568941523611556e+03 6.251414220805660307e+02 -5.290213927130679394e+01 1.351060442347728667e+03 3.991920202158723896e+01 1.185080367404847721e+03 7.555032175294313674e+02 1.786723720759381706e+02 2.599814687181579757e+03 8.967239532153962500e+03 1.885716299903882600e+03 2.275116299838952898e+02 -5.807623347514703482e+02 -2.248035171351360475e+02
