2.254769118351685107e+08 2.662403169519380108e+07 -1.498579969052214874e+05 1.386737921305714175e+06 7.981836823166995309e+05 4.208721480002457974e+05 2.954227972435337142e+05 4.131063037970499136e+05 4.151469402946782648e+05 2.839151566230199533e+05 3.331022992082331621e+04 1.766779853535176662e+05 2.809340412252541864e+05 1.087879183046857797e+05 -6.932522315987390175e+04 3.288419486662265990e+04 5.110574455030212994e+04 1.022699268067939847e+05 8.511969494045159081e+04 7.495420560572457907e+04 1.184986555035977217e+05 2.916404030404914374e+04 2.993434409387282358e+04 -7.794216355094765277e+03 7.260101923004021955e+03 3.910402884206200542e+04 1.180092589462148680e+04 4.471360953630676522e+04 2.893597391598280228e+04 4.033019607786824508e+03 7.685691690506109968e+06 4.500294425010074675e+07 -5.440620768475729041e+06 -2.354582608434082009e+06 1.367755085930263624e+06 -7.251203817173239077e+04 -1.311506967992332648e+05 -5.024471063863652671e+04 -3.409031965683223680e+05 -1.982890097744993691e+05 2.289925239708506851e+05 3.033455951209368650e+05 2.508624424490568344e+05 -4.864096850647375686e+05 1.156539600363836144e+04 1.168508545048507949e+04 5.412689050018788112e+04 -8.892966897456813604e+04 3.915815357390436839e+04 1.644090145539520017e+05 1.428769188239421637e+05 6.308021918080696923e+04 -4.102362245657204767e+04 -4.602645914065755278e+03 7.742367206555087250e+03 4.027270307154130933e+03 8.929950232083314404e+03 9.900295634718492511e+04 -2.742248037759434737e+04 -5.112430182013424928e+04 -4.526641717504440248e+07 1.153278628531335853e+07 4.960564342523940839e+06 -1.348483096811650088e+06 2.186293908457512502e+06 -9.365973299148687511e+04 -3.113830143023435376e+05 -2.087055031959825428e+05 -3.116545678583937697e+05 -4.762296482789328002e+04 -4.445086765777699475e+04 9.255257641746151494e+05 6.109164412866197526e+05 -1.999684307984853513e+05 1.022324765899608901e+05 -3.528464419740271842e+04 3.309711772682848969e+05 4.380891975017041113e+04 -1.392892078788011277e+05 -3.280858123109696899e+05 2.424208272319333628e+05 -2.200073567595803615e+04 9.268697885298104666e+04 -8.363089457505093014e+04 -9.182726221394642198e+04 1.246123078259299218e+05 2.487960557173217694e+03 -1.359394740426727803e+05 -2.914975104858032864e+04 1.257913044543122378e+05
2.662403169519380108e+07 5.666577956217507273e+07 8.097726493377179839e+06 1.601667803023420740e+06 9.344821550090956734e+05 3.089126687985213939e+05 2.543472606562663568e+05 4.782159792896310100e+05 1.767581246303590888e+05 1.766018860188396939e+05 6.265608687446267868e+04 7.150930295219611435e+04 1.539392817831266439e+05 8.642516470596409636e+04 5.350557062831772055e+04 6.846117235866593546e+04 5.191973209101412795e+04 5.815238544611124235e+04 5.372997186459133081e+04 4.024330025271406339e+04 7.555472485935309669e+04 9.368255053858380052e+03 1.859273587269189375e+04 1.834478099026810014e+04 1.496237167220782248e+04 3.968120748354215903e+04 2.004534476435678152e+04 2.004212363149703015e+04 2.254364493429996855e+03 3.359959307468104817e+04 4.857025363449136727e+06 1.417744415322733484e+07 5.647536058240878396e+06 5.726928142618500860e+05 9.896357962040923303e+05 -2.431078808303165715e+05 8.599795588184382068e+05 -7.157887500208884012e+04 -3.168458532363482518e+05 -1.996991871072495123e+05 -1.501110985535001673e+05 -5.028522047156149347e+04 2.800074443945515668e+05 3.783614628961976268e+04 -3.532799137275973771e+04 -3.546474574326162110e+04 3.674291961801037542e+04 -3.047735729590729647e+02 -2.518799052508493696e+04 7.326720329387224047e+04 -1.973782613394427608e+04 2.224147622071918886e+04 2.277393938716776756e+04 2.052708496771179125e+04 3.777314349661136657e+04 -2.152690545458953420e+04 4.503768938045100367e+04 1.038327847706611792e+05 2.865584533775028467e+04 -1.871076946316032263e+04 4.736245581853785552e+06 -5.837506704211234115e+06 -3.641329604123631958e+06 -4.170565762670262484e+05 -5.049993218051361055e+02 1.876971999940308975e+06 -5.042771848565155524e+05 -4.686017680024259607e+04 2.193042164105809061e+05 -6.006141658889639075e+04 1.980573111513985787e+05 9.355246817428282520e+04 1.569603254135143070e+05 1.599635122223261278e+05 3.289703663799032802e+05 1.707173170931337518e+05 6.033140028145087854e+04 -1.073325517451152700e+05 8.858051759717402456e+04 1.513875017866287089e+05 1.880707285519417565e+04 -6.359056144250967918e+04 3.898699344015682436e+04 1.252729767946681386e+04 -1.548173492423068274e+04 1.362415322494094835e+04 -1.615014836422490589e+03 -2.070134331729121550e+04 -7.848769887893658597e+04 -1.203903679128753356e+04
-1.498579969052214874e+05 8.097726493377179839e+06 1.740830569646861032e+07 2.407442507515936159e+06 2.423615972062427027e+05 -8.999318471710779704e+04 -8.381032989297274617e+04 -8.989291145173640689e+04 4.885514569101283996e+04 1.597490136291317140e+04 4.192176509384655947e+04 3.441061921138327307e+04 3.590491821209015325e+04 7.755344979581430380e+04 5.674515527083000052e+04 7.651017362986304215e+04 4.828840531501891383e+04 4.508197320510796089e+03 3.268699131580234825e+04 2.321404972780456228e+04 3.353978873712579662e+04 3.876338468533311243e+03 7.067208474504084734e+03 6.229565195324337765e+03 1.783039900543197291e+04 3.567878062868307461e+04 2.198236592608109277e+04 1.640132115593524941e+04 -1.715001863397201987e+03 -1.500882859345736870e+04 5.013112521190594882e+06 5.328201783408664167e+06 4.798452272471762262e+06 2.581727410439570434e+06 5.720075140168197686e+05 -3.593620845570915844e+05 -2.384221500764256052e+04 -1.466194892140261363e+05 1.735536335914570373e+05 -1.515902447288306430e+05 -8.900353159620847146e+04 8.121720556425060204e+04 2.578041831528300099e+04 6.149517622614031279e+04 -1.743295885728760550e+04 6.374776639359538967e+04 3.296858654180214216e+04 8.188903098545203102e+04 3.609124720929899922e+04 -5.103255473896631884e+03 -6.005358808769733150e+04 4.372404460322087289e+03 2.458955509910792898e+04 1.334057327236550918e+04 3.608012015266837261e+04 3.401892602386215913e+03 -8.830291639570861662e+03 -1.756725325404000614e+03 2.988761462492437659e+03 3.026667480177052130e+04 3.916805261863517575e+06 -1.333490441649303306e+06 6.110606279378107283e+05 8.311828062627572799e+05 -1.471171841081948369e+05 5.409117241556608351e+05 3.468171193798636086e+05 1.787551122696579796e+03 -1.968729659715466260e+05 -1.665299453507687531e+03 4.874501088714016078e+04 2.815067708743058392e+04 -2.282743403621948964e+05 -5.786299509280148777e+04 5.660341560743338960e+03 -3.004973577500027750e+04 -9.660743552291608648e+04 -6.223847289599756914e+04 5.302427494632935122e+04 4.479527623821180896e+04 3.701338970303269889e+04 -1.435489197075649827e+04 -9.276663146617991151e+04 -5.165111028407362755e+04 2.091170822117013813e+04 -7.566136001432438206e+04 -4.554982897568699264e+04 2.581576372777405777e+04 -3.149775901968175276e+03 1.411411280788098520e+04
1.386737921305714175e+06 1.601667803023420740e+06 2.407442507515936159e+06 5.992945644132766873e+06 1.091232173730492592e+06 2.187044784720757743e+05 2.417295054142883455e+05 4.867658292214850371e+04 1.304433930533420498e+05 4.277003492447990720e+04 1.032808717937041220e+05 1.050651148973767267e+05 7.833299936877227447e+04 7.061472102037385048e+04 1.525140989950308176e+04 3.895370649180393229e+04 1.095023218070338589e+04 1.611026409618646358e+04 1.721089590142391899e+04 1.580375124910758132e+04 2.194231296699487211e+04 1.361520874663507311e+04 4.367189658354252970e+03 1.458950117185244926e+04 1.854322067217155563e+04 9.813037886161861024e+03 8.719643525608324126e+03 5.220413990960703813e+03 7.926049241987698224e+03 9.634523228787660628e+03 9.661681734510957031e+05 1.586289272382405354e+06 1.402662521718592150e+06 2.693436571798668243e+06 1.091350354274431942e+06 3.732015498938119854e+05 1.123499002991418238e+05 -2.501809354312214418e+04 1.646904872560920485e+05 -1.541803951819532995e+04 -5.914175274098062073e+04 3.735508319268067135e+04 1.207609543012522772e+04 -4.114176287552176655e+04 -1.571899575429020842e+04 3.473882950032905501e+04 3.360747161330309609e+04 6.096933037580875680e+04 -9.459190914595341383e+03 1.469082436381364823e+04 -7.473604369687601320e+03 -6.773564180701443547e+03 2.203343065739265148e+04 -3.483148528313234237e+03 -5.040676143838531061e+03 1.834366663687964319e+04 -1.795185707100840591e+04 1.606821883958540639e+04 -6.966049013656412171e+03 1.042032351587142693e+04 2.612565680519200687e+05 4.994169529329991783e+05 -2.207721768019736919e+05 8.300928062781807967e+04 -4.967525641795381089e+05 5.309398472113374155e+05 3.974138414828414680e+05 -7.170927617467718665e+04 -5.504954069233364135e+04 -4.273257332534867601e+04 4.646334541128759156e+04 9.229531743193941657e+04 4.948047779153785814e+04 6.602407624063713592e+04 -4.736875014139095583e+04 3.527818689672657638e+04 1.637594247383235052e+04 5.632669470561366325e+04 -1.328907768733594276e+04 -4.530883137049162178e+04 -8.666472109493999596e+03 1.767491498344894717e+04 8.090773925127685288e+03 8.717533623019529841e+03 1.553222696394848936e+04 -2.042729301600094550e+04 -1.780616223480882763e+04 -8.753570064371479020e+03 2.520032738439893728e+04 8.001829318467591293e+03
7.981836823166995309e+05 9.344821550090956734e+05 2.423615972062427027e+05 1.091232173730492592e+06 2.748961527203916106e+06 4.320001986256744713e+05 1.009599233119929850e+05 8.250859177762518812e+04 8.967305609441061097e+04 1.507198006900523069e+04 1.885951613037753486e+04 4.355543547489422053e+04 2.948837772521533770e+04 2.174034567839132797e+04 1.774831622988781237e+04 3.634441631223791319e+03 1.003090174098238094e+04 6.571459836043022733e+03 1.442310214840091612e+04 1.680830955537847558e+03 1.496007064273189462e+04 1.640727158512670212e+04 3.769107777565599463e+03 1.354280920606855398e+04 7.541898941153192936e+03 3.044788525297800788e+03 5.004571530503982103e+03 1.204030641831593357e+03 3.668750889698339051e+03 1.366908056982969129e+03 1.185827956078944961e+06 8.584608771154175047e+05 3.429736707789920620e+05 1.052665333295860095e+06 9.185588211631752783e+05 3.475569957108481904e+05 1.135949583779415989e+05 2.243792865044752034e+04 9.054964760084179579e+04 5.061202462506806478e+04 4.337317761524039088e+04 6.788169982114115555e+04 3.637340979832063113e+03 -6.148615987475688598e+04 -1.011427038934240591e+04 -1.037452751245571926e+04 3.424525528748444049e+04 1.186145310539228012e+04 -3.073373067472318144e+04 1.244292045847508780e+04 -1.085647950460949869e+04 1.117888812076729846e+04 1.879122090737897906e+03 9.039921167701201909e+01 1.640490492767549222e+04 9.727239217393385843e+03 -1.178534498947886823e+04 2.855969104688115749e+03 -1.005724342929966224e+04 -4.413878510884148454e+03 2.449773179764533124e+05 1.016704435590140638e+06 4.711225468967762426e+05 5.490303137727178400e+05 -8.113036005624372046e+04 -1.076599694984620328e+04 1.394186514911296763e+04 -3.194530147282500184e+04 7.158897282701132644e+04 3.020814350878747064e+03 -1.258195552999411011e+05 1.892275867388179540e+04 1.792110574405683656e+04 -3.148887931999083958e+04 -3.402964247141747910e+04 1.098616877544555246e+04 -1.021328971292634924e+04 3.205370232977318665e+04 -6.041887955489917658e+03 8.174458065656937833e+03 8.081543755158254498e+03 -1.256772170694541092e+04 5.280962293973328769e+02 -4.709226205537127498e+03 1.707309111283995207e+03 -1.487704018301488759e+04 -7.156182662648961013e+03 -1.785686410505129606e+04 4.111213783677088031e+03 -3.791347477206729309e+03
4.208721480002457974e+05 3.089126687985213939e+05 -8.999318471710779704e+04 2.187044784720757743e+05 4.320001986256744713e+05 1.307770674066706328e+06 2.572686090301875956e+05 9.509730384451990540e+04 4.009014471704448079e+04 6.618119471931476255e+03 3.098875618267200480e+04 3.471301930067422654e+04 3.581507663162077370e+04 1.869803829191139448e+04 2.108006695730246793e+04 1.815266096435645159e+04 1.710047504298163039e+04 1.089542660102313857e+04 7.839249378747626906e+03 7.899726917355152182e+03 9.650024037575352850e+03 1.160450917576828761e+04 3.831393511833626235e+03 7.985194935734738465e+03 7.643263732142075241e+03 1.045596749563647609e+04 1.360820240064140989e+03 2.156245157781517264e+03 1.998861385473216842e+03 2.469150887183399846e+03 3.892310438982154010e+05 -3.602026409697782365e+05 -5.496975364020917332e+05 3.496312966961620841e+05 4.054850545743257971e+05 4.662030870697759092e+05 2.237087260838484799e+05 -2.787427890978196046e+03 -4.398959038285909628e+03 1.075805840081110364e+04 5.930574076524714474e+04 -2.408084654323264476e+04 3.472295335227050964e+04 4.098414319436954429e+03 2.111870985415340328e+04 9.002539185360885313e+03 6.159159026251227260e+03 3.286949111398598234e+03 -1.187018578113465992e+04 1.053173910740496649e+04 -1.005228517913409087e+04 5.183190636177056149e+03 1.051114862322136469e+04 6.533573225617523349e+03 8.766644527486942025e+03 1.421896279946484901e+04 8.546193081531009739e+03 -8.255484879070623720e+03 -2.540594924901236482e+03 -2.787736767557415533e+03 -1.761119322268493415e+05 1.253444575467969524e+06 5.450444842377372552e+05 3.817493369182253955e+05 -1.145434476204718812e+05 -6.317762928901188570e+04 8.675371030972056906e+04 -1.159922788406364089e+04 2.369004426112402507e+04 -4.304456394346865636e+03 -1.504072585115356014e+04 1.757938248365716208e+04 1.447639861566249056e+04 1.405707884112472129e+04 -3.999346659221243317e+04 -1.132327964114004499e+04 9.536691986023952268e+03 -1.754576081380939286e+04 -5.616045276782045221e+03 1.430273514753024392e+04 -9.334512144002757168e+02 -6.621194993477264688e+03 -1.491645603983937872e+04 -7.424591284049018213e+03 2.525648557255476589e+03 1.681950548768251610e+04 1.322944354690704131e+04 2.913473845564216845e+03 1.524797417387294900e+03 -1.415680699486207914e+03
2.954227972435337142e+05 2.543472606562663568e+05 -8.381032989297274617e+04 2.417295054142883455e+05 1.009599233119929850e+05 2.572686090301875956e+05 7.688764652610677294e+05 1.311743400374630000e+05 3.519649781720728788e+04 2.192308976989901930e+04 2.053046010650094104e+04 2.818599861856093048e+04 1.201084825536795324e+04 1.920403588662424954e+04 1.341326947251645834e+04 1.701653077503848181e+04 1.168893273569183475e+04 1.144509197062270687e+04 1.280773626116684500e+04 8.100412147110327169e+03 4.877283360599883963e+03 7.851552104655688709e+03 7.454222584391153759e+03 7.954295600956705130e+03 1.656570888078139433e+03 5.171033690362978632e+03 2.375708697489552378e+03 3.377374829765449249e+03 3.754457516067622237e+03 3.975161933178851541e+03 1.325312838470398216e+06 -1.107689321236765827e+05 -6.250925026034711627e+05 2.632240299300269157e+02 -1.016050738623579673e+05 1.830164654900514870e+05 2.975705152840528172e+05 8.403364974767361127e+04 -8.412454932259955967e+03 -5.192188639413718192e+04 1.184850348970976847e+04 1.290912645099201836e+04 7.437250799649023065e+03 -2.210112261184455565e+04 8.418949540058831190e+03 1.342385509860623642e+04 1.297624640088596061e+04 8.077917390940913720e+03 3.678315153495167124e+03 1.033983702652739157e+04 -3.339331013750183047e+03 1.003379215725901668e+04 4.756472154889099329e+03 1.175663340732098550e+04 3.285142356029506573e+03 3.421429636308444515e+03 6.758587817098409687e+03 -6.048499495617537832e+03 -2.008825315643564181e+03 5.859521808001991303e+03 -5.428336364175716881e+05 -2.893333373766937875e+05 -2.253653319915690518e+05 -1.763361388269223389e+05 -2.168627607451371441e+05 -1.180408146841062553e+05 5.145030183549140929e+04 -4.546058682165898063e+04 -6.083993088188023103e+04 -3.564198939529093332e+04 5.481771983598000952e+04 4.119743781151718576e+04 1.807776548806114442e+04 -7.235658397930311367e+03 -2.551679757448785040e+03 1.069380377946264525e+04 -2.246781057870509539e+04 -2.477924486266615349e+04 1.913297174209477021e+02 -6.162602584129605020e+03 -1.428672470846970464e+04 6.581104931249474248e+03 -4.105010683042678465e+03 1.542692969897770126e+04 3.727462828397708108e+03 1.467965775470235531e+04 6.756040798022142553e+03 7.091613679088538447e+03 5.942155931608907849e+03 1.417044434992613787e+03
4.131063037970499136e+05 4.782159792896310100e+05 -8.989291145173640689e+04 4.867658292214850371e+04 8.250859177762518812e+04 9.509730384451990540e+04 1.311743400374630000e+05 5.200165281832616311e+05 9.552194290229531180e+04 3.359984875823838956e+04 1.076366810050905224e+04 2.386468569840044802e+04 7.070310733375403288e+03 1.319357399725806681e+04 8.197949561697054378e+03 1.074606694404105474e+04 7.304163314011861985e+03 9.840884379975634147e+03 1.208378140586023073e+04 9.895280413659880651e+03 6.979943879226215358e+03 8.007425205532889777e+03 1.016617275423463252e+04 8.059443144849447890e+03 4.901111677795562173e+03 4.864654374414296399e+03 3.615146115444462794e+03 1.342164036545871795e+03 5.405328430378779558e+03 5.351434099303362927e+03 3.992221581840472063e+05 1.694336905959930446e+05 -1.258700259629433422e+05 -2.612162259320441808e+04 1.106519498262040579e+05 1.495500109858744836e+05 1.158588077147287549e+05 1.926601908596506983e+05 5.764119515872273769e+04 -3.156222948027981329e+04 1.402784355636351575e+04 2.475561471618375435e+04 1.557877601453678835e+04 3.440818854041795566e+04 3.663068941436387831e+04 1.491480203553988213e+04 -2.079745924534498442e+02 2.660755980618305330e+02 8.905481751233730392e+03 1.168871694814588045e+04 5.952281952220692801e+03 7.993528777532540516e+03 -2.590111784705170066e+03 1.227810321697988547e+04 6.133286202190526637e+03 8.451048780548931973e+03 6.430139994255921920e+03 1.580242809984025371e+03 -1.053425991663884588e+03 6.181079525971210387e+03 -9.786567626797017874e+04 3.529332584773484268e+05 -1.631478025859336485e+05 5.833877717539802461e+02 -9.056365118724929926e+04 3.930630419759325741e+04 -1.816248917744104619e+04 1.582130410838771422e+04 -9.429105033829580861e+03 -2.007821541392521976e+04 -2.297379121268667859e+03 1.815487583320398335e+04 6.502098181652188941e+03 1.897637389270152926e+04 -6.454806581731760389e+02 -8.329253545533854776e+03 -4.540276752072851423e+02 1.086850143163012217e+04 8.021821838476669654e+03 1.593789783098445696e+04 1.107078701173219633e+04 8.765740664084103628e+03 9.714582259520955631e+03 2.584146187439728601e+04 4.800804866946060429e+03 -1.805701457342960055e+02 -5.920523625692704627e+03 3.827129275701461665e+03 -6.476998701004479244e+02 -2.669281406792650614e+03
4.151469402946782648e+05 1.767581246303590888e+05 4.885514569101283996e+04 1.304433930533420498e+05 8.967305609441061097e+04 4.009014471704448079e+04 3.519649781720728788e+04 9.552194290229531180e+04 2.817313702587786247e+05 6.590346689512679586e+04 1.320524424976305090e+04 1.063545930325020163e+04 7.148071673556012684e+03 1.192388692487893059e+04 1.367627422285296052e+04 8.676916365306627995e+03 3.334580658230578138e+03 7.418651532098648204e+03 6.118702676275271187e+03 4.771733570120034528e+03 7.649336970181768265e+03 4.319834124823917591e+03 6.635888186370318181e+03 5.204741313518615243e+03 1.937082042492993196e+03 1.545089398309727358e+03 3.249615378598121424e+03 2.472715072791376770e+03 3.083868814310317248e+03 2.312627403410593161e+03 1.938607691231148492e+05 4.671171339875677368e+05 -1.759200975427420635e+05 7.082830059645962319e+04 3.333528073703697032e+02 7.166971685916016577e+04 1.709423946939799134e+04 5.322564111313909962e+04 7.178232099922638736e+04 3.917698270194687211e+04 -2.205347754037740742e+04 1.228322109719519904e+04 -8.176852556708592601e+03 1.082938566827511386e+04 7.001601533215974086e+03 7.012894927078304136e+03 3.272867563848705686e+03 -6.463190091396846583e+03 3.024437908483233969e+03 -4.151685097101193378e+02 -4.401196944978088140e+03 -1.580151171998380050e+03 4.445114015951988222e+03 1.731663179959993158e+03 -4.026404900117561283e+03 9.405596679636558122e+01 3.321065824648818307e+03 -6.680969242429749499e+01 -2.090448441657509193e+03 2.818812363737162741e+03 1.042018726484085055e+05 3.622917073231817922e+05 9.599127961717963626e+04 6.174203524654632201e+04 -1.642163856394678442e+04 1.328304751296003633e+04 -1.386203296517313356e+04 4.388318727306918845e+03 1.067373643806564723e+04 -4.013532656461193983e+04 -7.464044788977673306e+03 -5.286810831313855488e+03 1.762872013162562325e+03 1.928161946842962425e+04 -1.990814020698517197e+03 7.987164755192117809e+03 7.411375759969419050e+03 1.642847580932969868e+04 8.003614816437955596e+03 -6.439105955533287670e+03 -5.311401108067472705e+03 4.114515898725620900e+03 1.337196394767798211e+03 1.227385480716398342e+04 7.076956678537904963e+02 -1.985348204361147737e+03 -2.543191455940164047e+01 2.214052803414592290e+03 -1.980611469191347851e+03 3.492140792011417716e+02
2.839151566230199533e+05 1.766018860188396939e+05 1.597490136291317140e+04 4.277003492447990720e+04 1.507198006900523069e+04 6.618119471931476255e+03 2.192308976989901930e+04 3.359984875823838956e+04 6.590346689512679586e+04 1.839728921819081297e+05 4.012880961095087696e+04 2.328997973230414573e+04 1.058438806512712472e+04 8.558908527026542288e+03 1.092322007649611442e+04 1.034191078644974368e+04 7.706633783400458015e+03 7.943554894281546694e+03 6.474183352023410407e+03 6.225858127536726897e+03 7.979843118400997810e+03 3.451081318821603418e+03 4.228552827997887107e+03 4.869627829860040947e+03 3.500164743576158799e+03 2.156113887859296028e+03 2.654503943424947010e+03 3.477087253719167620e+03 1.962294864534216686e+03 4.173180657169678852e+03 -5.842417410114580998e+05 2.592139588446679118e+05 -2.330714691076924646e+04 -1.572112062273104384e+05 -4.299101371482342802e+04 2.656103130388765567e+04 2.567735549621448081e+04 1.667520971205237947e+04 4.444795322795813263e+04 4.814607316163225914e+04 1.068262845212231468e+03 3.528042507630290856e+03 3.534517992489184508e+03 6.240295502338635742e+03 1.282567492605566622e+04 7.102386364500042873e+03 6.327953334488072869e+03 9.811739280333010811e+02 -8.039848502505126362e+02 -2.273247801503498067e+03 6.020608176328557420e+03 2.999637588752443662e+03 -3.317009827757046423e+03 1.335266421877128096e+03 4.248457184096054675e+02 -1.058407091636261612e+03 3.973958851146256166e+03 -3.295963129875687514e+02 -3.014575116987295132e+03 2.964899720795967369e+03 -4.090313012826007325e+05 -9.676791659099892422e+04 2.002443285395582279e+03 1.055111685868805362e+05 7.475025508309523866e+04 -9.600191164253456009e+03 -3.160405848073777452e+04 -1.610503213956980107e+04 1.598822678884747438e+04 -3.534511047753034291e+03 -2.227924424530382385e+04 -7.688923957602954943e+03 5.722798439391987813e+03 7.160163216076312892e+03 7.365626139474856245e+03 -2.901763201550462327e+03 1.202263118141624363e+04 1.194316677586206424e+04 -2.008206696931266606e+03 -4.019210360641541229e+03 -5.983095206540700929e+03 3.941660706734797714e+03 1.180200200662064617e+03 1.798958007908801164e+03 3.865649542725067477e+03 3.931021764339914625e+03 -2.692763488200048414e+03 4.079562947020301181e+03 -4.192288957157480581e+03 -3.683108904543183144e+03
3.331022992082331621e+04 6.265608687446267868e+04 4.192176509384655947e+04 1.032808717937041220e+05 1.885951613037753486e+04 3.098875618267200480e+04 2.053046010650094104e+04 1.076366810050905224e+04 1.320524424976305090e+04 4.012880961095087696e+04 1.332496112487953797e+05 3.519486627853109530e+04 1.129605320510121783e+04 1.159427711348522462e+04 8.690117600376253904e+03 5.174895542428886984e+03 4.591736548953099373e+03 4.475800633824216675e+03 2.085763296714487296e+03 4.961456700647274374e+03 2.837340292280428912e+03 2.454088947021499280e+03 4.498501760283093972e+03 3.990175591292076660e+03 3.900896552151632932e+03 3.518375362255012988e+03 3.600047516875902147e+03 2.353727132147409520e+03 2.188996018370074580e+03 2.097827688177058462e+03 -2.345455791174698606e+04 1.129821167581237678e+05 -6.052146569758192345e+04 6.879497836785073741e+04 7.091037645934088505e+04 4.253789672497363790e+04 3.287123193800818990e+04 2.062889618430717383e+04 1.506004214112262889e+04 1.077781583173268336e+04 2.058558880227310874e+04 2.758131170269894574e+04 1.172745239819608651e+04 1.599284774781599481e+03 2.467538782191321843e+03 -1.898307059075490542e+03 4.256678657406992897e+03 7.216281271205478333e+03 2.418593863204642275e+03 3.158077599169924270e+03 2.094932850462035731e+03 5.489678189884094905e+01 -1.311022181029675551e+02 -3.768336837690133052e+02 3.014101731281006778e+03 5.972134815155480965e+02 3.525125912711439923e+03 1.924660123396341305e+03 2.533303443184591288e+03 1.358272578585247857e+03 1.319545225192080252e+05 2.955712706833508564e+05 5.567826610214139509e+04 7.690568270253122319e+04 2.300682670704733027e+04 -5.215106776531660216e+03 1.763094250986766201e+04 -3.494251624674300547e+04 -2.404213575920047515e+04 -9.398991859408328310e+03 -7.411283380331768058e+03 -1.271503409498362771e+03 6.358815849375454491e+03 3.970712991499649888e+03 2.837836059032369121e+03 -1.947856756905089787e+04 3.803294920636667484e+03 1.604972140179669168e+03 -5.646549764737179430e+03 6.108728562212517090e+02 -3.026946735721808636e+03 -6.151669375263145412e+03 1.058883879519656375e+03 2.203998252265253086e+03 2.067420784753745465e+03 1.902545187289746593e+02 2.975414436685287910e+03 1.523696522051885495e+03 -3.793196560786576583e+02 -1.312901415849544037e+03
1.766779853535176662e+05 7.150930295219611435e+04 3.441061921138327307e+04 1.050651148973767267e+05 4.355543547489422053e+04 3.471301930067422654e+04 2.818599861856093048e+04 2.386468569840044802e+04 1.063545930325020163e+04 2.328997973230414573e+04 3.519486627853109530e+04 1.003898573703644506e+05 2.023103670622433492e+04 6.839434679569552827e+03 7.050744574678552453e+03 9.005482281306680306e+03 7.591228649552871502e+03 5.378079389253628506e+03 4.194668968672196570e+03 7.959626806669605685e+03 2.946521639238389525e+03 2.467416000720345437e+03 3.267535219926108766e+03 2.019221364172407675e+03 1.453808568147592041e+03 3.364706887490029203e+03 1.834448463215351467e+03 1.907714305080160557e+03 1.993633505781840540e+03 1.286119533389320168e+03 -9.438701210439736315e+04 9.051805067621263152e+04 2.143043813613173370e+03 -5.281069380027422449e+04 3.266580042429450623e+04 2.145416481789523095e+04 9.469912259123086187e+03 1.073914157039201018e+04 2.042123709781276148e+03 -3.745062162250944311e+03 1.571445815666794806e+04 3.088158697953803130e+04 2.517966795019281199e+04 -4.431440206242324166e+03 -3.394479894519633945e+03 -2.641349438291937531e+03 -2.489932172830739091e+03 1.023195910500063292e+03 5.349206775045083305e+03 3.819259680143373771e+03 3.052467410527554421e+03 3.849428756023522737e+02 -1.534705486126064670e+03 -2.375020590452816577e+03 -1.546890800354985629e+02 1.584599585313334956e+03 9.998782171735480233e+02 1.847170632025349732e+03 1.705125572038349219e+03 -1.447871861124589941e+03 -2.093487942532598681e+05 7.728622446515595948e+04 7.040695358477957598e+03 -1.532277947595702426e+04 -7.695829888212191872e+04 -3.907289496754220454e+04 -1.418168285573511275e+04 -1.010178368229914486e+04 -2.147854222996592580e+04 -1.542005448367682447e+03 -5.972591193163420030e+03 -4.472424512602108734e+03 7.615516088791512630e+03 7.185199260802350182e+03 3.708360576336903250e+03 -5.240704687616712363e+03 -5.540114986086686031e+02 1.575843254518003732e+03 -8.204971451233766857e+03 -3.500929667810964020e+03 -3.375839999857277689e+03 2.759432535865112641e+03 2.131133565487031774e+03 3.362335736654229095e+02 -1.244443408648209925e+03 -7.838174025927444291e+02 1.260941315228575831e+03 -6.633726639319415881e+02 3.980323686028581960e+03 -9.901572057487322809e+02
2.809340412252541864e+05 1.539392817831266439e+05 3.590491821209015325e+04 7.833299936877227447e+04 2.948837772521533770e+04 3.581507663162077370e+04 1.201084825536795324e+04 7.070310733375403288e+03 7.148071673556012684e+03 1.058438806512712472e+04 1.129605320510121783e+04 2.023103670622433492e+04 6.893323110840802838e+04 1.793995183368456492e+04 8.241418091594363432e+03 7.855303815473503164e+03 4.122152900073610908e+03 5.239010316659466298e+03 5.376659247542760568e+03 6.388988239475734190e+03 5.026261055073745410e+03 3.981641306878504565e+03 3.275196611010898778e+03 2.996396134876426459e+03 3.102117955448674365e+03 1.985934873250655073e+03 2.224614909633918614e+03 2.059090314199443128e+03 9.959613416426847152e+02 1.982374616641765215e+03 -6.114264783702868590e+04 6.146798876540009223e+04 2.353208360129554421e+04 8.321487801085017054e+03 -2.535066643040764393e+04 -7.037901032740101982e+03 8.704667287439524443e+03 -6.863091786936329299e+03 -1.177652833014887847e+03 -2.273504623500322850e+03 2.033957504955631748e+03 1.107014117224800066e+04 1.305223803204285105e+04 5.295306163955547163e+03 -1.663171699420390496e+03 3.116334787529769983e+03 1.111793099186693325e+03 1.196760889544982405e+02 6.964704307415820494e+02 8.556383092848558363e+02 3.084163204249789487e+02 9.808599295038000037e+02 -4.655699506410098252e+02 1.459473952162425348e+03 9.257183009147805706e+02 1.893150230265586913e+02 3.932743826208011910e+02 1.615444320959521519e+03 8.259861335215857707e+02 -2.760657907284688122e+02 4.223025431758561172e+04 7.882605361367721343e+04 2.140499518958325643e+04 2.453663169387752714e+04 -5.411301572685640713e+04 -2.273906059928534887e+04 2.486295037708508244e+04 -1.205469200744101909e+04 -1.821433935133977138e+04 5.417271890695141110e+02 -1.121478475721815994e+04 -7.888269884173706487e+03 3.276586606200906317e+03 -3.848387285605957686e+02 1.111576944082353748e+03 -1.906112744027868075e+03 7.459501074289834833e+03 8.312146424618142191e+03 -4.887277159240622495e+03 -1.503580145674834228e+02 -3.658464611244552998e+03 5.252250778571456067e+03 2.387454967493916229e+03 -2.878426414096791632e+03 -2.844109083301058035e+03 -1.672141988076138887e+03 7.950390488606768713e+02 2.641079687301087688e+03 -1.567403505334776526e+02 2.904580425346049196e+03
1.087879183046857797e+05 8.642516470596409636e+04 7.755344979581430380e+04 7.061472102037385048e+04 2.174034567839132797e+04 1.869803829191139448e+04 1.920403588662424954e+04 1.319357399725806681e+04 1.192388692487893059e+04 8.558908527026542288e+03 1.159427711348522462e+04 6.839434679569552827e+03 1.793995183368456492e+04 5.789154816662466328e+04 1.485970684610551507e+04 7.184506222485812032e+03 5.391692250091444294e+03 3.082484121910507838e+03 3.107105466029690888e+03 2.801509865346683455e+03 2.667478689813503024e+03 2.851568843087336063e+03 1.123206045181898617e+03 2.814010186094047640e+03 2.700917371453229862e+03 1.443434667215553873e+03 2.339661213488162957e+03 1.754404187244296509e+03 1.472563881645202173e+03 2.387016951325215814e+03 -1.652088761931865010e+05 5.918723259727344703e+04 -2.453186827250953866e+04 9.220892572987792664e+04 1.865203179316887326e+04 3.218216864217291004e+03 6.387353125867977724e+03 3.284366543584817464e+03 6.078471965846334570e+03 -1.680198464944207080e+04 -8.544674280739596725e+03 3.671481417823126776e+03 8.766432391843881078e+02 -1.117405377439576597e+02 5.266113912427835203e+03 4.536097147563125873e+03 -1.207890252862940315e+03 3.616007382958783182e+03 -6.413564643397306099e+03 3.145034586201219895e+02 1.258911244856312123e+03 1.388341626237882565e+03 3.355802876272085996e+03 -2.625869318155565679e+02 1.535358652510782349e+03 1.318964177710294052e+03 8.207180388278394503e+02 8.483821191022357198e+02 -3.016555200630995159e+02 7.240020440056159714e+02 -6.935323216659210448e+04 -2.086374085054373718e+05 -2.235768506189149630e+05 -1.444078627337928447e+04 -6.943303336696408223e+04 4.012013266429369833e+04 6.372278163290360681e+03 -7.414702368805375045e+03 1.360101471783195484e+04 6.633804270235275908e+03 -2.387139946233849514e+03 7.787310544659853804e+03 -5.270040964379901197e+03 1.051056221484962180e+03 4.586243796624440620e+03 -5.472512173439362414e+03 8.599972835675251190e+03 1.580093750940852942e+03 -4.282114756693681556e+03 3.843840053233645335e+02 -7.009282672928538886e+02 1.209881254577523578e+03 3.279939034507468932e+03 -5.625176277384143759e+02 4.911374379710953235e+02 -1.134289916246057828e+03 -2.328811018154838166e+02 2.365568205337534891e+03 1.381890932986969176e+02 2.090946437300476930e+02
-6.932522315987390175e+04 5.350557062831772055e+04 5.674515527083000052e+04 1.525140989950308176e+04 1.774831622988781237e+04 2.108006695730246793e+04 1.341326947251645834e+04 8.197949561697054378e+03 1.367627422285296052e+04 1.092322007649611442e+04 8.690117600376253904e+03 7.050744574678552453e+03 8.241418091594363432e+03 1.485970684610551507e+04 4.493371076519662165e+04 1.329077163839841342e+04 6.276966073407744261e+03 4.285167058940864990e+03 4.338298268306062710e+03 2.657900635903301918e+03 3.985542293597506614e+03 2.264803386207850963e+03 2.806028595527172456e+03 2.129038564092060824e+03 2.404352821978337943e+03 1.833147268525765412e+03 2.941462073928181781e+03 2.866821066604009957e+03 1.251965781361857807e+03 1.098105802463276405e+03 -1.176432439417200221e+05 1.941989055361476858e+04 -3.955795756642717606e+04 6.153910794090504169e+03 1.214551367472663333e+04 2.690509946210581802e+03 1.034764448046549478e+04 3.185973924318849640e+03 4.358369619930143926e+03 -2.772004678981199959e+03 -6.690735234117499203e+03 4.672122631302405352e+03 1.726003610411055661e+03 2.726597009528097260e+03 7.642778785723958208e+03 5.083791609822870669e+03 2.846148448766705314e+03 5.409116872568714598e+02 6.980387413760487334e+02 -7.977547396957588433e+01 -2.329257262289175287e+03 1.699250055354278174e+03 2.383497187157096050e+03 5.610682803302292996e+02 1.171546059912737064e+03 1.479026027330492525e+03 -1.456480754355825695e+02 9.207735230493658491e+02 -1.697998791909352349e+03 1.009698055000798831e+03 -4.413437461893490399e+04 -1.198935782126799313e+05 -1.231652662641957286e+05 1.042591735480040370e+04 4.241126662636228139e+04 4.300336682291838224e+04 9.195644551743933334e+03 1.322411901161476635e+04 2.178269229788619850e+04 6.721905405111035179e+03 -2.732603410389629062e+03 -3.976939456282371793e+03 -6.250438369076289746e+03 -4.768976483000882581e+03 -3.954423258099101304e+02 -9.090132532170731793e+03 1.367636683778415090e+03 4.667750418056362832e+03 6.370359144482858937e+02 -1.857976149513778410e+03 -2.566450907977255611e+03 -1.183059038602787496e+03 -2.160518000428408413e+03 -2.762683732983402024e+03 -1.241704975920675679e+03 -1.324913900986630779e+03 8.300764498309972623e+02 2.096955954549392118e+03 1.394629934279006193e+03 1.515713100203305252e+01
3.288419486662265990e+04 6.846117235866593546e+04 7.651017362986304215e+04 3.895370649180393229e+04 3.634441631223791319e+03 1.815266096435645159e+04 1.701653077503848181e+04 1.074606694404105474e+04 8.676916365306627995e+03 1.034191078644974368e+04 5.174895542428886984e+03 9.005482281306680306e+03 7.855303815473503164e+03 7.184506222485812032e+03 1.329077163839841342e+04 3.538453261640809797e+04 9.024821739404378604e+03 4.961823040700680394e+03 4.026749978441246640e+03 3.587314996007018635e+03 3.741327899215339130e+03 3.288403349504951620e+03 2.988994196318207742e+03 2.404812353132034332e+03 2.995948361524185657e+03 2.048610096438134860e+03 1.726652553819576951e+03 1.977858341952632372e+03 8.668874879281838730e+02 1.386090115119823849e+03 -3.997351757842081861e+04 8.709634504586386902e+04 2.081765489169309149e+04 9.947404386600623184e+03 -1.667387752736496623e+04 2.558873395908869134e+04 -6.499411670193784403e+02 8.914698348451305719e+03 -1.490705362488919263e+03 1.844023531426790328e+02 -1.334062974982325329e+02 4.167391106851212498e+03 -3.431422410094252427e+03 -1.387884010305321681e+03 7.510183118701734202e+02 8.331131620690986892e+03 4.012889437227648159e+03 -7.538944144671160075e+02 1.971680725199991457e+03 6.609399320954779569e+02 -8.400946726203603703e+02 1.491217160937877679e+03 2.023453388625179741e+03 1.613506960042562241e+03 4.258077393332956717e+02 1.784987133496740853e+03 6.390742165486836939e+02 1.704182945242357050e+02 -3.059019482002774737e+01 4.006621232168110396e+02 1.740829253446381481e+05 -1.074827077935966663e+05 2.058493431495820187e+04 3.009133947588696901e+04 -3.932589164529851132e+03 5.335216125622664549e+02 2.513653102888370631e+04 4.458333947019786137e+03 -1.418312705249938699e+04 -7.564647489462123303e+03 -1.982101629857636726e+04 -4.842864855342138071e+03 -1.175302519018876956e+04 -7.762013347643316592e+03 -7.256946765913004128e+03 -6.307534410065461088e+03 -1.524849615150762020e+03 -8.466324332899433784e+02 -4.095084364010487207e+03 -3.524518345663737819e+03 -2.247100362042125653e+03 2.398450020542428774e+03 -1.783731495143381380e+03 8.225069156734433591e+02 1.470631312982713553e+03 -1.175493951426662306e+03 -7.992656333445053178e+02 1.129123427275637368e+03 -9.005692679622808328e+02 1.587613019968266599e+03
5.110574455030212994e+04 5.191973209101412795e+04 4.828840531501891383e+04 1.095023218070338589e+04 1.003090174098238094e+04 1.710047504298163039e+04 1.168893273569183475e+04 7.304163314011861985e+03 3.334580658230578138e+03 7.706633783400458015e+03 4.591736548953099373e+03 7.591228649552871502e+03 4.122152900073610908e+03 5.391692250091444294e+03 6.276966073407744261e+03 9.024821739404378604e+03 2.729183951029942182e+04 8.720794579905859791e+03 4.026959565194153129e+03 2.419555941193027593e+03 3.067031129875719671e+03 1.507422371180753316e+03 2.136063836332803021e+03 1.929780247516852796e+03 1.729485236082560959e+03 1.623407224095637957e+03 2.070361421666091246e+03 1.503253996213655228e+03 7.031407309413268649e+02 3.899272179618283758e+02 -8.859519105378938548e+04 1.004204765379015880e+05 -3.593177582643053256e+02 -3.106696468584611648e+04 -1.867548060795327547e+04 6.764563029084911250e+03 1.365468572331840505e+03 3.166947805262447673e+03 1.070027267023911691e+03 1.719925030007568694e+03 -9.175079215153948098e+03 -3.080689301289801278e+03 -5.262950136956395909e+03 8.994216088768122290e+02 -1.302081393793878306e+02 3.504376645102154725e+03 1.225458542837210643e+03 1.744211090638624455e+03 -1.626002217967119805e+03 4.155377719137184158e+02 1.661128004228679401e+03 8.412297062788807125e+02 3.422051507472139747e+03 1.738175267294634295e+03 2.016136345800994377e+03 -7.380245779814248408e+02 -9.580123045252232572e+00 6.293092683856725955e+01 2.514998087483309348e+02 9.864767871989527066e+02 -1.830063321487501962e+05 -9.882871017452074739e+04 -1.138101546265998513e+04 -1.752050227498283857e+04 -1.900622753287192245e+04 -5.581219552141124950e+03 -3.428104101773482853e+03 2.724962480497234083e+03 1.325399043590344809e+04 4.703573018957637032e+03 -9.332436541100410977e+03 -6.779778271739248339e+03 -1.752757124563611114e+03 3.994762425333890405e+03 3.661693494057150474e+03 -1.658232673330035595e+03 6.993722638463511885e+02 -1.753424043959427081e+03 1.719080858630465855e+03 -5.476940772792139569e+02 -7.911168695918943286e+02 6.457661486090970584e+02 -1.296571600045570705e+00 -1.133283319364616943e+02 -2.461632613927671173e+03 -2.550002534001051515e+02 5.331414978456134577e+02 9.386828032655364495e+02 2.250861629375361190e+03 1.409504798371673814e+03
