9.120567878209443390e+07 2.225879035033551231e+07 -2.889178202666625657e+04 1.696585320023348322e+05 2.023056933814178410e+04 2.793474172841632972e+05 3.248225727414346766e+05 -4.250974935199195752e+05 -1.080238051060725411e+05 -8.892175971285860578e+04 3.420733204772839963e+04 -8.522045562613777292e+04 1.189355119476149266e+05 5.609366377027107956e+04 -6.128442783604296710e+04 -1.256058016216768010e+04 -1.711847937386916328e+03 -2.492295863651121181e+04 -3.210250919393021104e+04 -2.677231496072944719e+04 -1.359642578084803063e+04 -1.879250393093734965e+04 -5.031073211707182054e+03 -3.750851081428140606e+04 1.426030353165290762e+04 -1.795029633098850172e+04 3.439348018903731372e+03 -4.504785040759573894e+04 -2.578298774174902428e+04 -2.107343434227851321e+04 7.215846788727891445e+07 1.637599782116821781e+07 -3.072511086335805710e+06 -1.077947572171825916e+06 -6.204214675263061654e+05 8.128697948640506947e+05 7.683685661802307004e+05 -7.622025637159997132e+05 -2.397729409646467248e+05 2.266836252125644387e+04 2.138488446625634388e+05 -2.182436112966481305e+05 6.603262250220926944e+04 9.907392457989478135e+04 -1.221605138234348706e+05 -1.617412782101883522e+03 9.792272765249630902e+04 1.917484115068131359e+05 -1.123969031619734778e+04 -7.545898801416068454e+04 -6.669501596234363387e+04 -5.107349176233285107e+04 4.805454511665458267e+04 9.048172002274345141e+04 3.424866349515738693e+04 1.701074610044515430e+04 3.633662078928208939e+04 -3.595485913855513354e+04 -7.006835326424575214e+03 -2.454484207613983381e+04
2.225879035033551231e+07 4.362200126490116864e+07 7.524636083706482314e+06 9.102038281307118014e+05 1.062665529943867587e+06 2.011387786432200810e+05 3.080379640179616981e+05 -1.987013025843901778e+04 1.348673290906946931e+05 1.714517731117665826e+05 7.572692111870036751e+04 1.193884063773109810e+05 1.189193478641504189e+05 7.594980162510946684e+04 8.298259969698541681e+04 4.362742154666549322e+04 2.083262995178863639e+04 5.872994650571008606e+03 6.671437137351094862e+04 5.807561059246219520e+04 3.132157618217379786e+04 7.699837706299449565e+03 7.213239969322432444e+03 2.748190147806541518e+03 2.001506061706880064e+04 1.813836332211205809e+04 1.215793681123370698e+04 2.959437129743182140e+03 -2.556349748386725423e+03 3.117044746023098924e+04 2.400979418560735509e+07 5.446181575225660205e+07 5.272386400959717110e+06 2.400001044308869750e+05 6.755022678819150897e+05 -1.746789892808963486e+05 -3.122587606980768614e+05 -2.918985364460366327e+04 2.100119118243840639e+05 4.255033258260945440e+05 2.844042809038348496e+05 1.700302437499463267e+05 1.321157112222185824e+05 1.452281408785267849e+05 5.186755145649322367e+04 -9.037039998434968311e+02 2.400819297719193855e+04 1.342858002665730965e+04 1.071389061112421332e+05 9.007305537170714524e+04 1.308247392902166757e+04 -2.915734618818849049e+04 -1.082652002123793318e+04 3.866282304243649560e+04 3.052892260025803625e+04 2.822453522857002554e+03 6.760617568518396183e+03 -5.009210126484202920e+04 -3.696285949072005315e+04 3.452552600097698451e+04
-2.889178202666625657e+04 7.524636083706482314e+06 1.523483242806513794e+07 3.794253210645393934e+06 9.627764540886492468e+05 1.690016196436746977e+05 4.743707080726929416e+04 1.577536012495718023e+05 1.500011237669517868e+05 2.066078740084521996e+05 6.042909140653811482e+04 1.066952401821227249e+05 4.572743983065252542e+04 2.301312508574943786e+04 7.429142341781356663e+04 4.039395029724496271e+04 2.387355727949462744e+04 3.440728377230482874e+04 8.421539026857904901e+03 -6.823191679855317489e+03 6.874814164588428866e+03 1.812578170639891687e+04 3.243369191174166644e+03 1.115471316242923785e+04 3.459411410135146525e+03 5.127002716729638450e+03 5.991798914632805690e+02 1.767739619520996712e+04 1.331906537446932271e+04 6.000954546795682290e+03 -2.204107133289990015e+06 9.292832659313507378e+06 2.116955921056565270e+07 4.320546758709179237e+06 7.619687758738874691e+05 -3.702576828136482509e+05 -5.595332846992411214e+04 4.565483575966738863e+05 4.447095709060704685e+05 3.971396151009128662e+05 9.486613987839265610e+04 2.133287161012468277e+05 4.707991037991750636e+04 7.795945452522260894e+04 2.106693439634654787e+05 2.440110823154693571e+04 3.682094820678811811e+04 8.851246503361535724e+04 2.054531704676084701e+04 1.232085001506321532e+04 2.018914637635988402e+04 2.415978477961585304e+04 -3.453122141650509730e+04 -2.376941119830392199e+04 -2.136200680171761269e+04 7.524402142682008162e+03 -4.135560780213830185e+03 -2.595772055493858716e+04 -1.592856742780256127e+03 9.335945006006595577e+02
1.696585320023348322e+05 9.102038281307118014e+05 3.794253210645393934e+06 7.109548626975700259e+06 1.313916605517062824e+06 -1.596861765780122369e+04 5.436212676946468127e+04 5.013792086653046863e+04 6.494558605330039427e+04 9.402078891274804482e+04 4.717324282389796281e+03 3.495390252485455858e+04 1.896779104470214952e+04 2.458098782499492518e+04 2.778449393529328154e+04 3.602491489637461655e+03 1.722656665134395735e+04 3.410429000653547700e+04 6.883978515953511305e+03 9.147351218674808479e+03 2.020740780682513287e+04 1.184859023050413816e+04 -3.077703654626938260e+03 -2.035827319628045871e+03 -6.681137613360233445e+03 6.370147533693869264e+03 1.260161095858449698e+03 1.219833479450717277e+04 8.736710538700906909e+03 5.372220274115801658e+03 -1.463331128553700168e+06 5.024292434407615801e+05 5.242462682324584574e+06 1.032088340948449448e+07 6.953830185560291866e+05 -5.832413894515899010e+05 -1.736644856724357669e+04 1.027811180022961926e+05 1.173066936226839171e+05 2.326363245129359420e+05 -1.584970749098541637e+04 7.536492745967437804e+04 1.697453447292027340e+04 9.651997835629568726e+04 6.629241542801393371e+04 4.670516152045923263e+03 1.084212302966262905e+04 6.236036335237577441e+04 3.980453271278079046e+04 4.210223802636080654e+04 3.349006373642492690e+04 2.373656419842129253e+03 -3.084111838219715719e+04 -8.108728657414243571e+03 -3.613727471307949145e+03 6.485614077956938672e+03 -9.847685513205708048e+03 -1.553187869658113959e+04 -2.585504629577976175e+03 6.001318948404752518e+03
2.023056933814178410e+04 1.062665529943867587e+06 9.627764540886492468e+05 1.313916605517062824e+06 2.746173125837723259e+06 6.697806475137087982e+05 1.672048350440542854e+05 9.376915478400896245e+04 -3.145014821447111444e+03 3.637319888240313617e+02 1.435372220225721867e+04 2.140415011370131106e+04 9.349535073275732429e+03 2.989212035412487603e+04 2.697011739275215223e+04 1.574205214328538204e+04 1.531754795936720620e+04 1.630417007313683644e+04 1.298211516686368668e+04 4.374958808753285666e+03 4.715613590483243570e+03 7.754264402157461518e+03 2.363975254346042220e+03 -1.549274070528849506e+03 3.090738941411062569e+03 6.605718343419363919e+03 1.159646152584398260e+04 1.055137140178411028e+04 3.305314418637222502e+02 3.633344130757941457e+03 -1.964765333786181174e+06 6.343723880981112598e+05 1.266182869094874710e+06 2.175429013356322423e+06 4.279539563772631809e+06 7.181501234795355704e+05 -8.982449184989034256e+04 1.876143963387999393e+05 -3.643721170153262210e+04 3.615897571053299180e+04 3.371982719613945847e+03 2.881877421968183990e+04 4.966377845978987352e+03 4.057426631864237424e+04 3.178283189322990438e+04 1.980490200105598205e+03 3.378085302583901012e+03 6.971890751269256725e+02 1.601379438067764931e+04 1.654533547524871028e+04 2.349589204123245145e+04 2.734378481594839468e+04 9.759427489041247554e+02 -1.377723951282558119e+04 2.537266778409368271e+03 1.333449095036956714e+04 1.247828236181520515e+04 9.713203121838712832e+03 -3.422734330575987656e+02 1.592951022558821751e+04
2.793474172841632972e+05 2.011387786432200810e+05 1.690016196436746977e+05 -1.596861765780122369e+04 6.697806475137087982e+05 1.549294291566170985e+06 3.611574441786784446e+05 6.406419720204610348e+04 1.504331666597703770e+04 8.272528388484626021e+02 1.268570838600561274e+03 4.089907960418938728e+03 7.774847490823810404e+03 2.977973829190869583e+04 2.254177280271615018e+04 1.956369780616374919e+04 5.248549847414175929e+03 1.460731471025908377e+03 5.547301616808479594e+03 4.330286190840360177e+03 3.682153780865761746e+03 6.802963187126294542e+03 5.048927714733261382e+03 -5.105893225403793622e+03 -3.301236379213348300e+03 3.903455421034184383e+03 3.792080940795503011e+03 1.941295667559510093e+03 -4.258788727274361008e+03 9.339012858217831763e+02 3.271841547243676032e+05 -8.106583470546233002e+04 3.317024657871228992e+05 -6.597221947333311255e+04 1.187829334236037685e+06 2.646571627760273404e+06 3.574607987882526359e+05 2.186673243372401703e+04 1.530190822601819673e+04 1.385081756763846442e+03 1.643591051536512168e+04 2.104993148680150625e+04 1.795099397441539259e+04 5.705517805394753668e+04 4.536295427408395335e+04 3.470200271118296223e+04 4.698057641513169983e+03 5.151936060338293828e+03 1.505173115975687688e+04 6.412651062187467687e+03 2.402559798612600389e+03 7.546615196088006314e+02 9.198743024547040477e+03 -7.498234677329405713e+03 -3.282078501965796931e+03 -1.134428738726833899e+03 1.282052472209895495e+04 7.083395819061753173e+03 -3.513178473693228625e+03 2.988891626213436211e+03
3.248225727414346766e+05 3.080379640179616981e+05 4.743707080726929416e+04 5.436212676946468127e+04 1.672048350440542854e+05 3.611574441786784446e+05 8.264357749329827493e+05 2.162304887128886767e+05 3.041648913045439622e+04 2.027659095733908180e+04 -5.670037406875077977e+03 2.269827043850499831e+04 5.630253850180284644e+03 5.335725265503437186e+03 1.350452281802105608e+04 5.888179378472643293e+03 6.263628036449492356e+03 -2.147163704289752332e+03 5.800958223857687699e+03 4.453143909433502813e+03 6.646585001357018882e+03 6.934818008891390491e+03 4.272106455889293102e+03 2.233915116611367750e+02 3.370003524107714384e+03 2.847671471853990624e+03 1.620034819397053752e+03 2.889750969975573753e+03 3.121149523728183794e+01 2.513553620722259438e+03 7.647840344810388051e+05 -3.943003554552985588e+04 -2.255398571587876650e+05 -1.237267784046537708e+05 1.929271078722618404e+05 5.706691914413319901e+05 1.333040350437907502e+06 2.822990290612277458e+05 2.322033260151299692e+04 2.908226426897283818e+04 -6.175007318596582309e+02 1.812738341810476777e+04 -2.087603779027162454e+04 7.561974326113805546e+03 3.914373771631214913e+04 2.966734092920459079e+04 1.781383517471368032e+04 -2.658778708341847505e+03 9.066102358069783804e+03 1.000634589105625855e+04 2.232906152782551601e+02 8.093063761274008357e+03 8.680158842416383777e+03 -7.392462258186701547e+03 -8.883484657352870272e+03 1.653132835212371447e+03 -3.352224398989805650e+03 7.058325551591177828e+03 2.303663660916127810e+03 1.727499000533344997e+02
-4.250974935199195752e+05 -1.987013025843901778e+04 1.577536012495718023e+05 5.013792086653046863e+04 9.376915478400896245e+04 6.406419720204610348e+04 2.162304887128886767e+05 5.020692515133240377e+05 1.288178511082908808e+05 2.952232523609999043e+04 3.835076986681646645e+02 2.183844982001427707e+04 6.857620637382896348e+03 6.215957969452719226e+03 7.528066805575966100e+03 6.042665556023352110e+03 8.179212761365558436e+03 2.289112462427625815e+03 3.012366227284631350e+03 6.325292777382967870e+03 5.207616322263809707e+03 3.075625156725539000e+03 6.337226795071508604e+03 5.467018760268685583e+03 4.143273677506073000e+03 3.127122751880418491e+03 5.918838728625437398e+02 3.678384566870957769e+03 3.562022361265304426e+03 3.398715130971765120e+03 -3.120304406587000703e+05 7.306687825408240315e+04 1.611297313475913543e+05 1.957848939739255729e+04 3.382426578501334734e+04 -2.777383186092366941e+03 3.091364015575335943e+05 7.926948029055185616e+05 1.726758719316608040e+05 2.208511190396514576e+04 3.830828796149765367e+03 3.151710870696880738e+04 3.692778186844099764e+03 1.666981533470273280e+04 2.132080650643879926e+04 7.809548348833227465e+03 6.913070509600544028e+03 -3.177720233935297074e+02 1.247452367938996758e+04 1.438205245153560281e+04 1.153776724551770712e+03 -2.087519728119952561e+03 1.021524225774582374e+04 7.596970377419224860e+03 -2.959654457692465257e+03 2.219621351803437392e+03 -2.079563914250458311e+03 1.767371533774835825e+03 -3.403238647488492006e+03 -2.115525491647023955e+03
-1.080238051060725411e+05 1.348673290906946931e+05 1.500011237669517868e+05 6.494558605330039427e+04 -3.145014821447111444e+03 1.504331666597703770e+04 3.041648913045439622e+04 1.288178511082908808e+05 3.142606318391718669e+05 9.354997165428116568e+04 1.718887569612522566e+04 6.196099421230153894e+03 5.600612832228358457e+03 4.651108249063509902e+03 8.138930857044102595e+03 3.728219694844177866e+03 6.197157028269898547e+03 6.157882706195671290e+02 1.054221851489282017e+03 4.073930149902748326e+03 6.156538057085321043e+02 1.651483446017557981e+03 3.049292134193447055e+03 2.268443823288333078e+03 2.418835723908613545e+03 5.333342561885616107e+01 1.508853891453857159e+03 1.700192055999895274e+03 8.246719997202335435e+02 3.149038455725689346e+03 -2.788468591251251928e+04 2.771282978531828849e+05 1.016880551581379259e+05 4.186976725791041827e+04 -2.860264500045336899e+04 1.378570907210378027e+04 3.100483237467007348e+04 2.179930543622972909e+05 4.926232320106275147e+05 9.889629938476401730e+04 5.066793987200905576e+03 3.043606558720914109e+03 -4.621112645154593338e+03 -2.326744224709756054e+03 2.189126035464750021e+04 6.992929495443841006e+03 9.338449359625708894e+03 -5.583612851960404441e+03 5.417076063756874646e+03 5.579913188789713786e+03 -5.456688868083407442e+02 2.088171077636884547e+03 9.851620732484416294e+03 -1.755544687034852132e+03 9.431635274766143766e+02 8.151663734197551321e+02 -7.362014133465203258e+02 5.872589317401190101e+02 -1.308890743611434118e+03 5.500013661219997630e+03
-8.892175971285860578e+04 1.714517731117665826e+05 2.066078740084521996e+05 9.402078891274804482e+04 3.637319888240313617e+02 8.272528388484626021e+02 2.027659095733908180e+04 2.952232523609999043e+04 9.354997165428116568e+04 1.972032703630774340e+05 4.783654713318614085e+04 1.126462644050050585e+04 7.143482840122864218e+03 5.885426931819558376e+03 3.809818170658039435e+03 5.255216276389820450e+03 8.314458981026791662e+03 6.148831321847904292e+03 4.094411693702539196e+03 3.735040982163998706e+03 1.348923739314775958e+03 3.387940637495366900e+03 2.521820735371534738e+03 9.739324477885480746e+02 1.389470811864948246e+03 7.951313200196242406e+02 1.574632616527929031e+03 2.013829114156937067e+03 -6.491013889011275069e+02 1.442395223287819135e+03 -2.775794709847356717e+04 3.634565842413398786e+05 3.041121933126896620e+05 9.944531271709873181e+03 2.842498741973251072e+03 1.273817166079815797e+04 6.333364871213969309e+04 5.670064816236375191e+04 1.531886575068900420e+05 2.826006334537502844e+05 3.994237301463781478e+04 2.903361712985100439e+03 4.605324501930708720e+03 -1.146073593269796760e+02 9.262829097399457169e+03 7.651919054567441890e+03 9.988267124540090663e+03 5.958188415338600862e+03 4.792826994256419312e+03 6.989253522585349856e+03 6.346076637560211566e+03 5.693434474557578142e+03 6.933569602721645424e+03 2.566780487580398130e+03 1.190509762378650748e+03 7.507474844168980326e+02 -4.601211433467115626e+02 -1.208513024191938484e+03 -2.106068468197991479e+03 3.096292602610401445e+03
3.420733204772839963e+04 7.572692111870036751e+04 6.042909140653811482e+04 4.717324282389796281e+03 1.435372220225721867e+04 1.268570838600561274e+03 -5.670037406875077977e+03 3.835076986681646645e+02 1.718887569612522566e+04 4.783654713318614085e+04 1.298306984889846499e+05 3.471898925573482848e+04 3.834772798108855113e+03 3.522862342017222545e+03 4.378228338033793989e+03 2.350450254551490161e+03 3.783061804302077689e+03 3.655843054491064322e+03 1.695610713552506922e+03 3.890075192126149886e+03 2.528682980336039236e+03 2.865139789906023111e+02 8.694282269487722488e+02 8.842911236975066913e+02 1.075237693996278495e+03 1.674525180765933101e+03 1.532625002091355782e+03 1.101800679088845072e+03 2.362424993140168226e+03 2.981814094830630438e+03 2.028945427849105909e+05 2.391608315317312954e+05 1.472328064927645610e+05 -1.796150542426110042e+04 9.210894580846159079e+04 2.319513283399084685e+04 -2.972480583802119509e+04 8.698380766341670096e+03 1.875140953902099136e+04 7.468763156346486358e+04 2.003063338759592152e+05 4.317238549245805916e+04 8.243656880784641316e+02 -7.123552162515014970e+03 2.068290763943326965e+03 1.370618353752318626e+03 4.640499492968328013e+03 5.002896779309567137e+03 -2.599317924207664987e+02 3.848999662660079593e+03 3.048781903611903999e+03 7.403598079951733553e+02 6.767357216479861108e+02 5.873503280404250972e+02 4.092849424410310917e+02 -1.281509782888733525e+03 -2.291947885004944965e+03 -7.156782919797396971e+02 4.383722010562811192e+03 6.521188859648518701e+03
-8.522045562613777292e+04 1.193884063773109810e+05 1.066952401821227249e+05 3.495390252485455858e+04 2.140415011370131106e+04 4.089907960418938728e+03 2.269827043850499831e+04 2.183844982001427707e+04 6.196099421230153894e+03 1.126462644050050585e+04 3.471898925573482848e+04 9.627560088541866571e+04 2.893396999186332323e+04 3.933872581214236561e+03 2.783156817887895613e+03 3.507512340734982445e+03 4.497277416422504757e+03 1.836684685409079748e+03 1.794632380482273675e+03 1.838474408592514010e+03 1.985672410727819397e+03 1.339287282884436991e+03 1.752607686093713710e+03 1.753025584773326955e+03 1.470748505274718582e+03 1.374807619534496439e+02 5.979375423475866000e+02 1.311393920108851944e+03 1.075232866909272389e+03 1.992834447524022380e+03 2.529962417835979431e+04 2.896767617238626117e+05 1.788763245771405054e+05 5.505920158873580658e+04 2.602926094432873288e+04 -5.328390723304998573e+03 3.715763495458671241e+04 4.207238750344037544e+04 -4.338193798442052866e+03 1.528665247760207421e+04 5.282038917804161611e+04 1.522581581286167493e+05 4.449854720392629679e+04 6.817186428613784301e+03 7.876090389020540897e+03 1.765410026087431561e+03 3.817423880059962812e+03 1.238242117740396679e+03 -5.173003663313579636e+00 -1.398273045083974694e+03 8.153302128268235549e+01 1.957235397767955192e+03 1.151514851420890182e+03 1.864892612584269727e+03 2.887907693697880404e+03 -3.383163369954390021e+01 -9.304870464917688651e+02 1.744212587452815342e+02 6.318717804965509686e+02 1.283221472449094108e+03
1.189355119476149266e+05 1.189193478641504189e+05 4.572743983065252542e+04 1.896779104470214952e+04 9.349535073275732429e+03 7.774847490823810404e+03 5.630253850180284644e+03 6.857620637382896348e+03 5.600612832228358457e+03 7.143482840122864218e+03 3.834772798108855113e+03 2.893396999186332323e+04 7.034840955595335981e+04 1.702645657307172223e+04 2.036714774329946522e+03 2.725509359903685890e+03 1.988268152335595232e+03 1.383194494452068284e+02 1.345242334662822032e+03 5.786513569839681850e+02 1.100882113779776319e+03 1.459638324061635103e+03 5.005656166569398806e+02 4.202332659510979624e+02 5.013160028278546179e+02 3.611943944385595842e+02 7.620935180683363797e+02 1.085889645202167685e+03 2.115695494900092797e+02 4.241211898330156487e+02 1.091214440015845466e+05 2.907469091540243244e+05 1.616846573828022811e+05 3.111101607111897829e+04 1.318766383168012908e+04 -1.111437135807683080e+04 2.425563604875100282e+04 1.775534017800135553e+04 -1.024605450159368411e+04 8.361939943467956255e+03 5.734261493729370159e+03 5.047003947889600386e+04 1.095241963103407033e+05 1.608990312476234067e+04 -4.152386087985479207e+03 -1.482993730733883922e+03 -2.947184999156771028e+03 -2.451013361556171276e+03 -1.221370076200357062e+03 1.316333264522487298e+03 1.383656753905561345e+03 4.469846284953768532e+02 1.207213902551738329e+03 7.554441647262110564e+02 -3.666900550336157494e+02 -1.722751372495549504e+03 7.638271299899430460e+02 -5.809709727379516835e+02 -2.320743333603038991e+03 -7.084664091102454222e+02
5.609366377027107956e+04 7.594980162510946684e+04 2.301312508574943786e+04 2.458098782499492518e+04 2.989212035412487603e+04 2.977973829190869583e+04 5.335725265503437186e+03 6.215957969452719226e+03 4.651108249063509902e+03 5.885426931819558376e+03 3.522862342017222545e+03 3.933872581214236561e+03 1.702645657307172223e+04 5.528448857720073283e+04 1.676357005349985775e+04 4.490561449771937077e+03 1.204833380724538074e+03 1.980418210557797011e+03 2.821903471814612203e+03 2.732544533651390793e+03 7.042756601977180253e+02 1.217370253094306236e+03 1.895877892543387361e+03 3.526840543134225072e+02 8.306255059711836566e+02 7.138107454368174558e+02 1.142155898677088317e+03 7.390636930761901340e+02 3.714508872931401129e+02 3.374107696514411145e+02 1.165350428963818558e+05 1.112989834616867010e+05 9.602766660891943320e+04 4.008829380410500744e+04 4.016816172385514074e+04 3.297677266181805317e+04 1.005963173490784357e+04 9.943446294301727903e+03 3.481020202979478654e+03 4.233578248854346384e+03 -4.466399568394571361e+03 -5.499310296526284219e+03 1.838945298863853532e+04 7.936532700970447331e+04 1.573566048122934808e+04 -3.467223711318813912e+03 -3.140648418214746926e+03 -4.901627037659350208e+02 1.062847680113528526e+02 2.806994499551275567e+03 -8.617977606837157509e+02 -1.398188221875812133e+03 1.594667517981234141e+03 1.045937774477643870e+03 1.448649522213103637e+03 1.248861187459851294e+02 1.355999774247257392e+03 3.186271959778877658e+02 -1.699041914072688769e+03 -1.342607938994401366e+03
-6.128442783604296710e+04 8.298259969698541681e+04 7.429142341781356663e+04 2.778449393529328154e+04 2.697011739275215223e+04 2.254177280271615018e+04 1.350452281802105608e+04 7.528066805575966100e+03 8.138930857044102595e+03 3.809818170658039435e+03 4.378228338033793989e+03 2.783156817887895613e+03 2.036714774329946522e+03 1.676357005349985775e+04 3.960388382343295962e+04 9.407991316913898117e+03 3.114510728494423347e+03 1.603108118756793829e+03 1.598248176929934743e+03 2.313193171088931649e+03 1.959328723300210640e+03 2.372765736141206162e+03 1.786476658844951999e+03 1.473424466916600522e+03 2.674284502474681062e+02 1.808766240098992171e+02 1.749785865220103233e+03 9.384753658412412278e+02 3.910784341960886081e+02 7.550240784705217720e+02 -1.074772374120603672e+04 1.828936865157258871e+05 9.201286234784805856e+04 1.091092367666372411e+04 2.284358347487661376e+04 3.023807074062349056e+04 1.896449559101877458e+04 2.922225267297629216e+03 5.637756155683431643e+03 -2.354931791432700265e+03 3.780708653561592655e+03 4.567926362897571380e+03 -1.951686618830341331e+03 2.198847529992875934e+04 5.629319206314357871e+04 4.524516631131874419e+03 -2.125879619538704901e+03 -3.495963829546649322e+03 -1.276470855276278371e+03 2.176579482299950996e+03 1.147104170696919482e+03 1.553340108704355544e+03 8.569953851633209752e+02 2.307702748512502239e+03 2.081663548362134861e+02 -1.118843701526991936e+03 1.981655231630731350e+03 -4.217916696662134655e+02 -2.979141034445084415e+02 4.692950162957963016e+02
-1.256058016216768010e+04 4.362742154666549322e+04 4.039395029724496271e+04 3.602491489637461655e+03 1.574205214328538204e+04 1.956369780616374919e+04 5.888179378472643293e+03 6.042665556023352110e+03 3.728219694844177866e+03 5.255216276389820450e+03 2.350450254551490161e+03 3.507512340734982445e+03 2.725509359903685890e+03 4.490561449771937077e+03 9.407991316913898117e+03 3.336127952664408076e+04 1.022974377814993386e+04 1.987509111536336604e+03 2.547139826429107870e+03 1.880733251729923495e+03 1.587884150568830819e+03 1.610127661462924607e+03 1.313103290987947503e+03 1.185220688101889664e+03 1.315142241715114778e+03 6.045626575952107942e+02 1.298852836392745075e+03 8.281761834682515655e+02 3.458630954228620453e+02 2.526475201783947568e+02 -5.371307549263744295e+04 1.260263827821397863e+05 -1.019798332080789442e+04 -3.533339256947024114e+04 3.833693146081530813e+03 5.699314986686045813e+03 3.244573799149442038e+03 1.006713729766407960e+04 7.116739845997150951e+03 3.925962145354380482e+03 1.567679774070890517e+03 4.218457696037501591e+03 1.893627762509190234e+03 6.824477788392197908e+03 1.326902362575340885e+04 4.867830392753256456e+04 1.175760110162394267e+04 -1.423781165827309451e+03 3.641959425339734025e+03 3.575564848888219785e+03 3.340975097330031076e+03 1.117825429838111631e+03 2.202458322779300033e+03 7.339430103068576727e+02 1.931434823924800412e+03 3.753655869860257610e+01 1.305479994781257574e+03 1.747411689091088874e+03 3.576485796204872258e+02 7.362065638802755529e+02
-1.711847937386916328e+03 2.083262995178863639e+04 2.387355727949462744e+04 1.722656665134395735e+04 1.531754795936720620e+04 5.248549847414175929e+03 6.263628036449492356e+03 8.179212761365558436e+03 6.197157028269898547e+03 8.314458981026791662e+03 3.783061804302077689e+03 4.497277416422504757e+03 1.988268152335595232e+03 1.204833380724538074e+03 3.114510728494423347e+03 1.022974377814993386e+04 2.694253759112488842e+04 7.409493039837576362e+03 3.413276766715314352e+03 2.157513072617124635e+03 1.734871647743933636e+03 1.596890825134035367e+03 1.527187478641276357e+03 1.179096735798373629e+03 9.849069816435224993e+02 1.543419032924377916e+03 1.388639041856870790e+03 8.945000579313734761e+02 5.475001952013649316e+02 3.016272054129019011e+02 -1.110285260338137414e+04 1.271593740783138637e+05 2.495676402158028577e+04 -2.167625351582251824e+04 1.252600474493808179e+04 -8.756605896354942615e+02 1.105117237146470325e+04 1.251753029333974155e+04 8.124172996258649619e+03 7.466838588260639881e+03 8.541953202033153502e+03 1.098072630294962801e+04 3.597207139590627207e+02 -1.537781957343493332e+03 7.781335755716670064e+03 1.421255674014102806e+04 3.912271895174524252e+04 7.611109556076192348e+03 3.881988720619813648e+03 2.967891957227937837e+03 3.368944143793529292e+03 2.438284886719469341e+03 2.244612963475493871e+03 1.490083214458961493e+03 8.670717761861101280e+02 2.258147404374695725e+03 1.866502760750373227e+03 1.890903631827399067e+02 1.158545411496974566e+03 8.499147075927826336e+02
-2.492295863651121181e+04 5.872994650571008606e+03 3.440728377230482874e+04 3.410429000653547700e+04 1.630417007313683644e+04 1.460731471025908377e+03 -2.147163704289752332e+03 2.289112462427625815e+03 6.157882706195671290e+02 6.148831321847904292e+03 3.655843054491064322e+03 1.836684685409079748e+03 1.383194494452068284e+02 1.980418210557797011e+03 1.603108118756793829e+03 1.987509111536336604e+03 7.409493039837576362e+03 2.075571095690629591e+04 7.098355238103774354e+03 1.732852181313587380e+03 2.017373704851871253e+03 1.612832405336784859e+03 1.446161036730196429e+03 9.281814157103325442e+02 3.037520700236418634e+02 7.435595105240663543e+02 1.293138031402935667e+03 6.714391308110962200e+02 8.143737119022111983e+02 4.445976131045694615e+02 -7.742142439254232158e+04 6.505478746145459445e+04 6.992873036563349888e+04 4.924629583299745718e+04 4.516443317385050250e+03 -2.199983026990784492e+04 -3.957090719901963894e+03 9.804103924225937590e+03 4.228152599790441855e+03 8.148070491741012120e+03 8.629328640977097166e+03 1.065083999358032543e+03 -2.618587177254700691e+03 3.942840805442073815e+03 6.132986502615735844e+02 1.275414320679624552e+03 9.471471392496350745e+03 2.901425337367125394e+04 9.514075620058438290e+03 2.055119259245703233e+03 1.232192287367925246e+03 1.315239982885799918e+03 1.163740309969193959e+03 4.350453619454863201e+02 -6.369767762325066087e+02 5.785493233341447876e+02 1.820834551351267237e+03 -7.260878538909250324e+01 1.952019993246671902e+03 6.393122052868001219e+02
-3.210250919393021104e+04 6.671437137351094862e+04 8.421539026857904901e+03 6.883978515953511305e+03 1.298211516686368668e+04 5.547301616808479594e+03 5.800958223857687699e+03 3.012366227284631350e+03 1.054221851489282017e+03 4.094411693702539196e+03 1.695610713552506922e+03 1.794632380482273675e+03 1.345242334662822032e+03 2.821903471814612203e+03 1.598248176929934743e+03 2.547139826429107870e+03 3.413276766715314352e+03 7.098355238103774354e+03 1.770760163397228098e+04 5.544258573063468248e+03 1.830724830814665211e+03 1.168527892856375729e+03 1.501277022881528637e+03 1.199911716810778898e+03 7.176557471685428027e+02 3.627234461737063498e+02 1.147854625686647751e+03 5.134850977321895016e+02 1.753091880965632754e+02 4.533125645522015361e+02 8.110513078901309200e+03 9.543938968796200061e+04 1.834358079998170433e+04 2.366507504922070802e+04 1.719533883929867079e+04 -1.089762783713175304e+04 -4.819513095332244120e+03 1.038662045691305866e+04 8.781283078055534133e+03 7.921486752629841249e+03 2.823959670276015459e+03 -8.761367496230766960e+01 -4.509284091995586436e+02 3.219817269580599373e+02 -2.013433789495918518e+03 2.597647387349891233e+03 3.059528035166062637e+03 6.298920152650799537e+03 2.388151118358208987e+04 6.402949489235320470e+03 1.077204984573794263e+03 1.602686580733566871e+03 1.091394282897159655e+03 1.097143296350052879e+03 6.150085573487771171e+02 -3.510114106272297363e+02 8.684747129681327351e+02 -3.525313938355169512e+02 -1.845556343570983060e+01 3.079622017121196791e+02
-2.677231496072944719e+04 5.807561059246219520e+04 -6.823191679855317489e+03 9.147351218674808479e+03 4.374958808753285666e+03 4.330286190840360177e+03 4.453143909433502813e+03 6.325292777382967870e+03 4.073930149902748326e+03 3.735040982163998706e+03 3.890075192126149886e+03 1.838474408592514010e+03 5.786513569839681850e+02 2.732544533651390793e+03 2.313193171088931649e+03 1.880733251729923495e+03 2.157513072617124635e+03 1.732852181313587380e+03 5.544258573063468248e+03 1.413912900152219117e+04 4.336804929235333475e+03 6.504050155998104401e+02 4.304652890252302768e+02 1.057584141216399985e+03 3.370480637066606846e+02 3.727833751609721844e+02 8.213876687427958814e+02 5.278482895774506005e+02 2.886483695191805054e+02 3.297286938873426720e+02 -1.135299969911642802e+04 3.084558120621848138e+04 -3.888710236013008398e+04 8.573400616264232667e+03 8.913256104569194349e+02 3.728211356807235433e+01 3.098561112764784411e+03 5.574258877637351361e+03 5.980873983844508075e+03 4.298900145623952994e+03 7.814948235248980382e+03 1.508886273771755668e+02 -3.180734413931149902e+03 2.170454563774575035e+03 3.768551821789314999e+02 1.203139081537771517e+03 2.908931263395878432e+03 -3.530849713580032585e+02 6.408411949463096789e+03 2.102658201669142363e+04 4.236403064484300558e+03 -2.993943836272178487e+02 -4.226181021027325073e+02 1.021627640475778520e+02 -4.996564458109840530e+02 4.621849058679096629e+02 1.026810031800637944e+03 -1.022724132962998880e+02 -9.639267318373364333e+02 -5.527508343231904746e+02
-1.359642578084803063e+04 3.132157618217379786e+04 6.874814164588428866e+03 2.020740780682513287e+04 4.715613590483243570e+03 3.682153780865761746e+03 6.646585001357018882e+03 5.207616322263809707e+03 6.156538057085321043e+02 1.348923739314775958e+03 2.528682980336039236e+03 1.985672410727819397e+03 1.100882113779776319e+03 7.042756601977180253e+02 1.959328723300210640e+03 1.587884150568830819e+03 1.734871647743933636e+03 2.017373704851871253e+03 1.830724830814665211e+03 4.336804929235333475e+03 1.151530440186799387e+04 3.650973442332225659e+03 7.816161216925173676e+02 7.950833075961726308e+02 5.469465687077024540e+02 7.946805443865135885e+02 7.929205841427716450e+02 4.014993653687188271e+02 6.829606851175781230e+02 2.785417883057895096e+02 8.647712708743472467e+04 1.125350812774377118e+04 -2.997932020972781538e+04 1.363428824183680445e+04 -1.302483078076338188e+03 -5.000230920387034530e+03 1.541068618813556532e+04 9.404965435648504354e+03 -3.997383441607489203e+03 3.073126212193210904e+03 4.198509716622930682e+03 2.345643284094879164e+03 4.545165989023574604e-01 -1.856884444241315805e+03 2.823148868313906860e+03 2.046594167476882831e+03 2.541382955995492011e+03 1.143978225302658757e+03 1.792689758583261437e+03 6.059497527231650565e+03 1.447796160790852809e+04 2.890021274059652569e+03 4.175173243848876723e+02 4.467208709133076354e+02 -6.669390875866312172e+02 1.558590331225199748e+02 -7.587608031533648045e+02 -1.280016483595931504e+03 2.093863984601630364e+02 -5.673520577257470876e+01
-1.879250393093734965e+04 7.699837706299449565e+03 1.812578170639891687e+04 1.184859023050413816e+04 7.754264402157461518e+03 6.802963187126294542e+03 6.934818008891390491e+03 3.075625156725539000e+03 1.651483446017557981e+03 3.387940637495366900e+03 2.865139789906023111e+02 1.339287282884436991e+03 1.459638324061635103e+03 1.217370253094306236e+03 2.372765736141206162e+03 1.610127661462924607e+03 1.596890825134035367e+03 1.612832405336784859e+03 1.168527892856375729e+03 6.504050155998104401e+02 3.650973442332225659e+03 1.070761000852147299e+04 3.115030613445588642e+03 6.360690467056722355e+02 1.541264996392406772e+02 7.046770963647064718e+02 7.494149795097156357e+02 3.872477222056864434e+02 1.975013307519578518e+02 3.692773028988296602e+01 3.899609986652659427e+04 1.259920828879217697e+04 1.124801921013946412e+04 -1.077559451921331674e+04 1.342873539911981243e+04 4.590973746487689823e+03 9.839237828850407823e+03 -8.357408133594019262e+01 5.876626634475791207e+02 4.902138301337541634e+03 -2.100430581246764177e+03 2.121567393144624475e+03 1.115234258513806935e+03 -6.571033402769336362e+02 4.368838354325213004e+03 2.570917129996981657e+03 2.694886067486002503e+03 2.241915351073204420e+03 3.243045989797174116e+02 4.179292662192384000e+02 4.702256855904953227e+03 1.514645305198490314e+04 3.403217531999665425e+03 8.415216231797298860e+02 -6.513122523582033807e+01 3.271220895207533772e+02 -2.673964039652802285e+02 -1.283527909617362184e+02 2.030182278405110807e+01 -2.075331634737283082e+02
-5.031073211707182054e+03 7.213239969322432444e+03 3.243369191174166644e+03 -3.077703654626938260e+03 2.363975254346042220e+03 5.048927714733261382e+03 4.272106455889293102e+03 6.337226795071508604e+03 3.049292134193447055e+03 2.521820735371534738e+03 8.694282269487722488e+02 1.752607686093713710e+03 5.005656166569398806e+02 1.895877892543387361e+03 1.786476658844951999e+03 1.313103290987947503e+03 1.527187478641276357e+03 1.446161036730196429e+03 1.501277022881528637e+03 4.304652890252302768e+02 7.816161216925173676e+02 3.115030613445588642e+03 8.962459829913717840e+03 2.712522148862647100e+03 4.531593111396088034e+02 5.000422883001238574e+02 5.127724812258514930e+02 6.545980120946065881e+02 3.219270908900655854e+02 6.176731833405282259e+02 1.511666580668460483e+04 4.952388403531535732e+04 2.527535451805462435e+04 -2.719165064504905240e+04 4.719221407532405465e+03 -4.254362756333702237e+03 1.910115047542036791e+03 1.340428330758396623e+04 4.079752968667206460e+03 1.621081525702234785e+03 -8.117402697106138021e+02 -2.738350623794545982e+02 -1.383231646742342036e+03 1.078577573921568728e+03 3.247105491220592285e+03 7.175956998921666354e+02 2.517283710625464209e+03 2.101554352821521206e+03 2.185793072344985376e+03 -4.450794710875471196e+02 1.032435647181515606e+03 4.185648219231743496e+03 1.248663549387997773e+04 3.101701236314128892e+03 1.154292996073289856e+01 4.104728539486466161e+02 4.849221793774935350e+02 5.957757170172269525e+02 -5.355447794318200749e+01 -2.167799411663945079e+02
-3.750851081428140606e+04 2.748190147806541518e+03 1.115471316242923785e+04 -2.035827319628045871e+03 -1.549274070528849506e+03 -5.105893225403793622e+03 2.233915116611367750e+02 5.467018760268685583e+03 2.268443823288333078e+03 9.739324477885480746e+02 8.842911236975066913e+02 1.753025584773326955e+03 4.202332659510979624e+02 3.526840543134225072e+02 1.473424466916600522e+03 1.185220688101889664e+03 1.179096735798373629e+03 9.281814157103325442e+02 1.199911716810778898e+03 1.057584141216399985e+03 7.950833075961726308e+02 6.360690467056722355e+02 2.712522148862647100e+03 8.227771508898891625e+03 2.796682305917469876e+03 5.595088472256458090e+02 8.027013958060846335e+02 5.764149683110288152e+02 3.410915839691502924e+02 5.279107561659986914e+02 -4.704877129117390723e+04 3.736193820678956399e+04 4.161506084700219799e+04 -6.275275577987623365e+03 3.519695753831209913e+03 -1.209776545615670329e+04 3.390327923439177539e+03 1.127751800033325890e+04 3.659917476484218923e+02 2.359046578925284393e+03 1.479337977626341399e+03 3.291266868703868113e+03 6.526917977465187732e+02 -1.120063060518306429e+03 3.036000526726288172e+03 9.055778571221248967e+02 5.822847434100093551e+02 -8.044272137425640494e+02 3.322248506046971670e+02 1.512053909581909920e+03 1.180564879611554488e+03 2.365135157036516773e+02 2.104519788938790043e+03 1.050188136937701893e+04 2.614672746957091022e+03 -6.312556769479155037e+02 -1.154690950807182190e+02 1.057864687312948718e+03 1.983453686460999421e+01 1.847552766431890063e+02
1.426030353165290762e+04 2.001506061706880064e+04 3.459411410135146525e+03 -6.681137613360233445e+03 3.090738941411062569e+03 -3.301236379213348300e+03 3.370003524107714384e+03 4.143273677506073000e+03 2.418835723908613545e+03 1.389470811864948246e+03 1.075237693996278495e+03 1.470748505274718582e+03 5.013160028278546179e+02 8.306255059711836566e+02 2.674284502474681062e+02 1.315142241715114778e+03 9.849069816435224993e+02 3.037520700236418634e+02 7.176557471685428027e+02 3.370480637066606846e+02 5.469465687077024540e+02 1.541264996392406772e+02 4.531593111396088034e+02 2.796682305917469876e+03 7.469881627947578636e+03 2.496592814080773678e+03 7.124882284461231166e+02 6.092553215940870359e+02 2.904984789305317463e+02 2.203225516280379850e+02 2.388345232650147591e+04 2.681223241637217507e+04 5.905862049268590681e+02 -2.382435726382833309e+04 2.295822617687504987e+02 -1.452472539871635126e+04 8.519154084728195812e+03 1.159187883754907489e+04 1.914480233548914384e+03 1.258044271214275568e+03 -8.693482678360131786e+02 1.723088937857823112e+03 7.849347212387542640e+02 -1.111715152670000407e+03 -1.186885102622946988e+03 2.510307455917699826e+03 1.743836324796882082e+03 -2.402093244568001467e+02 8.517882858966030426e+02 1.577417473164085550e+03 9.153934340215133716e+02 2.408839822422446986e+00 -1.988045339741167936e+02 2.749284880484012774e+03 1.004975653295441225e+04 2.998388624859010633e+03 5.570279180838178945e+02 7.823837504072270121e+02 3.391011858883354080e+02 9.006343816347238374e+01
-1.795029633098850172e+04 1.813836332211205809e+04 5.127002716729638450e+03 6.370147533693869264e+03 6.605718343419363919e+03 3.903455421034184383e+03 2.847671471853990624e+03 3.127122751880418491e+03 5.333342561885616107e+01 7.951313200196242406e+02 1.674525180765933101e+03 1.374807619534496439e+02 3.611943944385595842e+02 7.138107454368174558e+02 1.808766240098992171e+02 6.045626575952107942e+02 1.543419032924377916e+03 7.435595105240663543e+02 3.627234461737063498e+02 3.727833751609721844e+02 7.946805443865135885e+02 7.046770963647064718e+02 5.000422883001238574e+02 5.595088472256458090e+02 2.496592814080773678e+03 6.176097949391795737e+03 2.042538517734777543e+03 6.377108562806394048e+02 5.016601010507769161e+02 4.085648413522173996e+02 3.922663217798319124e+02 2.670289032764649164e+04 1.622410815494519011e+04 6.315419039004566315e+01 -4.388049480862554447e+03 -1.508913648310233953e+02 -2.523547353974029647e+03 7.120464988618058669e+03 -2.563134766545539151e+03 8.486384232600607902e+02 4.218686496444213844e+03 -1.081891899666026688e+02 2.601165133459207027e+03 -2.171211350510228613e+02 9.061047870682838266e+02 1.818371417601859321e+03 3.442693927203300518e+03 3.679374660425429511e+02 -2.824779552839714256e+02 1.942167741883913322e+03 4.421834171762739061e+02 1.225550928502709894e+03 2.917378381258288300e+02 1.339822800353703656e+02 2.646821660366094420e+03 8.345911674950024462e+03 2.206109464124375336e+03 1.859858202652532952e+02 -1.995823328174047617e+02 1.388566335090280006e+02
