1.030981437148769498e+09 3.326085808301092386e+08 1.730245285761693120e+07 7.606283642737858929e+06 2.162237344060705043e+06 1.031004721677486319e+06 6.191374876260175370e+05 1.804000926194832893e+06 1.212581540999342687e+06 -7.629138093533816282e+05 4.704282497573834844e+05 1.946201233751202002e+06 1.285372365076844115e+06 4.017736459811551031e+05 1.289587951409589965e+06 8.204968896007908043e+05 4.304670064146211371e+05 3.833246387330226717e+05 6.436576875198144699e+05 4.056172469074388500e+05 7.313933066190005047e+05 -2.516632270144258800e+05 -6.693002829291357193e+04 4.497187072677435935e+05 1.362501702608385531e+05 3.571183171743780258e+05 5.246565302792686452e+03 -8.520949171723226027e+04 3.036555660943937255e+05 -2.228556287179624487e+05 5.549063797652976513e+08 4.321676267004930377e+08 5.645643627226461470e+07 2.899514612924437225e+07 7.942164554404055700e+06 7.155500593790372834e+06 7.356665992752730846e+06 2.964886455653229728e+06 -1.674309978133236058e+06 -7.785891881578845903e+06 2.325447147518257145e+06 4.484259804957293905e+06 2.978533473074994981e+06 -1.568839616271201754e+06 2.161012062505434267e+06 2.014009543342256453e+06 2.315471223073639907e+06 1.867070211140175816e+06 1.344136443108824547e+06 -7.290621405011425959e+05 4.006811450128686847e+05 -1.041260574081749422e+06 -9.511037498737419955e+05 -1.571151555493448395e+05 -7.459017643457395025e+05 1.486696110101925733e+05 -4.541566280631455011e+05 -4.165303235013512312e+05 1.354627274211137847e+05 -9.883424321659469279e+05
3.326085808301092386e+08 5.205190610156946182e+08 1.118019139374377728e+08 2.306169539660361409e+07 6.771199367844094522e+06 3.887934226022575982e+06 1.634251372571354266e+06 3.237908904510963708e+06 1.845372987070038682e+06 1.054656829174252925e+06 4.048066395964904805e+05 1.210008664841335034e+06 1.063927954394539120e+06 1.069332769136516843e+06 1.122888512698666891e+06 6.936831441172641935e+05 5.413242659354464558e+04 -1.163559381389980554e+05 3.942825718428522232e+05 2.384425726042916940e+05 2.030089065807848237e+05 -1.872550263802250629e+04 5.254522744209330995e+05 5.001716595299629262e+05 4.078571302057962166e+05 1.239815368319013214e+05 1.240124915938456688e+05 4.171012349855170032e+04 1.388622789661222487e+05 1.347723620692661789e+05 2.094788414321791232e+08 5.276142717212406397e+08 1.669248454554350376e+08 5.447795929125875980e+07 1.099905369719888829e+07 4.606674252198044211e+06 7.498710538017566316e+06 5.782085936994088814e+06 2.891413375162190292e+06 3.620348419111376279e+05 1.838687870803619269e+06 2.312309789370906074e+06 6.392342152483884711e+05 4.646830939062034595e+05 1.422537993251881795e+06 -4.834037434731324320e+05 -1.220261639789976645e+06 5.395129536267584190e+05 1.095949574002075242e+06 1.331029201400231686e+05 2.267014499850627035e+05 4.056697500262314861e+04 5.646523497543091653e+05 2.448891864208617772e+05 1.000728743902320857e+05 -2.539490132122727227e+05 1.434552156508864427e+05 2.592384432462692348e+04 2.950372004096276360e+05 4.269798774348393781e+05
1.730245285761693120e+07 1.118019139374377728e+08 1.705247616872631311e+08 4.446778767511612177e+07 9.126089770357372239e+06 4.055229233697450254e+06 1.409434524215026759e+06 1.797497641798098804e+06 2.548889182414572686e+06 5.687429662658103043e+05 3.843147628417931846e+05 5.998469693515381077e+05 6.223873841238131281e+05 7.504100865656551905e+05 4.765721243657214800e+05 3.313807949831619626e+05 1.470746651616203308e+05 1.512345770309970248e+05 3.773283904722461011e+05 1.666250511526492774e+05 9.459916756157208874e+04 3.749945765000407118e+05 2.767310073367487639e+05 2.277012473748097254e+05 1.325533816764839867e+05 4.488256845978581987e+04 1.417003025153730123e+05 3.844471999709102238e+04 5.302943255971541657e+04 5.464605280055274488e+04 6.391444511236885563e+06 1.016613002924150527e+08 2.308891434637149870e+08 5.730772372789516300e+07 7.282401777144784108e+06 7.053540333425832912e+06 2.633887340904541314e+06 3.339097619945839979e+06 1.986113422021046281e+06 -1.246089283393343212e+06 -6.245746962125780992e+05 6.767927452782918699e+05 5.659503732488993555e+05 5.802855562619976699e+05 1.904301273965092550e+05 -7.740618174226463307e+05 -7.637346498212253209e+05 -1.862698892054099997e+05 8.791765531411961420e+05 1.282468729153721506e+05 7.870831562817911617e+04 5.696931997306103585e+05 2.729145807382952771e+05 6.592770370626120712e+04 1.828831044131903618e+05 1.737230311151710339e+05 1.860011457775146846e+04 -1.367795591558380984e+05 1.267011097186555708e+05 -3.430055049824923481e+04
7.606283642737858929e+06 2.306169539660361409e+07 4.446778767511612177e+07 6.631309643685003370e+07 2.028565851556592807e+07 4.627578707114046440e+06 1.314470814920542063e+06 1.118942131219689036e+06 1.731755889771969290e+06 1.067795493100677850e+06 1.072564007666292600e+06 4.795083180085503845e+05 5.798692274101428920e+05 4.061293914466243004e+05 2.983673171053453116e+05 4.551399099920009030e+05 2.819639714718510513e+05 2.182662910088917997e+05 4.547994465960083180e+05 1.487018996464862139e+05 1.449827063976078352e+05 2.629249320191706647e+05 2.049564934388812981e+05 1.249897046964362380e+05 1.219960019911117124e+05 9.446264157173305284e+04 7.787847845923692512e+04 6.818292605031545099e+04 5.431730317713071418e+04 -2.741841379641094682e+04 6.170560944968369789e+06 1.687004439849900454e+07 6.703313950083844364e+07 8.684497402760665119e+07 2.665902602766906843e+07 4.614616962547559291e+06 1.359399929491774412e+06 2.292413628233018797e+06 1.765801138435943983e+06 3.394068784228193690e+05 9.000894968935750658e+05 1.370487418565165717e+06 8.631397583195587504e+04 2.968135459721765437e+04 -1.064646349329301593e+05 9.692625347776974377e+04 2.033556383319201123e+05 -2.405434272219835839e+05 6.519691636808509938e+05 5.302728684050759330e+04 2.735237198913037428e+05 3.004404734699844848e+05 9.771826179267044063e+04 2.782033472985030676e+04 3.124621911886827365e+04 2.526618332386747643e+05 1.041776154451329348e+05 4.544088513083547150e+04 1.180888643147453113e+05 -8.673294144341604260e+04
2.162237344060705043e+06 6.771199367844094522e+06 9.126089770357372239e+06 2.028565851556592807e+07 3.009667261148217693e+07 8.425097148474290967e+06 1.350011859285998624e+06 6.279086973367058672e+05 1.053999182136059506e+06 8.200116515527411830e+05 7.188091933521372266e+05 2.316796515541805420e+05 3.356522824521271395e+05 2.033846774969923135e+05 3.158697367535572848e+05 2.266143259888256725e+05 1.789804797783075483e+05 2.024699581532969023e+05 2.650441179005450686e+05 1.821846899416123924e+05 1.077857087681599514e+05 1.092942310122666531e+05 8.606292888756681350e+04 1.160884462410270935e+05 8.508041646820330061e+04 7.218595573525440705e+04 1.044200759657825402e+05 9.460977456173820246e+04 3.912891325854208844e+04 1.948593195548446238e+04 4.066115373754989821e+06 6.868999935980335809e+06 1.035852517199175060e+07 2.557512669616351277e+07 3.947595912693887204e+07 1.142060994640098140e+07 3.004341135821527336e+06 2.452094568384226877e+06 1.541927646720514866e+06 1.000177440334240324e+06 1.430735883936240571e+06 8.509343760148960864e+05 -4.285609492544573004e+04 -8.697726223671462503e+04 3.466671030435447465e+05 9.157829431074518652e+04 2.942247560775155434e+05 1.368363944752655516e+05 2.862224837739132345e+05 2.225936069972979312e+05 8.665613312341312121e+04 1.164291970005554031e+05 -1.428922494521074987e+05 -2.839979939670977183e+04 1.457405317268537692e+04 1.447212908370604855e+05 1.724548121341028309e+05 2.079697673068286895e+04 6.938823300810941146e+04 -3.238610934237875699e+04
1.031004721677486319e+06 3.887934226022575982e+06 4.055229233697450254e+06 4.627578707114046440e+06 8.425097148474290967e+06 1.431585834713416174e+07 4.330488755181164481e+06 1.072217385803106008e+06 6.812675859413922299e+05 5.989131958100874908e+05 3.987978519258514862e+05 2.757131862083058222e+05 2.420996639301230316e+05 3.729482990957517759e+05 3.339983010670524673e+05 2.569608734282959776e+05 2.087958619515559985e+05 2.202917908655392530e+05 2.220572134095322399e+05 1.421518194173219381e+05 1.249010423506110528e+05 2.894251480323146461e+04 3.503825357346666715e+04 1.137680766370930360e+05 5.352921503604714962e+04 -7.429681746088003820e+03 8.126280943439355724e+03 9.259965119136069916e+03 -7.940479034484234262e+02 1.402380035632299223e+04 1.183319926671438385e+06 -1.175173109010353219e+06 -7.884679719142216491e+05 2.772012771371787880e+06 1.137322786894202977e+07 2.103397856667158380e+07 6.885981733184365556e+06 2.377580781210629269e+06 8.481738026122290175e+05 1.282893319551605266e+06 9.570863415430155583e+05 4.789051599269661820e+05 3.430661116993494797e+05 3.811172171685996582e+05 6.582835646042663138e+05 4.081735059630597243e+05 3.112164637963463319e+05 3.222184029153540032e+05 3.343889901964206365e+05 2.485214654396545666e+05 2.484211185451448837e+05 9.177188333715636691e+04 3.481707524281291990e+04 1.587927466136466537e+05 5.159638470541364768e+03 -1.675746771945292858e+04 6.962314745886161109e+04 4.200298060115017142e+04 7.388234204342453449e+04 7.199488630163554626e+04
6.191374876260175370e+05 1.634251372571354266e+06 1.409434524215026759e+06 1.314470814920542063e+06 1.350011859285998624e+06 4.330488755181164481e+06 8.537447916467206553e+06 2.647846944135004655e+06 3.829654692201046855e+05 3.739140956025943742e+05 4.766339070505812997e+05 3.782787743587964214e+05 1.576257633453917806e+05 2.984574819545405917e+05 1.981457751958993613e+05 1.429760605157309910e+05 1.734475969562879473e+05 9.353046828131725488e+04 1.221659643254995754e+05 1.510347562323680904e+05 1.281881386373455607e+05 3.485483107861541066e+04 2.717735403046995270e+04 4.297386482615800196e+04 3.438181299637574557e+04 4.254986991889077763e+04 5.559318824661902909e+04 4.820655868303674652e+04 4.233422033517530508e+04 2.010488046950263015e+04 -2.625988278749407735e+06 -3.423420299931053072e+06 -2.353424503869782202e+06 1.010577437813533354e+06 2.348987328490340617e+06 6.859762142771670595e+06 1.190231924754898623e+07 3.818639134118984919e+06 3.383156137440906023e+05 5.630906831543925218e+05 1.035252988676524954e+06 7.790141300869944971e+05 3.753134248582414002e+05 3.720091920983600430e+05 5.122004064446975244e+05 4.136592953559007728e+05 1.579500971661190852e+05 1.779004584444961802e+05 1.974223938956177153e+05 1.535358933627634542e+05 1.906285108645537985e+05 9.359464426213109982e+04 6.584537070857443905e+04 7.130672266403477988e+04 4.778955643536806747e+04 7.008765313634289487e+04 1.249818141626663419e+05 1.154988037161417451e+05 6.603219879147344909e+04 1.045935330736839569e+04
1.804000926194832893e+06 3.237908904510963708e+06 1.797497641798098804e+06 1.118942131219689036e+06 6.279086973367058672e+05 1.072217385803106008e+06 2.647846944135004655e+06 5.308508304625344463e+06 1.375975469352925429e+06 2.816052778077692492e+05 2.655563440935693216e+05 1.877890665653048782e+05 1.314465498102598358e+05 2.699746289152804529e+05 1.821335611993818893e+05 1.808221783267414139e+05 4.689572325247900881e+04 1.023074541295144882e+05 9.255750936101356638e+04 9.165886460250499658e+04 6.797970830444431340e+04 5.089827380835331132e+04 8.477903252237834386e+04 6.043103794620780536e+04 1.057394299238526401e+04 2.471257401571327864e+04 2.226957626382994567e+04 2.645746352802005640e+04 3.038321932109634508e+04 1.720442871870304225e+04 -3.229694916147497483e+06 5.664572735476756934e+05 3.355649606362408493e+06 2.078412719205986708e+06 1.008050317939500674e+06 1.370492238457002444e+06 3.718612251765086781e+06 7.101427291262397543e+06 1.522728945134201087e+06 3.343585163177233771e+05 4.649901816999000730e+05 4.842882967857106123e+05 2.449290114779714204e+05 1.179613767736055306e+05 4.006689598795016645e+05 3.263948021182491793e+05 -8.363701596379787588e+03 1.316563871663083555e+05 1.928625858021194872e+05 1.741293497192410287e+05 1.478075568296988204e+05 1.227551655856823927e+05 1.683952093645696295e+05 3.640126115927386854e+04 6.714263246708513179e+04 8.885291801485676842e+04 7.705806958501423651e+04 3.829917581542747939e+04 1.970015284364021500e+04 3.255804047658535274e+04
1.212581540999342687e+06 1.845372987070038682e+06 2.548889182414572686e+06 1.731755889771969290e+06 1.053999182136059506e+06 6.812675859413922299e+05 3.829654692201046855e+05 1.375975469352925429e+06 2.987754341693195514e+06 8.653083933815995697e+05 2.970992456758654444e+05 1.535350374279225070e+05 1.243513064588986308e+05 1.476161969785837573e+05 1.166774400657572114e+05 1.597168921419440594e+05 8.891379016846482409e+04 7.232460462750268925e+04 5.759493787325241283e+04 7.207270864864296163e+04 5.453939312913546746e+04 3.053210374029319792e+04 2.494341518666975389e+04 5.320841357149435498e+04 4.875112119115674432e+04 4.620161204886210180e+04 2.031920190504479979e+04 1.544580199629555136e+04 2.885613137781499245e+04 2.859298666656770365e+04 -3.399666829027491156e+06 5.276931424337542849e+05 4.250212470061870292e+06 2.033172911231691483e+06 1.539064480260689976e+06 9.308351277679303894e+05 1.150266028134041844e+05 1.680439572856628802e+06 4.004482211616813671e+06 1.248854587898042984e+06 3.431009700008361251e+05 2.609372121728784114e+05 1.964648045444292948e+05 1.144211493309564830e+05 2.060887370426276757e+05 2.379481987552854116e+05 5.135975527314798092e+04 6.119848559777309856e+04 2.900967759951542757e+04 7.577967985239415430e+04 3.498524582127873146e+04 8.158726582694241370e+04 3.766577987857505650e+04 3.815864082251947548e+04 7.729465297057777934e+04 6.627625320929393638e+04 4.696832295622356469e+04 1.048156229219994930e+04 4.142781724028092867e+04 7.299527517389549757e+04
-7.629138093533816282e+05 1.054656829174252925e+06 5.687429662658103043e+05 1.067795493100677850e+06 8.200116515527411830e+05 5.989131958100874908e+05 3.739140956025943742e+05 2.816052778077692492e+05 8.653083933815995697e+05 1.801790129487007624e+06 6.252799497742548119e+05 1.694656165522699885e+05 1.766590259869250294e+05 1.449694284434301371e+05 9.157274524367720005e+04 8.457295053428254323e+04 7.342875376403918199e+04 8.489438427878981747e+04 7.642780950717555243e+04 6.854518673083613976e+04 5.570800036461344280e+04 4.233601599254959001e+04 3.973937923788904300e+04 5.126004618255590321e+04 5.370348112178677547e+04 3.246241979997969975e+04 2.325730530275699857e+04 2.825797008175178416e+04 2.080482340549653964e+04 2.135839312769424942e+04 -1.069803977071072906e+06 -5.436921699750884436e+05 4.261780225892877206e+05 6.677243087243037298e+05 1.004754898985651089e+06 1.480927467237838544e+06 2.112321167052043311e+05 3.705149599860057351e+05 1.154730803549500182e+06 2.600368618572025094e+06 9.485155265938151861e+05 2.099928360093457741e+05 9.533397020045171666e+04 2.054916939052452508e+05 1.419691671966355352e+05 6.101409665219471935e+04 -1.581772125463976954e+04 1.170716450575245690e+05 8.876891317986046488e+04 6.703099444780225167e+04 1.346513287030935862e+04 -2.719624792303520735e+03 2.376458418224858178e+04 6.009373789195313293e+04 9.041448356256395346e+04 1.798607563549103361e+04 3.979730047999923408e+04 5.778913138998467912e+04 3.484288544780216034e+04 4.216718072127082996e+04
4.704282497573834844e+05 4.048066395964904805e+05 3.843147628417931846e+05 1.072564007666292600e+06 7.188091933521372266e+05 3.987978519258514862e+05 4.766339070505812997e+05 2.655563440935693216e+05 2.970992456758654444e+05 6.252799497742548119e+05 1.304914012115096208e+06 3.954969584167869762e+05 1.464336521780790936e+05 1.337133454685754259e+05 8.636246033083838120e+04 7.999732143180935236e+04 5.937497163164177618e+04 5.611659995605422591e+04 5.156399218349758303e+04 3.971881378343656252e+04 3.732316699715730647e+04 2.396626439013818890e+04 2.687182288786337085e+04 3.344247974893748324e+04 2.708160658655132283e+04 1.127478449209174869e+04 1.925652421382242392e+04 1.541957773523887226e+04 1.686861575177031409e+04 1.992044496466110286e+04 -3.523248705151781323e+05 -3.423713706503409776e+05 -4.807032532414905145e+05 -1.223695562916021590e+05 9.989000335962529061e+05 6.329310570933903800e+05 5.669583942048960598e+05 2.562703299317367491e+05 2.046564450673806423e+05 8.174839145997319138e+05 1.800688093208958395e+06 4.989514345979798818e+05 6.095575025698544050e+04 1.379738718447686697e+05 1.860722801400967874e+05 7.248016493574398919e+04 4.958838457651454519e+04 1.131212291688384430e+05 6.666363232181764033e+04 3.996162070697701711e+04 7.742498349605479007e+02 3.784319115428130317e+04 6.337188291990928701e+04 2.225393372754892698e+04 3.634203166076067282e+04 4.733554474974332607e+02 2.671194718855174506e+04 2.461174772371838480e+04 3.704362399432069651e+04 2.200216508964911554e+04
1.946201233751202002e+06 1.210008664841335034e+06 5.998469693515381077e+05 4.795083180085503845e+05 2.316796515541805420e+05 2.757131862083058222e+05 3.782787743587964214e+05 1.877890665653048782e+05 1.535350374279225070e+05 1.694656165522699885e+05 3.954969584167869762e+05 7.986930665761674754e+05 2.448526130564861814e+05 1.052210690000098984e+05 6.359875282271143806e+04 5.637419112228015001e+04 4.370575257051279914e+04 5.429190797538627521e+04 2.671589040416504577e+04 2.640495881875935083e+04 1.940337737465867394e+04 1.330511389362081172e+04 2.368572945038230682e+04 3.799133477420076815e+04 2.717593758992045332e+04 2.278351273767408566e+04 2.378777315944460497e+04 1.214385550527047235e+04 1.434236794746788655e+04 1.390497568607973881e+04 1.074975243209142471e+06 1.737842954571930692e+06 1.233055912809479050e+06 8.069758780220590997e+05 4.563709146909795818e+05 4.561927241952084587e+05 3.894101354667468695e+05 3.549461225415123045e+05 1.666859678803097049e+05 1.910046743188796972e+05 6.847603782346476801e+05 1.085059211172133684e+06 2.583838538806041761e+05 3.850685679713330319e+04 5.735304777473096328e+04 3.715775225650572975e+04 2.225601496167139703e+04 6.624024939012214600e+04 5.412565879733600013e+04 4.582228137742867693e+04 3.493400101738854573e+04 3.233863465882845776e+04 1.527530796648691830e+04 4.043946760588173493e+04 1.363349214413924528e+04 2.911008342764128884e+03 2.757925666270973306e+04 9.221714672940433957e+03 1.816635193324937427e+04 2.404400539572139314e+04
1.285372365076844115e+06 1.063927954394539120e+06 6.223873841238131281e+05 5.798692274101428920e+05 3.356522824521271395e+05 2.420996639301230316e+05 1.576257633453917806e+05 1.314465498102598358e+05 1.243513064588986308e+05 1.766590259869250294e+05 1.464336521780790936e+05 2.448526130564861814e+05 6.720512788822995499e+05 2.471854139983774512e+05 9.140093743096318212e+04 8.672766330753570946e+04 6.502154940687367343e+04 6.532678522510232870e+04 5.390180830526975478e+04 4.104037051420720672e+04 2.468568234011061577e+04 3.265422175646697724e+04 2.648386003750249438e+04 3.470512895876006951e+04 2.311342341029895397e+04 1.786833203488020445e+04 2.026051931204981520e+04 1.101295694628321689e+04 2.206235577567216023e+04 1.166745795916422321e+04 -2.582127995200100413e+05 9.758826117095419904e+05 1.410492150837766938e+06 7.969541215596995316e+05 2.711699479786859592e+05 4.857388405119202216e+05 2.019737426334644551e+05 2.668421792310735327e+05 2.063295091584613547e+05 2.369970074303266592e+05 2.248664530359520577e+05 4.050573525931857293e+05 8.492234530934324721e+05 2.780891165201496915e+05 1.098591249007790320e+05 8.237474379340866290e+04 4.423192967844305531e+04 5.531446967072285042e+04 5.275433930107256310e+04 1.505555025243587625e+04 2.429114942372277437e+04 3.285425952967478224e+04 -7.082824575382415787e+03 5.288716092549807217e+04 1.815452782198715067e+04 9.808851135716335193e+03 2.409622587609329639e+04 9.412718036497049980e+03 1.736753634498830797e+04 1.609496088914506072e+04
4.017736459811551031e+05 1.069332769136516843e+06 7.504100865656551905e+05 4.061293914466243004e+05 2.033846774969923135e+05 3.729482990957517759e+05 2.984574819545405917e+05 2.699746289152804529e+05 1.476161969785837573e+05 1.449694284434301371e+05 1.337133454685754259e+05 1.052210690000098984e+05 2.471854139983774512e+05 5.720082056647074642e+05 1.899584064372275025e+05 8.996363377298593696e+04 6.916261876649965416e+04 6.958742541552931652e+04 5.981086014817847172e+04 4.532598182614677353e+04 2.552785646543555413e+04 2.341998790019813168e+04 3.182274016062736337e+04 3.222181363862344006e+04 3.191172371266361006e+04 3.673847868404446490e+04 3.257875654344591021e+04 1.581154487831364895e+04 1.556693860542039693e+04 1.205646313138565893e+04 -1.889726687988552294e+04 1.069710491898502689e+06 7.361530090064073447e+05 6.526157650013212115e+05 6.897456994788465090e+04 4.542008667020539870e+05 3.197774665477546514e+05 2.223112312721424969e+05 1.556927691316765267e+05 1.763419222276547516e+05 1.742500494023353094e+05 1.400979436549451784e+05 3.031949708911367343e+05 7.613852272473295452e+05 2.593213705448709952e+05 9.362424002634757198e+04 4.987603820293226454e+04 9.243160541962645948e+04 8.876826560186983261e+04 4.788170215549923887e+04 1.436223245860675706e+04 -2.987738547091731107e+03 2.231783575031433793e+04 2.949854305400016165e+04 3.573561735688155750e+04 3.317447455643536523e+04 2.947639495987991904e+04 2.434110323961991162e+04 3.203418432837069486e+04 2.318415666440585119e+04
1.289587951409589965e+06 1.122888512698666891e+06 4.765721243657214800e+05 2.983673171053453116e+05 3.158697367535572848e+05 3.339983010670524673e+05 1.981457751958993613e+05 1.821335611993818893e+05 1.166774400657572114e+05 9.157274524367720005e+04 8.636246033083838120e+04 6.359875282271143806e+04 9.140093743096318212e+04 1.899584064372275025e+05 3.948745252954658936e+05 1.505009066498595057e+05 5.202876540961216961e+04 5.353429888952830515e+04 4.166756650763477228e+04 2.559675163362593958e+04 2.330225072288203592e+04 1.366594524713654209e+04 2.145654020844458137e+04 2.064511302552132838e+04 2.220641648423327206e+04 1.757368621291131421e+04 2.772799661252314036e+04 1.467902888422253818e+04 8.643436823706319046e+03 7.865968018178811690e+03 4.292815370686931419e+05 5.404872974545164034e+05 5.259621877223189222e+05 5.143809145670199650e+05 4.200151368811405846e+05 4.004883711270967615e+05 1.673468572194865264e+05 1.112951099994272518e+05 5.981132870472006471e+04 1.311288338804079103e+05 5.270731340657392138e+04 9.040803012901514012e+04 6.163241571432808269e+04 2.405834639384538168e+05 4.931202345614414080e+05 1.848048162756484526e+05 5.486506645654683234e+04 8.283573193320969585e+04 7.376206475737124856e+04 3.122653827939404800e+04 3.558749086140227155e+04 1.387695683431373254e+04 1.440923784362380138e+04 2.052216723801110493e+04 2.216375031285511068e+04 1.167223365718206333e+04 2.269617624017030175e+04 -2.586686825310602671e+03 1.284787869004809181e+04 1.745656451569051205e+04
8.204968896007908043e+05 6.936831441172641935e+05 3.313807949831619626e+05 4.551399099920009030e+05 2.266143259888256725e+05 2.569608734282959776e+05 1.429760605157309910e+05 1.808221783267414139e+05 1.597168921419440594e+05 8.457295053428254323e+04 7.999732143180935236e+04 5.637419112228015001e+04 8.672766330753570946e+04 8.996363377298593696e+04 1.505009066498595057e+05 3.195201071952064522e+05 1.132458181640005496e+05 4.656629262439886224e+04 3.068422015929627014e+04 2.612693902043028720e+04 2.886941466599765408e+04 2.821366775830395636e+04 2.621879684472888403e+04 2.153997132463654634e+04 1.641631818674738315e+04 1.265858193911564376e+04 2.083516630452742902e+04 6.329564919052886580e+03 1.203423054176803271e+04 1.139722065641559675e+04 1.020901392432591063e+06 3.718396050993883982e+05 9.717782896442365600e+05 3.460355031909108511e+05 6.798009390364256979e+04 2.108516799417988805e+05 7.743727523891800956e+04 1.655767060012599977e+05 1.723279515746108664e+05 1.106851797334873991e+05 1.137127342553800554e+05 9.377114631750885746e+04 1.091513692637284548e+05 1.045165538432589674e+05 1.739816356452526234e+05 3.835402734240166610e+05 1.231017710526508599e+05 4.265836709319525107e+04 4.916734189396124566e+04 2.008661303369555390e+04 4.081683934154955205e+04 2.754305048812313908e+04 2.236892965012070272e+04 1.729476981566053291e+04 8.401726971666577128e+02 7.854568807985762760e+03 1.330481169642262648e+04 -1.888666282315329454e+03 1.067790845499895840e+04 1.515234675214019080e+04
4.304670064146211371e+05 5.413242659354464558e+04 1.470746651616203308e+05 2.819639714718510513e+05 1.789804797783075483e+05 2.087958619515559985e+05 1.734475969562879473e+05 4.689572325247900881e+04 8.891379016846482409e+04 7.342875376403918199e+04 5.937497163164177618e+04 4.370575257051279914e+04 6.502154940687367343e+04 6.916261876649965416e+04 5.202876540961216961e+04 1.132458181640005496e+05 2.534544995569493331e+05 9.482948805904823530e+04 3.677614318830986304e+04 1.634550771429758606e+04 2.507222227068522261e+04 1.701648115191895340e+04 1.530049158050002006e+04 1.617559903726554876e+04 1.920147446064418546e+04 1.802848540774328649e+04 1.941271570778141177e+04 1.399438646694935778e+04 1.455247069383082635e+04 1.471755662408921307e+04 -6.028842316064677434e+05 1.742379482148835668e+05 5.559178348926715553e+05 3.120740374127719551e+05 -2.645785598377891438e+04 2.922436741055576713e+05 1.649206848076398019e+05 -9.104270763096497103e+04 9.463804010232775181e+04 1.153848405775071005e+05 1.032174549772174651e+05 4.597316961091946723e+04 4.653773933747790579e+04 8.387196186896073050e+04 4.590031593775134388e+04 1.118138492051457579e+05 3.195960131975788972e+05 1.247696053694181464e+05 3.226551351913338294e+04 1.510359101640488552e+04 1.789121131252956184e+04 4.167671355826611943e+03 7.790877614706698296e+03 1.268316051669132867e+04 8.028644754858030865e+03 1.479575955980771687e+04 1.833926325588420514e+04 1.021063500385369252e+03 1.197191346169490134e+04 2.200329881627177383e+04
3.833246387330226717e+05 -1.163559381389980554e+05 1.512345770309970248e+05 2.182662910088917997e+05 2.024699581532969023e+05 2.202917908655392530e+05 9.353046828131725488e+04 1.023074541295144882e+05 7.232460462750268925e+04 8.489438427878981747e+04 5.611659995605422591e+04 5.429190797538627521e+04 6.532678522510232870e+04 6.958742541552931652e+04 5.353429888952830515e+04 4.656629262439886224e+04 9.482948805904823530e+04 2.268226678214072017e+05 7.713792797595789307e+04 2.255311856327534042e+04 2.005696358019510444e+04 2.473663106108804641e+04 2.312906904604968076e+04 2.384562351212180147e+04 1.629095878634338987e+04 1.503846363217392536e+04 1.327355469991032987e+04 7.220295468608627743e+03 8.963300818508165321e+03 7.639586959969045893e+03 -1.746195837205020944e+06 -1.190133492779722437e+06 6.350619590177808277e+04 2.958466716123228543e+05 1.671924432613521931e+05 4.451884734549609711e+05 1.997850196506802749e+05 1.061996067503607483e+05 6.763972623627669236e+04 9.159845938660796674e+04 8.837286658204058767e+04 1.031332386698173068e+05 2.714578898334367477e+04 4.082970785792743845e+04 3.806435798437271296e+04 3.284719063024993375e+04 1.118562183729182871e+05 2.806738514664528775e+05 8.520136382489248354e+04 1.658103453685577915e+04 1.078809150369104827e+04 8.402023109247516913e+03 1.536099597005814576e+04 3.032982049235115119e+04 2.135889656766819826e+04 1.698346054220072620e+04 9.111202985111780436e+03 -1.173542655902688784e+04 8.880716614937120539e+03 9.773121727099422060e+03
6.436576875198144699e+05 3.942825718428522232e+05 3.773283904722461011e+05 4.547994465960083180e+05 2.650441179005450686e+05 2.220572134095322399e+05 1.221659643254995754e+05 9.255750936101356638e+04 5.759493787325241283e+04 7.642780950717555243e+04 5.156399218349758303e+04 2.671589040416504577e+04 5.390180830526975478e+04 5.981086014817847172e+04 4.166756650763477228e+04 3.068422015929627014e+04 3.677614318830986304e+04 7.713792797595789307e+04 1.896842739948009839e+05 7.297617537466132489e+04 2.689175264658620290e+04 2.072611646114574251e+04 1.869819920713900865e+04 1.949966420006183398e+04 1.931346511763916715e+04 1.508209937393346445e+04 1.461230447095199270e+04 1.377329520375480752e+04 8.192819570754661981e+03 8.012920118857186935e+03 -1.729274920707718411e+05 -5.754609411163200857e+05 4.958255677532667178e+05 7.415224805489942664e+05 2.908814087940794998e+05 2.956504372201795341e+05 2.636991214602431282e+05 1.288664232706712064e+05 1.661310787462695953e+04 1.170358847206521314e+05 4.469513077741990855e+04 8.939108758589204808e+04 5.035601751062343828e+04 3.941982774084006815e+04 4.259581175998860999e+04 4.283313866273342865e+04 3.534953639503139129e+04 8.176833665831822145e+04 2.235849586638431938e+05 8.635644854545424460e+04 4.059158250372043403e+04 1.184193575457765837e+04 1.779068566308235313e+04 1.976779392039011509e+04 2.819471233294283229e+04 2.582796327526860478e+04 1.299615730286204780e+04 5.194532950042248558e+03 9.173194012022984680e+03 3.327782166954590593e+03
4.056172469074388500e+05 2.384425726042916940e+05 1.666250511526492774e+05 1.487018996464862139e+05 1.821846899416123924e+05 1.421518194173219381e+05 1.510347562323680904e+05 9.165886460250499658e+04 7.207270864864296163e+04 6.854518673083613976e+04 3.971881378343656252e+04 2.640495881875935083e+04 4.104037051420720672e+04 4.532598182614677353e+04 2.559675163362593958e+04 2.612693902043028720e+04 1.634550771429758606e+04 2.255311856327534042e+04 7.297617537466132489e+04 1.559167406375225401e+05 6.015620974266557459e+04 2.568284861859630837e+04 1.672535915796596964e+04 1.376129680926088258e+04 1.630751168547190719e+04 1.314818764057648150e+04 1.378033807964324660e+04 1.471126679903258446e+04 9.480122266587743070e+03 8.646685725470570105e+03 1.099366608180279378e+06 -6.141627212301716208e+05 -1.649670011376839248e+05 6.785629286359030812e+04 2.204278151404871605e+05 2.724355032433712622e+05 2.371372638408582716e+05 9.109083741883488256e+04 5.567360141975207080e+04 9.215145505234631128e+04 3.978790587594520184e+04 5.474759697539768240e+04 4.294966573659595451e+04 2.262766618652561738e+04 4.873203514304474083e+04 5.505354454276713659e+04 2.000039088823883503e+04 1.726642680326072150e+04 8.291032461372094986e+04 1.945335239182678342e+05 7.731458598713287211e+04 2.837419409156797337e+04 1.049158950490762618e+04 9.268347643773012123e+02 1.998218784818867789e+04 1.436814947740456046e+04 1.570663976380489839e+04 6.016245549025778018e+03 7.528865405822230059e+03 4.176110271664887478e+03
7.313933066190005047e+05 2.030089065807848237e+05 9.459916756157208874e+04 1.449827063976078352e+05 1.077857087681599514e+05 1.249010423506110528e+05 1.281881386373455607e+05 6.797970830444431340e+04 5.453939312913546746e+04 5.570800036461344280e+04 3.732316699715730647e+04 1.940337737465867394e+04 2.468568234011061577e+04 2.552785646543555413e+04 2.330225072288203592e+04 2.886941466599765408e+04 2.507222227068522261e+04 2.005696358019510444e+04 2.689175264658620290e+04 6.015620974266557459e+04 1.283449076598903048e+05 4.415076404203921265e+04 2.068681449958891972e+04 1.309190895024323436e+04 1.481096900610783814e+04 1.423459519397160329e+04 1.225701461475035103e+04 1.113466665301520334e+04 5.728031578746763444e+03 9.213306490006780223e+03 6.506326616700687446e+05 -1.077381801325798733e+05 -6.690743502687053115e+04 2.248746246041676204e+04 -1.694046413984043465e+05 4.269675235265168885e+04 4.207464554536721698e+04 -7.535822567007283396e+03 2.113054367602555885e+03 5.469749762384650239e+04 3.080032606052932533e+04 5.872690563942251902e+04 4.162036860571381112e+04 8.926093251453146877e+03 4.406244383396324702e+04 4.471042246543936926e+04 3.193842475478602501e+04 1.674096309054709127e+04 3.914709469327431725e+04 7.483839633575470361e+04 1.529001930385231099e+05 5.571123136181712471e+04 1.923158981965958446e+04 1.319040328605489412e+04 1.939126358756470290e+04 1.272888079118925452e+04 8.122380740167111071e+03 3.910600248463182197e+03 3.554054739449723002e+03 7.730989043328776461e+03
-2.516632270144258800e+05 -1.872550263802250629e+04 3.749945765000407118e+05 2.629249320191706647e+05 1.092942310122666531e+05 2.894251480323146461e+04 3.485483107861541066e+04 5.089827380835331132e+04 3.053210374029319792e+04 4.233601599254959001e+04 2.396626439013818890e+04 1.330511389362081172e+04 3.265422175646697724e+04 2.341998790019813168e+04 1.366594524713654209e+04 2.821366775830395636e+04 1.701648115191895340e+04 2.473663106108804641e+04 2.072611646114574251e+04 2.568284861859630837e+04 4.415076404203921265e+04 1.133739698370312981e+05 4.355096491641450848e+04 1.234466282036068515e+04 1.010791275734297415e+04 1.140873022631716958e+04 1.396423076719453275e+04 1.168723696251362890e+04 1.141282692609488186e+04 1.037852119627131833e+04 -1.886564209814375790e+05 -1.492770439138877555e+05 3.955141264595940011e+05 2.475544890742837742e+05 -1.400228169901781075e+05 -1.148723839794331725e+05 -4.393005259877284698e+04 2.843358624031422369e+04 5.356460652720135113e+04 6.062993127051631018e+04 -4.256294841830085147e+02 9.234274415969035545e+03 2.045351151448454402e+04 -2.051164303778963586e+04 -1.122911330950556658e+04 2.168523471781588523e+04 1.572886867826674825e+04 9.744781413894977959e+03 2.697495580176601288e+04 1.640362007328647815e+04 4.831206524372682179e+04 1.211215472554069856e+05 3.479678540775916190e+04 -4.645875743516497778e+02 8.855613302668787583e+03 8.676266942678625128e+03 2.587676606374462608e+03 -1.714495818153585333e+03 5.116477871968172622e+03 7.449072185785491456e+03
-6.693002829291357193e+04 5.254522744209330995e+05 2.767310073367487639e+05 2.049564934388812981e+05 8.606292888756681350e+04 3.503825357346666715e+04 2.717735403046995270e+04 8.477903252237834386e+04 2.494341518666975389e+04 3.973937923788904300e+04 2.687182288786337085e+04 2.368572945038230682e+04 2.648386003750249438e+04 3.182274016062736337e+04 2.145654020844458137e+04 2.621879684472888403e+04 1.530049158050002006e+04 2.312906904604968076e+04 1.869819920713900865e+04 1.672535915796596964e+04 2.068681449958891972e+04 4.355096491641450848e+04 1.007487265310565563e+05 3.481370400163568411e+04 1.368888310640381496e+04 1.135685925183425752e+04 9.156711438055182953e+03 1.174687977644038619e+04 1.410677676842908659e+04 8.165252082496204821e+03 -3.113857581524032285e+05 -3.492625122616167937e+04 3.018145175444825436e+05 2.324007935401592113e+05 -7.603836429838366166e+04 -9.696784361130531761e+04 -1.234811530791443147e+03 1.153987923085119255e+05 8.260782041000924437e+03 4.549054839226591866e+04 1.284120531819235111e+04 1.314980023908755538e+04 3.595228010768332024e+04 1.366386932105938649e+04 1.672079194404020382e+04 4.737654761095021240e+04 2.018518797428692778e+04 1.172037246166273871e+04 1.715296501769949464e+04 3.596517669011136604e+04 3.668343691698258044e+04 5.319002923192086746e+04 1.169635380232777970e+05 3.411177838758470898e+04 1.741264048511416331e+04 8.321257736479634332e+03 5.352917586381210640e+03 4.200878448806201050e+03 6.210615908788390698e+03 5.447263520217143196e+03
4.497187072677435935e+05 5.001716595299629262e+05 2.277012473748097254e+05 1.249897046964362380e+05 1.160884462410270935e+05 1.137680766370930360e+05 4.297386482615800196e+04 6.043103794620780536e+04 5.320841357149435498e+04 5.126004618255590321e+04 3.344247974893748324e+04 3.799133477420076815e+04 3.470512895876006951e+04 3.222181363862344006e+04 2.064511302552132838e+04 2.153997132463654634e+04 1.617559903726554876e+04 2.384562351212180147e+04 1.949966420006183398e+04 1.376129680926088258e+04 1.309190895024323436e+04 1.234466282036068515e+04 3.481370400163568411e+04 7.671989834880080889e+04 3.034300914497358826e+04 1.204054728437407903e+04 1.078343190232769120e+04 9.145745903410879691e+03 1.118768025447285436e+04 7.773223408839643525e+03 1.588730243946105184e+05 5.055502030688989325e+05 -9.206489709722831321e+04 1.473875341221742856e+05 9.925095780824674875e+04 1.148188087888996670e+05 -7.654404452875320203e+03 8.248184078803953889e+04 1.827327166696610948e+04 3.933427533544172911e+04 3.043634592417749082e+04 7.141205517675753799e+04 4.767938129645791923e+04 1.038978769373480100e+04 3.514443422538280720e+04 2.683958406771841328e+04 1.592434512269579682e+04 1.410833356313288095e+04 2.004774836083654009e+04 1.449848715248012195e+04 1.503739418806575486e+04 5.966829735940169485e+03 3.329678024401557923e+04 9.054764814316586126e+04 3.114061377844172603e+04 1.364148582683789209e+04 1.416493467571053588e+04 -3.235978309265917119e+02 5.574644399181873268e+03 1.045325020143823349e+04
1.362501702608385531e+05 4.078571302057962166e+05 1.325533816764839867e+05 1.219960019911117124e+05 8.508041646820330061e+04 5.352921503604714962e+04 3.438181299637574557e+04 1.057394299238526401e+04 4.875112119115674432e+04 5.370348112178677547e+04 2.708160658655132283e+04 2.717593758992045332e+04 2.311342341029895397e+04 3.191172371266361006e+04 2.220641648423327206e+04 1.641631818674738315e+04 1.920147446064418546e+04 1.629095878634338987e+04 1.931346511763916715e+04 1.630751168547190719e+04 1.481096900610783814e+04 1.010791275734297415e+04 1.368888310640381496e+04 3.034300914497358826e+04 7.388087510335704428e+04 3.031182630381913987e+04 1.569977832177424898e+04 1.181649056158248277e+04 9.907626778945248589e+03 8.297049902996823221e+03 -2.834926675249567488e+05 2.861764020197316422e+05 1.024226363903212477e+05 1.849117022794467048e+05 5.530668546735225391e+04 1.393245750671479618e+04 -2.596149446498231919e+04 -6.066433372448204864e+03 2.576307593049849675e+04 4.489852795154738124e+04 2.408250915695486401e+04 3.601516227666486520e+04 3.980298911481823598e+04 3.227703577399209826e+04 2.289167359836118339e+04 1.498296026117907786e+04 1.829361748298905877e+04 1.207950052326679361e+04 5.839869981470563289e+03 6.293057254667802226e+03 9.223776921032531391e+03 -7.918656335418721937e+03 -3.262091194865432726e+02 2.916180310275074953e+04 8.240309364123595878e+04 3.251222237996731565e+04 1.732725275355539998e+04 4.424490453520479605e+03 4.664438438715518714e+03 5.120127009067030485e+03
3.571183171743780258e+05 1.239815368319013214e+05 4.488256845978581987e+04 9.446264157173305284e+04 7.218595573525440705e+04 -7.429681746088003820e+03 4.254986991889077763e+04 2.471257401571327864e+04 4.620161204886210180e+04 3.246241979997969975e+04 1.127478449209174869e+04 2.278351273767408566e+04 1.786833203488020445e+04 3.673847868404446490e+04 1.757368621291131421e+04 1.265858193911564376e+04 1.802848540774328649e+04 1.503846363217392536e+04 1.508209937393346445e+04 1.314818764057648150e+04 1.423459519397160329e+04 1.140873022631716958e+04 1.135685925183425752e+04 1.204054728437407903e+04 3.031182630381913987e+04 6.628724697489473328e+04 2.742411225572188050e+04 1.090888132306500120e+04 6.599656638737628782e+03 8.382654861975977838e+03 -1.097086354416611721e+04 8.308588865172135411e+04 -8.539932419162090810e+04 1.952087860781541967e+05 -6.047259262443850457e+04 -6.481585799219528781e+03 5.772251859138885629e+04 -1.498651284463142474e+04 3.273398720084005618e+04 2.979176389873859443e+04 3.177755716543350718e+04 3.300191759332266520e+04 1.404440516710041993e+04 4.047315713041949493e+04 3.539806242067579296e+04 1.676175214145781501e+04 2.789572411258382999e+04 3.439437260058461834e+04 1.371643044372359873e+04 1.737100605275357520e+04 1.158906294257289483e+04 -5.415752155062450584e+03 2.730189449317672370e+02 9.649012547578589874e+03 3.443669138673407724e+04 7.786905745465180371e+04 2.982587645393898492e+04 7.623901904926789030e+03 1.106777187026442334e+03 8.106480327955347093e+03
