8.263100972805930376e+08 1.979656908841990829e+08 1.870668751185426861e+07 4.468642516909678467e+06 2.407086052596347407e+06 1.293518434969815193e+06 1.035758120555378264e+06 1.391227770514148753e+06 1.931709918453103164e+06 1.147254097991235089e+06 -5.561235980148250746e+03 9.144261802624424454e+05 1.128072347137252335e+06 9.405420763852971140e+05 6.712795962060939055e+05 3.419007381067118258e+05 1.690666595479666721e+05 8.600558913668328896e+05 5.035974890520565677e+05 2.560134108520863228e+05 4.519021380365655641e+05 1.555634876923788688e+05 3.323134316474482184e+05 4.709302251371388556e+05 3.447260146244941861e+05 2.474440873001251312e+05 4.877458959114243044e+04 7.093214601698863589e+03 1.992632523223170720e+05 -1.011694951601610956e+05 -3.444831632999948412e+07 1.312970892691512555e+08 -1.046975580433512339e+06 6.724558777104292065e+06 -4.462277972519013099e+06 -2.821893226938150823e+06 1.461509730827948777e+06 4.239546592497577891e+06 -2.741112828541444032e+05 -3.637980091742619406e+06 1.440669613846950466e+06 1.221025512927676085e+06 5.036636926627233042e+05 -9.878746563610084122e+05 9.355794465434710728e+05 3.347275611771425465e+05 7.938746550673077581e+05 5.089018824778541602e+04 4.786377362566502998e+05 -4.119202720525215846e+05 9.998439760398441285e+04 -6.403621121548523661e+05 -7.796915872511329362e+05 -1.331582043216512247e+05 -3.437755302523956052e+05 2.608748760800377058e+05 -3.775204630852968548e+05 -1.394242802497857192e+05 3.389221639186149696e+05 -3.463677578034609905e+05 -4.035625498567975312e+07 5.800579543867496401e+07 6.089390421056791395e+07 2.625776238997364789e+07 1.367077912470290810e+07 1.031441194578348473e+07 8.182340823663079180e+06 -8.460011888469259429e+04 -1.558508597130860435e+06 -3.087515411247892771e+06 1.577038935527799185e+05 9.720000600262385560e+05 1.605472752232119674e+06 -2.461434873634423711e+05 2.276835331387278624e+06 1.958351649280478479e+06 8.016635605401404900e+05 1.932994873215214582e+06 6.636508515264031012e+05 -6.782440369445115793e+05 1.408981517801798473e+05 6.658989185164429364e+04 7.452111541045499325e+04 4.186822444117954583e+05 -5.838672176583205146e+04 3.027787124936637701e+05 1.713306560977117915e+05 2.940152393894649576e+05 1.153271776540735154e+05 -5.576793133775690803e+05
1.979656908841990829e+08 2.784221669095267057e+08 5.463860170228295028e+07 9.132336593866340816e+06 5.430108555794776417e+06 3.784300493195042945e+06 1.577386925195731921e+06 1.256464317642478505e+06 9.283020595528156264e+05 7.311261209122817963e+05 -8.691948221124011616e+04 2.081920123567507253e+05 4.608117779522398487e+05 6.424084305166314589e+05 5.926977310840643477e+05 7.846872068698717048e+05 1.912025662484586937e+05 2.500451950618253250e+02 2.362042292729606270e+05 3.237199389673660044e+05 1.192298988796121703e+05 1.581929407490199665e+05 3.996167965579496813e+05 3.452293848702850519e+05 2.191899396166809311e+05 1.867495022994371247e+05 2.712712290278185901e+04 5.370526386905562504e+03 6.340833192880555725e+04 1.378449577388413127e+04 1.613238168215200305e+07 1.082182488801567703e+08 5.632100136956312507e+07 2.091392983604239672e+07 -4.953599189769469667e+05 2.554249603110387456e+06 1.833328982525734464e+06 3.495326011657033116e+06 1.147722939505785238e+06 6.436492343912135111e+05 8.401067391264064936e+05 9.267735248037411366e+05 9.191186962900536309e+04 2.384120381205056328e+05 8.038236461150076939e+05 -3.037803966025360278e+05 -5.058821371622011648e+05 9.656358873991052678e+04 4.145756238108159741e+05 -1.580203486363913980e+05 1.621970960538377694e+05 -9.543297444212286791e+04 1.845989086511289061e+05 -5.573791735591768202e+02 2.065311980969126744e+05 -3.099713595606566523e+05 -1.081432061956328253e+05 8.052708850587197230e+04 2.223632631248152466e+05 -4.404148088834022201e+04 -6.107588980659319088e+06 -3.596630488973798603e+07 7.884943739252390340e+06 2.491124292455206066e+07 9.101534667378209531e+06 4.005454490488839336e+06 5.639573050948912278e+06 -1.783690229919263162e+06 -8.228289025722182123e+05 -4.790022893465266679e+05 -1.485222655520383851e+05 -4.136620523089237977e+05 9.458945411703758873e+05 5.713770011113588698e+05 1.239287752155849710e+06 -2.756116616857874906e+05 -1.293093460465362994e+06 6.378553471735039057e+04 7.844789361135866493e+05 6.936200549665146973e+05 4.429503571120626293e+04 4.219188762610735721e+05 5.084261453714445815e+05 4.166360919204733218e+05 3.129360404772472102e+05 2.419725740956473164e+05 3.379017289767304464e+04 3.156178877822787035e+05 3.097250029748817906e+05 3.543170940813694033e+05
1.870668751185426861e+07 5.463860170228295028e+07 7.593272653817225993e+07 1.689938511555007473e+07 4.134648763643301092e+06 1.783214180002276553e+06 6.278565831341068260e+05 4.122442872650509235e+05 8.156169914930680534e+05 1.669970579080038297e+05 1.117355299315902375e+05 -1.365130427556543727e+05 9.344549093871891091e+04 4.519194182917341241e+05 3.319628257982705254e+05 3.096033594780588173e+05 9.988499670232455537e+04 7.512229085557512008e+04 1.703237257305754247e+04 1.826586935794916644e+05 1.143900166477174207e+05 2.204965482691178622e+05 1.254277912293668196e+05 1.142097190268051490e+05 2.669365837306973117e+04 3.902675117044260696e+04 4.237204402614704304e+04 2.632022951241312057e+03 -7.080177336994585175e+02 3.402646713234333583e+04 -2.336962870882196352e+06 1.525421584257354774e+07 4.258980784245306998e+07 1.425312357580079697e+07 4.217116888505150564e+06 5.353534205429512076e+06 1.761761354354346637e+06 7.698625021325323032e+05 7.727426518632437801e+05 6.111268222350951983e+05 5.458486201659907965e+04 5.274262516091899015e+05 4.943273528135046363e+05 1.688154668813915632e+05 3.260706062012278198e+04 -4.449508680436607683e+05 -2.716511730529235210e+05 -3.777950125753870088e+04 3.809175054390100995e+05 -7.184371749468143389e+04 -1.075800554243057268e+05 -1.449750436931437071e+04 -5.024220269646852830e+04 1.056472053199775655e+04 1.499479278697907648e+04 7.851550275464801234e+04 2.983796298135228426e+04 -9.516479009409905120e+04 -2.170600133721752718e+04 -3.719202496291880379e+04 3.082561069376922213e+06 2.227766191147114150e+06 7.944352812045594677e+06 -5.721989417170082219e+06 -3.231579727890430484e+06 7.138081380362377968e+05 6.982641531586763449e+05 1.534232910150954267e+06 1.276728404410532210e+06 -9.101778400693472940e+05 -3.315243487648969749e+05 -4.405163293574885465e+05 -3.558127989208807703e+05 5.538703904670678457e+04 3.403226363846416352e+05 -1.803581957957717532e+05 -6.712992058913604124e+05 -1.891579418972794083e+05 3.309548270491817966e+05 3.555755882456114050e+05 8.439171807883585279e+04 1.526136772989668534e+05 -3.735747041705572337e+04 -1.138992783776439610e+05 -4.324972119256807491e+04 1.029861133968183276e+05 -1.417972114638460916e+05 -1.284513145340177289e+05 1.181783536117253243e+05 8.408337073561674333e+04
4.468642516909678467e+06 9.132336593866340816e+06 1.689938511555007473e+07 2.841818893251901492e+07 7.744480435456781648e+06 1.811760011263457825e+06 7.244113353981914697e+05 4.249581831295467564e+05 7.046847575310302200e+05 5.494543124786200933e+05 5.358658491453601746e+05 2.853314253686719458e+05 3.518841186301393900e+05 3.304723046749091591e+05 2.651429743788823253e+05 3.323134004055944388e+05 2.093468712208507932e+05 1.859995703372621210e+05 1.383995338414877478e+05 1.554512286119303608e+05 8.474221460699761519e+04 1.293746078414388612e+05 1.145574103590897575e+05 7.107230875077255769e+04 5.284846453342235327e+04 3.093162910830081819e+04 4.180218670709618164e+04 5.766906000142879202e+04 5.055586988959978771e+04 3.450692855979099841e+04 -2.021720707134508761e+06 4.379023578934540041e+06 1.814318978796749189e+07 1.785977399633924291e+07 8.609475309278078377e+06 3.299230709691848606e+06 6.455134708439259703e+04 6.552097824865031289e+05 6.675301002204016550e+05 1.915117237446259605e+04 4.459827990094581619e+05 -5.564559939014607517e+04 -3.415344562816273537e+04 -1.766489342667940655e+05 -1.308636972429927846e+05 1.734919703246642312e+05 2.934765442996845741e+04 -1.729832943284717476e+04 3.351818040665732115e+05 -2.897356549218219516e+04 2.286389377280556801e+04 1.530268463255913230e+05 5.163861241145693930e+04 -2.961962873427026716e+04 -2.937376714001480286e+04 4.240178353559230163e+04 -1.039046562958262621e+04 -5.828085294403388980e+04 3.367462067169369402e+04 -1.207196114401959640e+05 -1.162295124325328972e+06 -3.618819285968155600e+06 4.790249228198785335e+06 1.526900861535725126e+05 -2.437750015490423888e+06 -1.732168845735153882e+06 -6.877402369768804638e+05 3.183079032173787127e+05 8.464415404534933623e+05 1.371736904790492554e+05 2.365601632366008125e+05 9.040158023357802304e+05 -2.003953770199006249e+04 -3.175019458394382673e+04 -1.593335788716844399e+05 -3.107273160964649287e+04 1.327154160681247304e+05 -8.133110968798384420e+04 1.025195611373669999e+04 7.376399768845886865e+04 1.658199196087855089e+05 -1.023801170436267421e+05 -2.221961365537492748e+04 -1.195607303410487075e+05 -3.051860521861227608e+04 1.026735891526255291e+05 3.502468279899128538e+04 2.802420413720533179e+04 1.091636836496027099e+05 5.683078116187147680e+04
2.407086052596347407e+06 5.430108555794776417e+06 4.134648763643301092e+06 7.744480435456781648e+06 1.354446945187998191e+07 3.404640792411125265e+06 3.957268777037476539e+05 8.427138117241467990e+04 4.755959011337982956e+05 4.471325297110663378e+05 1.925180980656247702e+05 1.669249461748096219e+05 3.832645285342146526e+05 1.555092438741564692e+05 1.138680340326798760e+05 2.165677012394921330e+05 1.520265188363721245e+05 1.212814049348067492e+05 1.471390584578332782e+05 1.379155543841214385e+05 9.327150754698451783e+04 1.252931395739116706e+05 1.024416289050607156e+05 8.896100601427897345e+04 3.342805292100784573e+04 4.997949993506533792e+04 6.864160716906959715e+04 6.937016465813267860e+04 6.208381353524342558e+04 3.102476897935028319e+04 3.266135054809030145e+06 2.039202981904707616e+06 4.239415128097725101e+06 7.451252296768587083e+06 7.220183694382888265e+06 3.189070847110994626e+06 4.447023971920066979e+05 8.295616271589220269e+05 2.874696518839939963e+05 1.118256435065335245e+05 2.965055494758139830e+05 -8.730915060584424646e+04 -2.492292033287893864e+05 3.219807103658387859e+03 1.660255766630773433e+05 -5.610113137804371217e+04 3.942853682267057593e+04 4.744182157555798040e+04 7.371709310753400496e+04 7.298448552865348574e+03 2.317068283976285966e+04 5.764813545104025980e+04 -2.540866186914632272e+04 -1.168141632782127090e+04 4.462847630359392497e+04 6.372884957116354781e+04 -1.436019363449140656e+04 -4.785166275539738308e+03 -8.044999664677553483e+03 -7.754361365591184585e+04 3.640801639416937833e+05 -1.761610053671236383e+06 1.394253281014307868e+06 2.816568075418947730e+06 2.002300655592969619e+06 -4.166209157259615604e+05 -3.744930498506297590e+05 7.713684803932649083e+05 7.734246599211603098e+03 -1.950528485062897380e+04 3.793263471631451976e+05 3.605724517160631949e+05 9.599886197961799917e+04 -1.971714009875598131e+05 -3.723503988566048793e+05 -7.602168205783645681e+04 3.981044556672315957e+04 -3.564515829812100128e+04 -6.588917860259910412e+03 1.307610519692049420e+05 7.945137585634472089e+03 6.444639232438812905e+04 -4.902040240063765668e+04 1.661209223767395815e+04 -6.900361782269041578e+04 7.809745377646206180e+04 1.147864304086916964e+05 -1.402064821447727991e+04 7.296711022904505080e+04 1.445412362193086437e+03
1.293518434969815193e+06 3.784300493195042945e+06 1.783214180002276553e+06 1.811760011263457825e+06 3.404640792411125265e+06 6.318339747925980948e+06 1.559334328370345756e+06 3.082375381236265530e+05 3.538869599962322391e+05 1.414729491135977441e+05 1.152959231341953127e+05 1.460688650114376505e+05 2.213511899015226227e+05 1.627752207441825012e+05 1.011083629507856385e+05 1.012894764338068635e+05 8.733161162338194845e+04 6.379163589975428476e+04 8.448303714640073304e+04 4.243636874977324624e+04 4.876819675338114030e+04 1.565720642869981384e+04 2.317228530273832439e+04 4.916977797519340675e+04 3.011360914404815412e+04 -9.956577701559701381e+03 -2.574006275652267504e+03 9.512889739326627023e+03 6.550078209225554019e+03 1.061713617264339337e+04 1.931189575309619540e+06 8.919057877704751445e+05 1.606889721406098106e+05 1.236350511816616636e+06 2.316685699580304325e+06 2.916738326730975416e+06 1.147135174238456413e+06 7.546835462168229278e+05 1.704427155655104725e+05 1.708550259399632632e+05 1.709503844706208620e+05 1.203523041517831007e+04 -1.741646892859753279e+05 1.301737537546680251e+05 1.638696813975916884e+05 1.449912159982726444e+05 9.700419348149720463e+04 1.072442375144709513e+05 6.372327705989508104e+04 4.464005198882757395e+04 6.657225015742761025e+04 5.838094379723430757e+04 1.374442951249536418e+04 3.194352207894169624e+04 2.062078185947351449e+04 2.400608756977529265e+04 2.112259314066504157e+04 1.363953948473511628e+04 -6.672030055577642997e+03 -7.754042860850677243e+01 -1.919136108399759745e+06 1.372628309366198489e+06 -6.995143397398494417e+05 -5.664431832138223108e+05 8.182915968512508553e+05 8.889453305398832308e+05 -1.928517007192562451e+05 3.653722218576197047e+05 -2.773165584551806678e+05 -6.796514852932166832e+04 2.925817336120930850e+05 2.002093525779070624e+05 2.742091722699841484e+05 -5.557853876338084956e+04 -9.631456603241031189e+03 7.150946239218584378e+04 3.624907954769005300e+04 -6.656675405756086548e+03 -2.071561229200692469e+04 2.897477859851729954e+04 -2.231423434990938404e+04 1.738421764635654836e+04 5.367722036724915597e+03 9.780559325393271865e+04 1.019948048385787843e+04 -3.536034160958552820e+04 -2.682961597255378001e+04 1.696141887000581846e+04 5.824332844823363121e+04 5.948787804589560255e+04
1.035758120555378264e+06 1.577386925195731921e+06 6.278565831341068260e+05 7.244113353981914697e+05 3.957268777037476539e+05 1.559334328370345756e+06 3.818134503832264338e+06 1.142464945708737941e+06 2.575357506177552277e+05 2.523954707359580207e+05 1.129134768970964360e+05 1.735690885030728532e+05 7.822252503642294323e+04 1.110632155785136274e+05 6.417681000841666537e+04 4.752298234173037054e+04 7.247042272400778893e+04 2.364525933458719373e+04 3.187390606043432490e+04 4.914943708360657183e+04 4.089334966160592739e+04 1.888703723162178358e+04 2.146190825512526135e+04 3.699887885987978370e+04 2.845929441945500730e+04 1.702171591132477624e+04 1.531548081363580786e+04 2.879619250927386747e+04 1.922601009192744095e+04 8.083343301473879364e+03 1.026491973422098672e+05 1.392628544325920520e+06 1.288746583207234042e+06 6.130477321701084729e+05 2.408897527046171017e+05 1.427038540299380897e+06 1.447556867817162769e+06 8.280823407549633412e+05 1.128126114212971734e+05 1.738778289580857963e+05 3.548663925021195901e+05 1.391234642078026955e+05 3.985847295691740874e+04 1.510637086505976913e+05 1.263992600199411390e+05 8.622521555285828072e+04 8.207812833693435823e+04 1.338343126482286425e+04 2.237925790628413961e+04 8.081222984470272786e+04 1.362710941380403237e+05 2.451322898888505733e+04 -2.010639258811253239e+04 1.111187706736127438e+04 1.056401595327855466e+04 1.506240605125803631e+04 5.849339530655152339e+04 6.347134597921144632e+03 -1.510987388923771732e+03 2.005311959774083516e+04 -1.208623216906395508e+06 4.553249803751534782e+05 -1.530334433153420221e+06 -2.716632507125840639e+05 4.054175195039405371e+05 2.529810515218990622e+05 -7.900989951373571239e+04 -2.537726937852406991e+05 -4.188806244780235575e+05 -1.312910092494253331e+04 -2.096034514830770786e+04 1.050355307532905281e+05 -3.448735861927740916e+04 -6.874203365489329735e+04 6.245802137220153236e+04 5.420443736915937188e+04 -2.597121131944493754e+04 -8.015478512221087840e+03 -1.322745320331320909e+04 5.403554384090819440e+03 -2.851285723260384475e+04 2.977527564480863293e+04 4.271137924082825339e+04 2.443466184072951364e+04 4.495398258878142951e+04 -4.986494512182172912e+03 -7.774877410265328763e+03 3.359649769477322843e+04 -1.518297380182689267e+04 5.563609609433589867e+03
1.391227770514148753e+06 1.256464317642478505e+06 4.122442872650509235e+05 4.249581831295467564e+05 8.427138117241467990e+04 3.082375381236265530e+05 1.142464945708737941e+06 2.338537039067479316e+06 6.649987552076107822e+05 1.999725456950142980e+05 1.175068238490909571e+05 7.432126771484214987e+04 7.512117256092779280e+04 1.348198174569769762e+05 6.775783134493893886e+04 8.643047217616580019e+04 4.547623037500647479e+04 2.668056731982431302e+04 2.123273448760965766e+04 4.079935707652468409e+04 2.579770807508697544e+04 8.919421260021717899e+03 1.490379007786146576e+04 1.807428659102937308e+04 6.176089131335354068e+03 5.200568381681486244e+03 1.319255986520032275e+04 1.661463678509581587e+04 2.044116657911106449e+04 1.523908060828193447e+04 -1.059157590549939312e+06 7.243272006953287928e+04 1.841492652286715340e+06 5.587980896846163087e+05 1.708899708279006882e+05 1.933162025788696774e+05 3.190005583554487675e+05 8.962219224516884424e+05 1.859876832236265473e+05 -1.281906638715307927e+05 7.941864631800763891e+04 2.611354775413058451e+04 -2.637554221634551868e+04 7.039878038552511134e+04 4.068214739739717334e+04 4.418132221870335343e+04 7.637038109201401312e+03 4.872771696949286707e+04 3.262589404712965552e+04 2.671280854701487624e+04 4.206488053463886172e+04 2.481909027826884267e+04 2.559044283473677569e+04 2.801683670960167728e+04 1.428498024141499855e+03 1.753793829744252798e+04 9.695274501460929741e+02 4.474070217518808022e+03 8.148221590915648449e+03 2.358326834538937692e+04 4.297160219450668083e+05 1.362003968956854660e+06 1.336360373625660315e+06 6.323187933674615342e+05 6.161329466449300526e+05 1.885044729142630531e+05 6.994781606902358180e+04 -2.849273770412298618e+05 -4.642897071680917288e+05 -1.899513198718805797e+05 -5.811665562998544374e+03 1.697019550714734069e+05 1.231118845360326522e+05 -5.567745623014578450e+04 1.697449633713456569e+04 9.359188363481998385e+04 -3.557938100283534004e+04 -1.221520237894013408e+05 -7.991505409137174865e+03 3.212850047462031398e+03 -2.093647447970449139e+04 -3.045113397396333312e+04 5.928932482582187731e+03 -4.984410210522461966e+03 3.590384288925235887e+04 1.509845801741142168e+03 -1.007472094824183841e+03 9.513916604486428696e+03 -1.886991226902481139e+04 -3.020684859495685669e+04
1.931709918453103164e+06 9.283020595528156264e+05 8.156169914930680534e+05 7.046847575310302200e+05 4.755959011337982956e+05 3.538869599962322391e+05 2.575357506177552277e+05 6.649987552076107822e+05 1.406763429736614227e+06 3.984826873748587677e+05 1.532061303170138854e+05 6.747941313611161604e+04 5.051245474494939845e+04 7.855839404803240905e+04 4.910866944174182572e+04 7.519696780772253987e+04 4.761905573132162681e+04 3.817122890127528080e+04 3.987124201729947526e+04 4.119962643764974200e+04 3.391870674901254824e+04 1.918143803442271746e+04 1.486811203893734637e+04 3.087317582356573257e+04 2.357144805615274890e+04 2.162706953955527206e+04 1.070421893377205924e+04 7.960922130121294686e+03 2.442065764945866249e+04 1.025918044472161819e+04 -9.396454198353770189e+05 -1.711049883775179624e+05 2.526169103676529601e+06 1.195240067557466216e+06 2.602464871817927342e+05 8.329610782113477762e+04 -2.495628476538901741e+05 1.551052595805475721e+05 4.766650364878584514e+05 1.288671732027873659e+05 6.385070477324994135e+04 -8.814600280125521749e+03 3.000529933056158916e+04 7.709433619931973226e+04 6.031230913335762307e+04 4.732401059646532667e+04 2.674739686374636949e+04 1.041472927129635718e+04 3.238127830544381868e+04 3.879882101118519495e+04 2.853706287911689287e+04 -1.298396253979389439e+04 2.296542654262153519e+03 1.710132504037568651e+04 2.001326784708972264e+04 1.106991937329481880e+04 6.819134156917193650e+03 1.454600135073413412e+03 2.503956413091506420e+03 1.809825665524962460e+04 -1.146886472764385864e+06 -6.266320432184309466e+05 8.326925111827737419e+05 6.127603094717817148e+05 3.605329541347210761e+05 1.497177758602212125e+05 -3.162325394738843897e+05 -2.327959597352002747e+05 -8.689168339295654732e+03 -1.914355326529968806e+04 -3.949209706280513637e+04 2.752265437855264827e+04 6.295383997448244918e+04 -2.976180734152052537e+03 2.273554865666328260e+04 6.318367073866548708e+03 -5.518153487310020864e+04 -6.336838260453809198e+04 -2.263134870374234742e+04 1.684994557868147604e+04 -7.771830801864795831e+03 1.495021948229481859e+04 5.811591018200359031e+03 -4.108938807980008278e+03 2.143763654134703393e+04 -3.507812754242752817e+03 5.754418088344651551e+03 -2.579822455825488760e+03 3.188485920176867876e+04 3.639793752062680869e+04
1.147254097991235089e+06 7.311261209122817963e+05 1.669970579080038297e+05 5.494543124786200933e+05 4.471325297110663378e+05 1.414729491135977441e+05 2.523954707359580207e+05 1.999725456950142980e+05 3.984826873748587677e+05 8.454958763150321320e+05 2.617208069129823707e+05 9.596772590637554822e+04 7.800984353083759197e+04 5.911624834577892761e+04 5.424513968892148114e+04 4.566961296523547935e+04 3.205005823779977072e+04 3.869120046850580547e+04 3.390637905387600767e+04 4.506905444680091750e+04 3.104450691497589651e+04 2.235801887933931357e+04 2.185800914611522239e+04 2.845401646947561676e+04 3.101371632072301509e+04 2.628164793994136562e+04 1.589771942337557266e+04 1.394898334786962732e+04 1.820237423974242847e+04 1.001345604548258052e+04 -2.371639052864673431e+05 3.338225843201936805e+05 4.699405015986798680e+05 6.559251770674567670e+05 7.420430509008299850e+04 2.200893239404550695e+05 -1.868000142066700500e+05 -3.131471751977597523e+04 1.605901270470668969e+05 2.227513505245293200e+05 1.817127566264513298e+05 4.545314595192875458e+03 6.318644881467156665e+04 5.050587406910080608e+04 -1.696218518157901417e+04 1.176620356883191926e+04 2.469877394640059720e+04 4.250245142085637781e+03 1.180424201123394414e+04 5.095611573001728175e+03 1.412968014421958287e+04 9.787335062732456208e+03 8.805165524174896063e+02 3.078358306314254514e+04 1.574912584920292466e+04 -1.195792835236348947e+04 8.611353963699575615e+03 1.704133887642606715e+04 -5.448321213844738850e+03 -5.933002508427972316e+03 -1.303588403544632456e+05 -8.285277438587985234e+05 -3.226732718607598217e+05 -5.275524259173795581e+05 2.813884608791712089e+05 2.991773384624614846e+05 -1.855120679462056141e+05 -8.362336468414086266e+04 -8.744530640532559482e+04 8.817209944055860979e+04 -8.450922245965994080e+04 -1.950770163969531859e+04 -1.029417941893392272e+05 -6.183837610074288023e+03 3.933401755579006567e+04 -4.026964580969743110e+04 -6.079738926997049566e+04 -6.215075621243563546e+03 1.703687872573863569e+04 4.622733873142558150e+04 -5.281806408739486869e+03 -4.785914985677337972e+04 -1.107288340410982892e+04 1.170202183777084429e+04 2.229223120896222827e+04 1.771173689643963007e+04 2.247421121078349097e+04 7.128751863475226855e+03 8.470318545719459507e+03 2.650359954148945690e+04
-5.561235980148250746e+03 -8.691948221124011616e+04 1.117355299315902375e+05 5.358658491453601746e+05 1.925180980656247702e+05 1.152959231341953127e+05 1.129134768970964360e+05 1.175068238490909571e+05 1.532061303170138854e+05 2.617208069129823707e+05 5.941818549293756951e+05 1.715760410046346078e+05 8.523413116766871826e+04 7.141196065227487998e+04 5.654899545996447705e+04 3.872862490601144236e+04 3.582844190574318782e+04 2.124166235795507600e+04 2.684556994823833156e+04 2.958180696245018044e+04 2.563242806318120711e+04 1.823222156047291719e+04 2.115742585099276039e+04 1.578932923049837882e+04 1.669703128947450023e+04 1.199271480714986501e+04 1.893561039860252640e+04 1.590840267538984335e+04 1.600818057569057055e+04 1.725934808614271242e+04 -6.068093824798691785e+05 -2.548904082946928975e+05 8.580756068518453976e+05 6.156898594236683566e+05 2.263234471099671209e+05 1.257065955955736572e+05 3.837694305416969291e+04 4.401504464867749630e+04 4.254911837652904796e+04 8.041684799048828427e+04 2.016477432757473143e+05 -2.515812800690566655e+04 9.660654571718196166e+03 2.946056414599292475e+04 4.132137571117342304e+04 1.707561323908171107e+04 -2.321792333362588579e+03 -1.173420715461674263e+03 2.167418346865348667e+03 -2.204430510331010737e+04 4.065159404929583161e+03 1.282368442442186279e+04 1.088664708399091614e+04 1.517752874950161095e+04 8.785743841534431340e+03 -1.872588501931100109e+04 -3.187133805583906110e+02 5.613106318404170452e+03 7.478208851752468945e+03 1.074130803218995243e+04 4.530009654214787297e+05 -8.608224870924479328e+05 -6.185035202247730922e+05 -7.594805975151174935e+05 -7.016085061691650480e+04 -5.102265784767399600e+04 -1.664135891682367073e+05 -1.206934192673779908e+05 -1.309171256800570118e+05 7.683830726479371151e+03 7.208072764949228440e+04 -1.617444524276629818e+04 -6.477726141727216600e+04 6.558296952766546383e+03 5.246133702480564534e+04 -3.172571222357497390e+04 8.255143681172117795e+03 2.329220033821434117e+04 3.117612188748603512e+04 2.399935728469728929e+04 3.199393471675312412e+03 1.133432384205235394e+03 3.270617182718247932e+04 -1.489545693334685211e+03 2.630201343691055808e+04 2.148614295136702640e+04 1.660237825467466973e+04 5.876747952490957232e+02 6.929431594816720462e+03 1.413014324753559549e+03
9.144261802624424454e+05 2.081920123567507253e+05 -1.365130427556543727e+05 2.853314253686719458e+05 1.669249461748096219e+05 1.460688650114376505e+05 1.735690885030728532e+05 7.432126771484214987e+04 6.747941313611161604e+04 9.596772590637554822e+04 1.715760410046346078e+05 4.023832866060627275e+05 1.208490599792603753e+05 7.432971276422649680e+04 3.934725073030405474e+04 2.595457762678705694e+04 2.918741326212639251e+04 1.894615112347006288e+04 1.161232205368853829e+04 1.518566543152027043e+04 6.712624750280575427e+03 1.598607524453630685e+04 2.087460616241935350e+04 1.775383704985528675e+04 1.837964329277095021e+04 1.776618875716844195e+04 1.492078161758854185e+04 1.198154902202055382e+04 1.420373477377216477e+04 1.242779900183808786e+04 3.326775466298653628e+05 6.782480403930993052e+05 8.913471679859037977e+05 3.000005232144108159e+05 -3.359396089640475839e+04 1.327124058277156109e+04 5.295051124532331596e+04 3.298527738931481872e+04 5.848417707487005828e+04 1.980909971559532278e+04 1.578317689636588912e+05 4.767117128748780669e+04 -1.238410258477807247e+03 2.074944151529636656e+04 9.253394724799132746e+03 2.069877487868975368e+04 -4.571464393151169133e+03 1.144969124613797976e+04 4.177625860223575728e+03 7.494834864089091752e+03 1.305856667088164977e+04 -3.399306454176534771e+03 -5.473949055543909708e+03 6.357234544425306012e+03 -1.818671222577036588e+03 -6.605430221353981324e+03 7.000985554855994451e+03 1.419268738855005358e+04 5.985510111980841430e+03 8.226222847972787349e+03 -8.758413141176501813e+04 -3.975405797392881504e+04 -2.432228220083919878e+05 -2.057474345404196065e+05 -1.925954972184179351e+05 2.735922545885850923e+04 -4.957681421884634619e+04 5.802770670595484262e+03 -8.883436430550512159e+04 2.691320477166197452e+04 9.272417672969323758e+04 6.265332595770795160e+04 -1.273492713869747058e+04 -7.361257600134206768e+03 6.210753034240311536e+03 -2.566056875648307687e+04 -6.643000971670533545e+03 -7.188004883846127996e+03 3.836696875112427369e+04 1.861528679675218154e+04 1.803323699306488925e+04 2.634524570076673990e+04 3.078837275253068583e+03 3.212507710409589436e+03 1.010313109473818076e+04 1.853159937616415164e+03 6.406303457349702512e+03 6.050672527758000570e+02 -1.682347362919136231e+03 1.615388321229511530e+04
1.128072347137252335e+06 4.608117779522398487e+05 9.344549093871891091e+04 3.518841186301393900e+05 3.832645285342146526e+05 2.213511899015226227e+05 7.822252503642294323e+04 7.512117256092779280e+04 5.051245474494939845e+04 7.800984353083759197e+04 8.523413116766871826e+04 1.208490599792603753e+05 3.529769732423585956e+05 1.174411114497398521e+05 4.581030010181520629e+04 4.491505450029265194e+04 3.801279554546703730e+04 2.955278862366818066e+04 2.614103410820242425e+04 3.025072771228229976e+04 1.478307258824185919e+04 1.962902473518875922e+04 1.979714193269581301e+04 1.663415791395169435e+04 1.527448195215557826e+04 1.380824087097570555e+04 1.401846580973129494e+04 9.873877096401256495e+03 1.058792973827665628e+04 7.781223089930460446e+03 -5.336972410387990531e+05 8.193602413064542925e+05 3.967630903484094888e+05 4.036365262169077760e+05 1.360096889644695621e+05 5.913828385079874715e+04 -6.719271036412204012e+03 1.158221850533980796e+04 5.882067715029595274e+04 3.214514546909068304e+04 1.403769781053484621e+04 7.441514762662997236e+04 5.981175472662263201e+04 5.376248167845699209e+04 3.642489542349501426e+04 2.491759596928855535e+04 1.994787888972654400e+04 2.607742651675480010e+04 1.435400678124227306e+04 -2.737272932342453259e+03 7.454861143174871358e+03 6.257034620469579750e+03 -1.599054721386751953e+04 1.488321091359236561e+04 -1.469160090829355340e+03 1.004424604854952804e+03 3.333973838952226288e+03 7.224217401517476901e+03 6.632959977106489532e+03 7.797029078849305733e+03 7.327704789946533856e+04 -8.999203507971066283e+05 1.709985675690429925e+05 2.982787139838229632e+05 -2.948650008113659715e+04 1.703730438086632057e+05 7.696397574810658989e+04 1.711292619631541675e+04 3.045697723974255860e+04 6.651444676929057096e+03 8.232151800056388311e+04 8.204211411355168093e+04 7.381408066753440653e+04 2.712126638412363718e+03 -2.799320715999047934e+03 -4.095033488003815728e+04 -2.642624215454738805e+04 -2.229142666862815167e+04 -7.101939094750777258e+03 -3.500188737189263065e+03 -1.248234023989930211e+04 -5.596795918737881038e+03 -1.450616052535760537e+04 1.305867185282392529e+04 -2.081532517611516141e+03 -1.519037380248861518e+04 5.786694750514226143e+03 -9.479452611836990400e+03 -8.486592859354926986e+03 5.289452864379711627e+02
9.405420763852971140e+05 6.424084305166314589e+05 4.519194182917341241e+05 3.304723046749091591e+05 1.555092438741564692e+05 1.627752207441825012e+05 1.110632155785136274e+05 1.348198174569769762e+05 7.855839404803240905e+04 5.911624834577892761e+04 7.141196065227487998e+04 7.432971276422649680e+04 1.174411114497398521e+05 2.778793259392234613e+05 9.887294969719166693e+04 5.191548107466419606e+04 3.770910648649316136e+04 3.172598536942923602e+04 2.679120082332891252e+04 2.960191520918937022e+04 2.036560770423539361e+04 1.996556106491236642e+04 1.983170130547508961e+04 2.021164029900234164e+04 1.704586681073118962e+04 1.717326637791272879e+04 1.652772418200518587e+04 1.135120147809487753e+04 1.155424824176904804e+04 6.131831504230858627e+03 -6.662765412884883699e+04 7.531218109368209261e+05 3.721237530341387028e+05 2.289197365503306501e+05 9.375079381867692064e+03 1.847564609354215791e+05 1.527232499113777885e+05 1.227586163235166023e+05 8.059400762739255151e+04 6.370745206660591793e+04 3.807946980068262201e+04 1.798772809304501789e+04 7.228812629541252682e+04 7.896583759056459530e+04 2.811074266406141396e+04 1.434380560804891684e+04 1.603756766600224182e+04 3.912573927291818836e+04 3.187914931671389058e+04 1.740117978762643543e+04 1.316082500350474947e+04 1.945635013439015665e+03 7.818096743770481226e+03 1.609190624035704241e+04 1.217693473179269495e+04 8.530015383619054774e+03 1.586271951830451690e+04 1.330031682268205986e+04 9.921379551372669084e+03 6.427940756779801632e+03 4.275101308621176286e+05 3.063352955113660428e+05 -7.212198898562746763e+04 6.856618689093829016e+04 -1.117909024948553561e+05 5.317314340889993764e+04 -1.209443937822109774e+03 -7.272764278492891754e+04 2.989144591571754063e+04 -1.174805420777204199e+04 3.722348304497070058e+04 8.202623251316753158e+04 3.019981764100067448e+04 5.849382122132414224e+04 1.325894725053723050e+03 3.030597028977031005e+04 -1.400090557895810343e+04 -4.368749014253473433e+03 9.940889363958805916e+03 9.490351673797298645e+03 -1.572509146510527353e+04 -1.795668815776586780e+04 -1.302393591966576913e+01 1.283103192110650525e+04 6.275149163212307940e+03 -9.025200923263830191e+03 -4.657237711061989103e+03 7.520333925669274322e+02 1.037459716883538022e+04 9.852869843957753346e+02
6.712795962060939055e+05 5.926977310840643477e+05 3.319628257982705254e+05 2.651429743788823253e+05 1.138680340326798760e+05 1.011083629507856385e+05 6.417681000841666537e+04 6.775783134493893886e+04 4.910866944174182572e+04 5.424513968892148114e+04 5.654899545996447705e+04 3.934725073030405474e+04 4.581030010181520629e+04 9.887294969719166693e+04 2.165741019923476561e+05 7.572727609434843180e+04 3.050394932563738985e+04 2.800746472367440583e+04 2.343058599536176916e+04 1.866349533858080758e+04 1.501605767696862677e+04 1.525086858473333996e+04 1.458273710646422114e+04 1.320613461795808144e+04 1.631717882055618793e+04 1.296655454593632930e+04 1.239243500400170160e+04 9.680885360879874497e+03 9.527967275558909023e+03 5.670594218730801913e+03 8.325446964956172742e+05 8.103045703092091717e+05 5.909020732456054538e+05 1.490906445490421611e+05 5.033155593777510148e+03 5.465948754186103179e+04 -9.482824616034617065e+03 2.088045731748069738e+04 5.098729412387513003e+04 4.074815775516735448e+04 -5.106982213140203385e+03 2.077902224294415646e+04 1.966142817253948306e+04 1.511974413131157598e+04 1.666649301275497805e+02 1.331087279137880250e+04 -4.239653285148415307e+03 2.450504954751549667e+04 1.128736980658601715e+04 2.465842975370205465e+02 -7.354640017226184682e+03 -6.084930781159864637e+03 2.349046299755269956e+03 2.207933956447482615e+03 -6.826742683915793350e+03 -1.166388232848391453e+04 3.503380728982029268e+03 2.237308189161003156e+03 -2.675958478990952244e+03 2.289900544596629857e+02 5.854781097542466887e+04 -2.239384776791960030e+04 4.519521546626756899e+05 1.510344083867436857e+05 1.727955465010392800e+04 2.610011339058413796e+04 -5.179196898907123250e+04 -1.237675294594813167e+05 -3.524395637676815386e+04 1.554612098038696604e+04 -5.632176605060905786e+03 2.595663825722516412e+04 -1.576764546002433235e+04 2.719806518109564422e+04 1.771920079531046940e+04 -1.483536844716799533e+04 -8.141725819744292494e+03 -5.477903987965839406e+03 1.725305482153012781e+04 1.552074437183201917e+04 1.252972828608702730e+04 -9.761914202213257568e+02 -8.590477136936891839e+03 9.788785011731722989e+03 1.283914612539906375e+04 -3.874775304825033345e+03 -1.472191442600877781e+04 -1.122961492686161364e+04 4.161821598671540414e+03 7.698287106531101927e+03
3.419007381067118258e+05 7.846872068698717048e+05 3.096033594780588173e+05 3.323134004055944388e+05 2.165677012394921330e+05 1.012894764338068635e+05 4.752298234173037054e+04 8.643047217616580019e+04 7.519696780772253987e+04 4.566961296523547935e+04 3.872862490601144236e+04 2.595457762678705694e+04 4.491505450029265194e+04 5.191548107466419606e+04 7.572727609434843180e+04 1.654912523287615331e+05 6.112454562519791943e+04 2.487489649897218260e+04 2.016536050672724377e+04 1.825413755993760788e+04 1.428085349810859407e+04 1.942580220900526911e+04 1.596517488618008247e+04 1.308447345212493201e+04 1.379626909061626793e+04 1.118141075807637753e+04 1.327627698408253673e+04 9.281240947885195055e+03 8.681095194334489861e+03 6.106282409571793323e+03 7.428703071566167055e+05 1.206490829795817262e+05 4.127901939922940801e+05 1.735989010019546258e+05 -1.168414567470232032e+04 1.133980530490532110e+05 8.229661342430825925e+02 4.534876438258096459e+04 8.540890554754788172e+04 6.816313934795079149e+03 2.887458507485076188e+04 1.350307636241443652e+04 1.886959026906816143e+04 2.302371011065532366e+04 1.951389017368889108e+04 3.254942786688874185e+04 2.352593439694724657e+04 3.065023696234949603e+04 8.354427329030846749e+02 -7.572233143586555343e+03 -2.582319244200567937e+03 2.918372365063746201e+03 2.774110837658990931e+03 4.220980157440990297e+03 -1.270182902347941763e+03 1.930642253962789709e+03 -5.424746062120290162e+02 -5.811265487795549234e+03 1.698715113927092261e+03 5.775347585610748865e+03 3.327496280512040830e+05 2.947361792939966545e+05 3.281808216055764351e+05 5.966931893940180453e+04 2.177422665071637311e+04 -1.656161634035154566e+04 -8.511891663527060882e+04 -7.728659258262059302e+04 7.318739874025038444e+04 3.855422998805291718e+04 8.763314137982799366e+03 1.750815038432359506e+04 1.544347318512505808e+04 2.057016538485294222e+04 -2.372259482241274964e+04 -3.654722286139796779e+03 2.945191210923077961e+03 -2.441921231409981920e+04 3.009360484104647639e+03 2.963987804406840496e+03 1.436686210621156533e+04 4.527933693797594060e+03 -4.843639428190898798e+03 -1.283967848994219366e+03 -3.439327899043353227e+03 3.684468007455574934e+03 -3.296602862627540844e+02 -6.197707512075930936e+03 -2.126777669249318024e+03 -2.416531002934770186e+03
1.690666595479666721e+05 1.912025662484586937e+05 9.988499670232455537e+04 2.093468712208507932e+05 1.520265188363721245e+05 8.733161162338194845e+04 7.247042272400778893e+04 4.547623037500647479e+04 4.761905573132162681e+04 3.205005823779977072e+04 3.582844190574318782e+04 2.918741326212639251e+04 3.801279554546703730e+04 3.770910648649316136e+04 3.050394932563738985e+04 6.112454562519791943e+04 1.307547739005395415e+05 4.452710777483230049e+04 2.585375413232372739e+04 1.436811567117597042e+04 1.260750087886521396e+04 1.476398227068905180e+04 1.375495019896760277e+04 1.082928581472131009e+04 1.179472676943018814e+04 7.548559464095684234e+03 1.158054834250946442e+04 9.404023805977836673e+03 9.387334937851572249e+03 7.835303943948453707e+03 1.195717847267924517e+05 3.613697490730247227e+05 4.393002110764473327e+05 1.508010699570167926e+05 -5.548400844534161297e+04 8.427945316012538387e+04 6.973055553581552522e+04 -1.893411075626742968e+04 2.053832618904884293e+04 4.410135074868689117e+04 3.656444955092555756e+04 1.955227726104473550e+04 1.481578747984002257e+04 2.402665023461520104e+04 5.148219958572548421e+03 9.359113974961141139e+03 2.200745278930499990e+04 3.089959757426699434e+04 7.225901962828466822e+03 -4.907938456922152000e+03 5.334694963117598490e+03 -1.963462677801727978e+03 -7.942982229281666378e+02 7.184863877276783569e+03 7.488835946733356650e+02 2.328734628670693837e+03 2.054501414889672105e+03 -1.919552103157203646e+02 3.318734544694481428e+03 4.802120242338209209e+03 -8.001987225314008538e+04 2.131571882125455595e+05 9.868521215514914365e+04 -1.520469041783986904e+04 -3.914366203548893827e+04 5.403789513370698842e+04 2.321641181406038231e+04 -1.114888409883811255e+05 3.575321969392889150e+04 3.922552635887812357e+04 2.607932188349728676e+04 5.813519817724779386e+03 -7.208040128812245939e+02 3.610866863114335047e+03 -2.630071289082279327e+04 -1.559389397942532560e+04 1.250663458219381027e+04 -2.592634046785875853e+03 1.403677935898325995e+04 7.001068631786623882e+03 -3.040874024553062100e+03 2.201539701411314127e+03 9.860652736049410123e+02 -3.828579405273368366e+02 1.823793928720363624e+02 3.332406184641097298e+03 8.342137962271239303e+03 -3.581747387953848374e+03 -2.379270471720699788e+03 -5.151227193607224990e+02
