1.436620470149185359e+08 3.480719752955876291e+07 -1.776228774068926927e+06 -9.280506583446717123e+05 3.028446212411721935e+05 4.801997523029723088e+05 7.961122410196125275e+05 7.047390488285317551e+05 3.409378322724248283e+05 9.823536899394672946e+04 5.912543420806319773e+04 -1.533610499228722183e+05 -4.021825112665485358e+04 1.727055998062025465e+05 -6.481360602421188560e+03 4.911089930690546316e+04 2.850301233168977706e+04 -3.100726378346002821e+04 -2.143982121305042165e+04 4.357762288019487460e+04 -1.217340003399075795e+04 -2.544408894405663887e+03 -5.433990331184607203e+04 2.367222738217222286e+04 -2.205658373698245487e+04 1.765584752213528191e+04 -3.482485688587962159e+03 1.246091385112975786e+03 -5.690160592328964412e+04 -3.292398221563148400e+04 1.374512044769912362e+08 4.690235760971690714e+07 -7.372735256735318108e+05 -2.250931102019482292e+06 1.036703457370373304e+06 1.052843827833710471e+06 4.128290975903194048e+05 1.493905737376971170e+06 -1.102717366785243648e+05 4.129190114746090258e+05 4.074879140374861890e+05 -7.826849640629073838e+04 -2.840703699492627638e+05 3.140921877566596959e+05 1.985491765291099000e+03 3.446497936800096650e+05 1.755763244584872737e+05 4.184763959700133273e+04 6.763379949587884767e+04 7.302459346212488890e+04 1.992450159587967501e+05 1.165317551001037355e+05 -1.527201393942490977e+05 -1.376779737522776704e+05 -5.218432643642260518e+04 3.576105885034865059e+04 5.331791321871491527e+04 -4.506775954776781873e+04 -1.282311412022902950e+05 -4.286344890492159902e+04
3.480719752955876291e+07 7.372702792388793826e+07 1.149153322128550895e+07 8.923911045894136187e+05 5.535715556411718717e+05 3.430847839261511690e+05 -2.088252234655418142e+05 1.189823945333988668e+05 1.353620851339293586e+05 3.000832916387212463e+05 6.727587226495830691e+04 2.517385668536927551e+04 -2.514950480552586669e+04 -9.519391261925171420e+04 1.605849094308850545e+04 1.032102743814005662e+05 1.145287480754266871e+05 9.388552088505020947e+03 -5.365203537978429085e+04 2.319598655828574920e+04 -1.554654196123719885e+04 3.539131207459776488e+04 -2.053420369428071717e+04 1.392743493032234801e+04 -3.673895949028102223e+03 3.508912492539108644e+04 4.535459566676750546e+04 2.923707430435235801e+04 -8.208055712613973810e+03 -6.065309873373818846e+03 4.373397471128530800e+07 1.061842380938379467e+08 1.874555692664114758e+07 6.993243037692819489e+05 -3.145792549613312003e+05 3.312460818820590503e+05 -1.446035972897961969e+06 -3.529536281014618580e+05 8.019192823619685078e+04 3.934486812850261922e+05 1.182223535041775904e+05 -6.413237149904830585e+04 -1.493221442549983331e+05 -2.000199618237962422e+05 -9.893345635198289528e+04 2.896015258946274989e+05 2.197457921201560239e+05 -5.508985845764169790e+04 7.551218812892073765e+04 6.608894548227608902e+04 1.236525841411885340e+05 1.784537867042076832e+05 -1.176388609783553256e+05 -3.727813178655770753e+04 -6.061319997077423614e+04 7.035451047681873024e+04 1.098247071897022979e+05 1.031744763088961481e+05 -4.848220810680098111e+03 -1.879845065340972724e+04
-1.776228774068926927e+06 1.149153322128550895e+07 2.430440371960169822e+07 3.696071943595756777e+06 4.548565291995888692e+05 3.488836267922087573e+05 3.912695654362400819e+04 2.542556255478407256e+05 -9.076247860692261020e+04 1.754009558826055436e+05 -8.576452827722281654e+03 2.105668924906909524e+04 6.381169057670159236e+04 4.091594238494381898e+03 5.707807432216468442e+04 2.557912568977342380e+04 5.185519917970573442e+04 3.444834287732306984e+04 1.483249601498358788e+04 2.053550809176343137e+03 -6.476037233086405649e+03 2.467209869302625521e+04 3.272629048415076977e+04 2.543140981816931890e+04 1.027127395477623577e+04 9.180786468806418270e+03 1.495125171300569309e+04 1.062275550825711434e+03 1.687013474790515102e+04 2.033606167080772138e+03 3.388766455452742986e+06 2.091438865418801457e+07 3.902900104464248568e+07 4.280934139922423288e+06 4.839660007901044446e+05 -8.958007382348904503e+04 -3.954133145663482137e+05 -7.700856227179545385e+04 -2.253108784445365018e+05 4.235605778352788766e+05 3.137137104479435220e+04 7.708795731536486710e+04 2.915983047704061610e+05 8.261651707332849037e+04 9.702555390107177664e+04 7.848840891676413594e+04 7.309418992791544588e+04 -6.629469737364184766e+03 1.554335525179133401e+04 -1.964196487980676466e+04 4.243238870392080571e+04 5.429295906848487357e+04 6.352611760202929872e+04 2.757134134900728168e+04 3.552164667695707612e+04 3.557486323934116808e+04 4.259365385295263695e+04 2.667000383653351309e+04 3.449746312019916513e+04 8.037985971461508598e+03
-9.280506583446717123e+05 8.923911045894136187e+05 3.696071943595756777e+06 8.893182865129712969e+06 1.720571859503149753e+06 7.454340048096487590e+04 2.285924384291230672e+04 2.809977794302733673e+04 1.626008156236686627e+05 1.028076981032827462e+05 -5.182702305198340582e+03 6.470866562547413423e+02 -4.165298506261788134e+03 -1.590289023809734499e+04 -3.950783804288555530e+03 3.808822023272379738e+04 2.162252713823000886e+04 3.733362573965002412e+03 -1.210326636254329969e+04 5.492874961887341669e+03 -5.869638761175285254e+03 1.975491312284302126e+02 6.640863010946422946e+03 9.180732769535568877e+03 1.632200495442743704e+04 1.046828147061556592e+04 -4.115656175727363916e+03 1.012687481674970695e+04 9.258950855856868657e+03 2.680336856917593650e+03 4.492368273574393970e+04 4.712245840832477435e+06 6.355073043132289313e+06 1.328184981691161729e+07 2.137797699497184716e+06 2.114403489623269124e+05 -2.539433109987172356e+05 -1.479292713166030298e+05 1.112825084874641907e+05 -5.658589506896781677e+04 -7.971147101240638585e+04 2.299192081088310806e+04 9.066242989358030172e+03 5.427000992906476313e+04 7.622534693300664003e+03 5.808342126598278264e+04 1.119354312865166430e+05 -3.288860202317312360e+04 -1.086692435259669946e+04 5.660892362960549690e+03 2.043275669299790752e+04 2.829896817977051978e+04 -1.442683689881829878e+03 1.662316890291717209e+04 4.002318910403016162e+03 1.138055350352137611e+04 1.117628767180143313e+03 3.937981249651160761e+04 2.258030443470364844e+04 1.622023192463412124e+04
3.028446212411721935e+05 5.535715556411718717e+05 4.548565291995888692e+05 1.720571859503149753e+06 4.048114470755110029e+06 6.644680115237364080e+05 -2.681232535502672545e+04 1.486127576912064796e+04 6.994067546575145388e+04 3.834053519707072701e+04 -5.861389125126103863e+03 2.293876344062014323e+04 1.804195519867697658e+04 2.082708282682963909e+04 -7.916276129193555789e+03 1.910845538309253607e+04 9.283360448223005733e+03 1.132878745790475114e+04 7.655581932609723481e+03 3.394750733919693175e+03 -8.243926501470870789e+03 -3.446559301697763203e+03 1.260912580393481039e+04 1.778061169921619467e+03 -2.994535854105972703e+03 -4.971914666553430493e+02 3.293497895899783998e+03 2.679801128732217876e+03 1.302743807907487462e+04 5.561370364911641445e+03 -6.759113985253841383e+05 1.730039555912625976e+06 1.130456907469605096e+06 2.547211559683761094e+06 6.309898681404071860e+06 1.151070057298968546e+06 -1.741090636020585662e+05 -8.852648531059772358e+04 1.331934016417846724e+05 4.588135707564641780e+04 3.544209126662323979e+04 -6.256938949284233968e+04 5.150208326422543905e+04 8.045383883998601232e+04 1.270227255112336570e+04 5.461990568222676666e+04 5.470437235266360949e+04 6.170997378956065404e+03 2.781227708614577932e+04 2.567785547530134863e+04 8.566770507943807388e+03 -4.182718187959450916e+03 9.180108520825688174e+03 1.259379368164154357e+03 -1.926176011156912864e+04 -6.345114141542956787e+01 4.811434969642815531e+02 -8.445614486460501666e+02 1.558145748232412734e+04 -1.076073880801976520e+04
4.801997523029723088e+05 3.430847839261511690e+05 3.488836267922087573e+05 7.454340048096487590e+04 6.644680115237364080e+05 1.834343979686931707e+06 3.034709770200785715e+05 6.174255598067186656e+04 5.545470756814374909e+04 -3.945206714795078005e+04 -3.230690922120567848e+04 1.100854529458095203e+04 4.938888676274392310e+03 2.788671285622958294e+03 4.967763586881294032e+03 1.284768776409117709e+04 1.003880100354289061e+04 7.389731009427331628e+03 5.459444248755914487e+03 8.099571205785280654e+03 7.531423270664288793e+03 1.515833563573560423e+04 1.249546863639906587e+04 4.962179034275816775e+03 -2.339456207947877374e+03 5.554165629175870890e+03 2.714317154356461288e+03 1.719060021064943840e+03 5.232322439092013155e+03 3.853711933651229174e+03 -4.174142549742122064e+05 -3.093609521356478581e+04 1.593383978124821151e+05 -3.158617562723600422e+05 9.373632804072307190e+05 2.790940418534568511e+06 4.378376005198113853e+05 -2.055988747480716029e+03 5.867952145506832312e+04 5.392119820385617641e+04 6.171831977843788627e+04 4.741102172639343917e+04 4.932532889472399984e+04 2.813148262941657231e+04 3.139328522391667502e+04 3.622577508552110521e+04 1.645528938951535747e+04 4.870969512252983805e+03 3.349212338580301002e+04 1.100571427306752594e+04 1.945067470263735231e+04 1.345192049396308175e+04 8.179973992003306194e+03 2.720181029816431328e+04 7.631949874498586723e+03 1.347661072614686600e+04 1.816601801462641015e+04 9.930162398745600512e+03 9.351385757724581708e+03 8.024857714485364340e+03
7.961122410196125275e+05 -2.088252234655418142e+05 3.912695654362400819e+04 2.285924384291230672e+04 -2.681232535502672545e+04 3.034709770200785715e+05 1.143831500334621873e+06 2.295444547095340386e+05 2.294328108865303875e+04 1.041550475576580720e+04 1.356342064350823784e+04 5.188419361595582814e+03 1.151240659829107790e+04 2.632557117051785099e+04 7.520884279856471039e+03 1.476723445073231414e+04 1.359817722423567648e+04 8.958969445262422596e+03 1.397715107599592011e+04 1.314480074280141343e+04 3.293709639962635265e+03 7.226019288295425440e+02 1.098485790071517113e+04 7.749572496709821223e+01 5.847049714205591044e+03 1.554144347655761749e+03 -3.232498136705638444e+03 -1.825985936736251688e+03 1.499102068215177724e+03 4.036427807518501140e+03 3.093689867208127980e+05 -1.325683495952503057e+06 -2.711615079938623239e+05 -4.012373704839163111e+04 1.119189279716015590e+05 5.482326116271266947e+05 1.802288035778428428e+06 3.577195536158286850e+05 2.821490348518549581e+04 2.843320418220510692e+04 3.589303305037677637e+04 5.765479173170362628e+04 3.313705360831610597e+04 2.068402148868897712e+04 -1.799345765313171796e+04 2.559781991772889523e+04 8.560285033376851061e+03 9.813276526056148214e+03 1.708702015417883740e+04 -6.612366915468735442e+02 -2.899533544501545293e+03 -6.611095340304370438e+03 -5.386319415366911926e+03 -2.598259121510036039e+03 4.159969239639662192e+03 2.029715052575268601e+03 -4.878667995456841027e+02 5.041677351220972014e+03 2.781655330937044255e+03 6.332191158775225631e+03
7.047390488285317551e+05 1.189823945333988668e+05 2.542556255478407256e+05 2.809977794302733673e+04 1.486127576912064796e+04 6.174255598067186656e+04 2.295444547095340386e+05 6.590730396527551347e+05 9.961354629366078007e+04 4.887221279724352826e+03 5.139670508285507822e+03 1.327659551411716166e+04 2.886774656623195824e+03 1.749677778698246357e+03 -3.562087871488147357e+03 1.469328726412973629e+04 1.296658368236547176e+04 9.626745323722310786e+03 1.170437011847845679e+04 5.960705579874394061e+03 2.410578347458065764e+03 3.616526052577351948e+03 2.953909452033850812e+03 -5.087250962627088597e+02 4.614209287450885313e+03 5.110433503892691988e+03 2.888951334941598816e+03 5.107556502735045797e+03 2.959595443229693501e+03 1.402388946271075611e+03 5.091278473168573109e+05 -5.738725192501310958e+05 4.199978425921011949e+05 1.554172856021986518e+05 1.622866616344539216e+05 7.868703918304573745e+04 3.775146820454895496e+05 1.006365299653893569e+06 1.423210743160736456e+05 -3.428801672700353265e+03 -4.965987718601220877e+03 5.039997827850652538e+04 9.259764247635413994e+03 2.496371189629010132e+03 2.986874197096660737e+02 3.221565662530397094e+04 3.909393458143117459e+04 1.780615288755441725e+04 9.501609841965344458e+03 5.826593781122571727e+02 7.055934032681216195e+02 7.383421500173811182e+03 4.271329709565750932e+02 -1.787950157556292879e+03 1.516189117249953779e+04 1.002774481684219973e+04 1.103811854910125294e+04 1.377989839346699773e+04 5.232556865421762268e+03 1.116891292657156782e+03
3.409378322724248283e+05 1.353620851339293586e+05 -9.076247860692261020e+04 1.626008156236686627e+05 6.994067546575145388e+04 5.545470756814374909e+04 2.294328108865303875e+04 9.961354629366078007e+04 3.948792563790619606e+05 8.176797154124407098e+04 -5.325345646351113828e+03 -3.303647862171079055e+02 -3.045049385116541089e+03 1.429045861786512205e+03 4.987930250527993849e+03 2.119225072507725145e+03 2.859023860204406446e+03 1.464772536817619766e+03 3.912848655578477974e+03 4.653521165580025809e+03 3.765309815835549216e+03 1.589293486003082080e+03 3.902517810105402077e+03 3.954175588756987509e+03 5.551828526690654144e+03 -2.084975968664214747e+02 2.541281026629976623e+03 3.508781915311390549e+03 3.015652319080616962e+03 2.490508016330757528e+03 -8.491243554711030447e+04 -8.011787710688108928e+04 -3.219713190563175012e+05 1.852742142963230144e+05 1.999459193144682649e+04 6.157917018459998508e+04 8.103701685231772717e+04 1.357529246055393596e+05 5.666993510156426346e+05 8.095045294625223323e+04 -4.410976572923763342e+03 2.220048152458008553e+04 -8.486763663374096723e+03 1.699689468417166427e+04 1.719953635550744002e+04 3.405973289049808500e+03 5.799762993439845559e+03 -4.606147995438176622e+03 8.422422780294038603e+03 8.295693995058345536e+03 1.273753464347628687e+04 7.364139221779417312e+03 5.932551169839187423e+03 1.057079240083239529e+04 7.947215993941066699e+03 2.939140403706472171e+03 3.900866924397173079e+03 3.641340874754283959e+03 8.643242424685317019e+03 6.096824789469625102e+03
9.823536899394672946e+04 3.000832916387212463e+05 1.754009558826055436e+05 1.028076981032827462e+05 3.834053519707072701e+04 -3.945206714795078005e+04 1.041550475576580720e+04 4.887221279724352826e+03 8.176797154124407098e+04 2.496737895946327189e+05 3.855313938713926473e+04 5.321577470691065173e+03 4.447411431644240110e+03 2.552837338580174674e+03 9.076800129516755987e+03 6.430229975096933231e+03 8.499698178715558242e+03 2.678415749557257186e+03 1.521882892744284618e+03 -1.160725055252776656e+03 2.907816604687957920e+02 2.129968643263044669e+03 3.841490057144789716e+03 2.657364361375403405e+03 2.688967727952179303e+03 1.905713738323255939e+03 2.740837872538014039e+02 3.715326088582028206e+03 1.135796622941625174e+03 2.543475292407575594e+01 5.726235201211846434e+05 4.632907527474809322e+05 9.350502403835160658e+04 4.511389588524891587e+04 2.844753004142765349e+04 -2.399792216537845889e+04 6.461335542349514435e+04 1.255126601048558587e+04 9.590319853454965050e+04 3.573826873974985210e+05 5.309342566098708630e+04 3.002892262748890971e+03 3.016201488284480092e+02 1.266659363550174021e+04 1.697051668750391036e+04 -1.704923484814254834e+03 2.618525289159470049e+03 -1.237682494348105138e+03 6.805883040753283240e+03 -6.258542518516209157e+02 7.309185060076145419e+03 6.271209082760569800e+03 9.972662474449170986e+02 5.254467619590968752e+03 4.443389596453946979e+03 2.019640466743819843e+03 2.681964388351728758e+03 1.069649196501937695e+03 2.212360554071152364e+03 6.709537553776952336e+03
5.912543420806319773e+04 6.727587226495830691e+04 -8.576452827722281654e+03 -5.182702305198340582e+03 -5.861389125126103863e+03 -3.230690922120567848e+04 1.356342064350823784e+04 5.139670508285507822e+03 -5.325345646351113828e+03 3.855313938713926473e+04 1.463612826229886850e+05 2.884477427081036512e+04 3.305263988295070021e+02 1.988403151614290437e+03 6.279121802579233957e+01 -2.439056487778881888e+02 2.836366939809438918e+03 3.934307648831233109e+03 2.148532828378222803e+03 1.030276003613643525e+03 3.060200978338680216e+03 2.261933884644593491e+03 1.676051246224666556e+03 2.417511487030321859e+03 1.400436973926630117e+03 9.984554068524569175e+02 2.620769769209502556e+03 4.279796971865055752e+02 4.811338042518367502e+02 4.604688391093246196e+02 5.415225842275631148e+05 -5.182186985332868790e+04 -2.385462949501404946e+05 3.703523494533963458e+03 -3.734287097367697424e+04 -2.440522371626690074e+04 7.053301154764110834e+03 2.774633390335613512e+04 -7.805945902611570091e+03 3.514284539133920771e+04 2.099778951949012699e+05 4.650035710989245854e+04 1.325800530501906724e+04 -3.463410586240127031e+03 -7.391381400145914995e+03 -1.237411762499750512e+04 4.836898051683429003e+03 3.088038249599517258e+03 1.206634258642523321e+02 -2.315576069348810506e+03 3.311388774068755993e+03 7.187574903392645865e+03 2.316055652512815414e+03 -3.358060930206008834e+03 5.074360152859920163e+03 2.175367985494879576e+03 4.497015276478073247e+03 -1.557680238331027113e+03 1.391050912174260475e+03 -9.040943271479501391e+02
-1.533610499228722183e+05 2.517385668536927551e+04 2.105668924906909524e+04 6.470866562547413423e+02 2.293876344062014323e+04 1.100854529458095203e+04 5.188419361595582814e+03 1.327659551411716166e+04 -3.303647862171079055e+02 5.321577470691065173e+03 2.884477427081036512e+04 1.205455492410729057e+05 2.187405780212829995e+04 1.776409991290336393e+03 8.640173752735823882e+02 4.233682191491881895e+03 3.382813846835065306e+03 1.811748390364589568e+03 2.247323776453019491e+03 3.731843429042406115e+03 3.825153255351324901e+02 2.107392337854601010e+03 1.002830772456840918e+03 2.224258932581242334e+03 2.035447768636998944e+03 3.405565208403862471e+03 4.746458517121671434e+02 3.707201899283220996e+02 8.060189646575156530e+02 1.198467419664109002e+03 4.544487101866125886e+04 1.258084243338359229e+05 -3.460648111723827606e+04 -4.445132221974243294e+04 1.778583974818535353e+04 3.852135657488184370e+04 -5.739764060115527172e+03 1.793268062196402025e+04 -7.144527653368727442e+03 1.594389439041272226e+03 4.380853772107095574e+04 1.827790710748837446e+05 4.353569601683894143e+04 4.761429028240255320e+03 -4.759577697803964611e+02 1.305002748474349119e+03 -2.644214408772733805e+03 3.763672877403411348e+03 -1.961123096900936162e+03 3.449598035352143143e+03 -3.649995814159603924e+03 2.891755365367447212e+03 1.437223602340671732e+03 5.302134214887870485e+02 1.912322574739057188e+02 4.855554254944468994e+03 9.499057615987464942e+02 1.026821171534893296e+02 1.582296367223981406e+03 -1.136505703557441620e+03
-4.021825112665485358e+04 -2.514950480552586669e+04 6.381169057670159236e+04 -4.165298506261788134e+03 1.804195519867697658e+04 4.938888676274392310e+03 1.151240659829107790e+04 2.886774656623195824e+03 -3.045049385116541089e+03 4.447411431644240110e+03 3.305263988295070021e+02 2.187405780212829995e+04 8.844302108405684703e+04 2.196693745766874417e+04 3.059470014211462967e+03 4.598455981246963347e+03 4.066934778973050584e+02 1.624248195319806882e+02 2.864506960662459733e+03 4.530849571633658343e+03 1.393661371324698166e+03 3.156670743640091587e+03 1.641703511109306191e+03 1.195504802583781384e+03 -8.601630406940779494e+02 1.363233633380758420e+03 6.621314136358071210e+02 1.622807482828012553e+03 6.448125657246888522e+02 1.532499431638863825e+03 -1.573113480476989935e+05 -6.431889772448834265e+04 1.706177901188569958e+05 6.588635814273860888e+04 5.976550781088525400e+04 1.768833344138082612e+04 5.420629195614967102e+03 -1.692307134796870014e+04 -1.163792084174195224e+04 1.257392671955214246e+04 1.147515899593068571e+04 2.788062873406627477e+04 1.268240110179815820e+05 2.140045711624043906e+04 6.313164772391882451e+01 -1.908866184318570049e+03 -5.245822807302422916e+03 -4.381882777266607150e+02 2.730958294497367660e+03 4.978192662235438547e+03 -2.045329874306061811e+03 4.133983474802516866e+03 3.655105168608778513e+03 -4.554425662250558275e+02 -3.399360102231501060e+03 -1.068441662668623394e+03 -2.355131273316380884e+03 1.515918867001844319e+03 1.705805542380517181e+02 2.033896424275593517e+03
1.727055998062025465e+05 -9.519391261925171420e+04 4.091594238494381898e+03 -1.590289023809734499e+04 2.082708282682963909e+04 2.788671285622958294e+03 2.632557117051785099e+04 1.749677778698246357e+03 1.429045861786512205e+03 2.552837338580174674e+03 1.988403151614290437e+03 1.776409991290336393e+03 2.196693745766874417e+04 6.764917553035655874e+04 1.453528898121133898e+04 3.491538599880737365e+03 2.023202881314882461e+03 6.843774453797171873e+02 2.091300407662682119e+03 3.569178732599309114e+03 6.102067059056801099e+02 2.572448005748336072e+03 1.510920068295286001e+03 1.478983613370942749e+03 -1.004974107458607591e+03 -1.316654482250759202e+02 2.388964228464039650e+02 9.120243915075334371e+02 3.254357177894787583e+02 9.809933053908247302e+02 6.110185970632351382e+04 -1.740935731441271491e+05 1.202230646033566882e+05 9.830067868670668759e+03 4.757018324977259181e+04 3.166116778922647791e+04 2.589554004438942502e+04 7.671262314160884671e+03 -6.724546960260873675e+03 -6.684401323107947974e+03 2.717696400491043278e+03 -6.062842406961327470e+03 2.764709038222290110e+04 9.319761054172480362e+04 1.978258397846421940e+04 3.046988287156360002e+03 2.297021464136450049e+03 -8.353572594738459429e+02 1.740588229962016840e+03 1.967803201324423299e+03 -1.842554767636095676e+03 3.166836570122628927e+03 3.545687318811800651e+03 8.792837699130371902e+02 -2.281547165742693323e+03 -3.703068645279503016e+03 5.327034200798272678e+01 2.519041371961227924e+03 2.198426951044313682e+03 6.250097308979247828e+02
-6.481360602421188560e+03 1.605849094308850545e+04 5.707807432216468442e+04 -3.950783804288555530e+03 -7.916276129193555789e+03 4.967763586881294032e+03 7.520884279856471039e+03 -3.562087871488147357e+03 4.987930250527993849e+03 9.076800129516755987e+03 6.279121802579233957e+01 8.640173752735823882e+02 3.059470014211462967e+03 1.453528898121133898e+04 5.582486265736887435e+04 1.132120144375126620e+04 -1.125001080411289649e+03 3.874513600416028567e+03 1.284487988403531972e+03 7.319171904543944720e+02 1.215010170922150564e+03 1.345208303930980946e+03 2.260596167257529487e+03 1.539552852323078014e+03 1.026201658547449597e+03 1.150782399068241375e+03 7.851783356654178760e+02 5.380544995686641414e+02 6.010690329718843259e+02 1.303973175957100693e+03 8.918020753779493680e+04 -4.721991328602276917e+04 1.040074776542699256e+05 -3.533908662964381074e+04 -3.898410659018434671e+04 -1.605112466593644422e+04 -7.655388203963983642e+02 1.892404306977924762e+03 1.556217106952816175e+04 7.973054920473016864e+03 5.456480498146796890e+03 -1.810749374671270971e+03 6.408237981706558458e+03 2.724090861509140086e+04 7.297456038872356294e+04 1.214862793019632409e+04 -2.093577093616755519e+03 3.744314537418492364e+03 2.029361293432858929e+03 -1.646270673347341472e+03 -1.229378574300917251e+02 2.984407391597404057e+03 4.607500684428157911e+03 3.710605329520412852e+03 1.590657845024406924e+03 -1.995982429012136947e+02 1.746830668036848238e+03 2.069938994984046985e+03 2.006312250265483272e+03 4.440016940610360507e+03
4.911089930690546316e+04 1.032102743814005662e+05 2.557912568977342380e+04 3.808822023272379738e+04 1.910845538309253607e+04 1.284768776409117709e+04 1.476723445073231414e+04 1.469328726412973629e+04 2.119225072507725145e+03 6.430229975096933231e+03 -2.439056487778881888e+02 4.233682191491881895e+03 4.598455981246963347e+03 3.491538599880737365e+03 1.132120144375126620e+04 4.051838871578254475e+04 8.910980317051487873e+03 3.162590102997510712e+03 2.234638846647434548e+03 7.313694092171555212e+02 -4.720879907939483360e+02 1.030488276371534653e+02 1.116804342079629123e+03 -3.725007903168122425e+02 1.635994245297549412e+02 1.241015608476635407e+03 1.043651417230769312e+03 1.450476053417160529e+03 6.922757774940753279e+02 8.810043878901109338e+02 -1.589401266439287792e+04 4.072830425320068457e+02 8.786817595303594999e+02 1.118700789321398479e+05 3.920018636793871701e+04 2.030659797068107946e+04 1.363504095385204164e+04 5.336788173313935658e+03 7.572133771646947025e+03 4.805906927275951602e+03 -3.136824066801280424e+03 5.931888925299731454e+03 1.057946502148240506e+04 6.315338981296948077e+03 1.467520441876636323e+04 5.534939694461754698e+04 9.794055315247933322e+03 1.591813185065573862e+03 4.530451315022764902e+03 -1.661077667942448102e+02 -3.328124186883583207e+02 1.415520714549605827e+03 2.023735472704895528e+03 -5.501834501691815831e+02 -9.420199315737040990e+01 2.338760927267902900e+02 2.078033614995411824e+02 4.754624412141060361e+02 -6.395205007750810182e+02 1.442996754104170805e+03
2.850301233168977706e+04 1.145287480754266871e+05 5.185519917970573442e+04 2.162252713823000886e+04 9.283360448223005733e+03 1.003880100354289061e+04 1.359817722423567648e+04 1.296658368236547176e+04 2.859023860204406446e+03 8.499698178715558242e+03 2.836366939809438918e+03 3.382813846835065306e+03 4.066934778973050584e+02 2.023202881314882461e+03 -1.125001080411289649e+03 8.910980317051487873e+03 3.102808179917287271e+04 7.652909867352508627e+03 3.065372297098606850e+03 2.126251543216438222e+03 1.657316355247379988e+03 1.267135098806221094e+03 1.124316538790173581e+03 1.400908888576296079e+02 1.013759201505147985e+03 9.185428280611790797e+02 3.590377121500406474e+02 1.215095210520863475e+03 5.226355296161913202e+02 8.925123774886519641e+02 -2.357170140123559759e+04 1.053599141317042377e+05 1.396084033828471729e+05 3.348782180236334534e+04 -2.904413630838952304e+04 4.365414339934376585e+03 2.532910690215239811e+04 1.469539909528241878e+04 -9.254724391356021442e+03 1.718535074800510483e+04 3.689842007201942579e+03 4.109110308220112529e+03 2.738201528355448772e+03 1.218796940276233272e+03 -3.598495011594058724e+03 1.273047457148528338e+04 4.320197831107729871e+04 9.125802508782242512e+03 4.094039744539725234e+03 4.662957092668141740e+03 3.776099470094672142e+03 2.706273220838782890e+03 1.199892373428363726e+03 -4.399273187148996840e+02 1.758573245358126087e+03 1.055288870067381822e+03 8.691055645202303594e+02 2.422497096103764761e+03 9.549111700283431219e+02 7.335784778693007411e+02
-3.100726378346002821e+04 9.388552088505020947e+03 3.444834287732306984e+04 3.733362573965002412e+03 1.132878745790475114e+04 7.389731009427331628e+03 8.958969445262422596e+03 9.626745323722310786e+03 1.464772536817619766e+03 2.678415749557257186e+03 3.934307648831233109e+03 1.811748390364589568e+03 1.624248195319806882e+02 6.843774453797171873e+02 3.874513600416028567e+03 3.162590102997510712e+03 7.652909867352508627e+03 2.576542466066177076e+04 7.308150121482627583e+03 2.010029804943006866e+03 1.598668054667441766e+03 1.103228452550389875e+03 1.740878458176646291e+03 5.154399000966741369e+02 7.346137560861798192e+02 1.521257050078593011e+03 -4.750518890328353905e+01 5.681925898052801358e+02 2.031260708805800732e+02 6.737402808821852886e+02 -1.268822757816368103e+05 -5.339414142231080041e+04 2.124937635059455351e+04 -2.498702669133123709e+04 6.284076707996248842e+03 -3.313064462870874195e+03 2.530885365078381074e+04 1.585685830971117866e+03 6.510588470876605243e+02 -9.688307833305981376e+02 6.450612712172404827e+03 4.057635341520097882e+03 1.577957920265690063e+03 2.468675651313720664e+03 1.100882887486875916e+03 1.919740426226933323e+03 1.013025453472220943e+04 3.338470198859964876e+04 8.065878184624970345e+03 5.462385790099707492e+02 1.440447078060105468e+03 2.159488517105641677e+03 2.570469586209409954e+03 7.417593246066626023e+01 6.093798318531596578e+02 1.384898457598045525e+03 -4.510634396048523627e+02 -8.600321865753339807e+02 -3.435007333929808482e+01 8.328092945155603957e+02
-2.143982121305042165e+04 -5.365203537978429085e+04 1.483249601498358788e+04 -1.210326636254329969e+04 7.655581932609723481e+03 5.459444248755914487e+03 1.397715107599592011e+04 1.170437011847845679e+04 3.912848655578477974e+03 1.521882892744284618e+03 2.148532828378222803e+03 2.247323776453019491e+03 2.864506960662459733e+03 2.091300407662682119e+03 1.284487988403531972e+03 2.234638846647434548e+03 3.065372297098606850e+03 7.308150121482627583e+03 2.340706200836128846e+04 5.894608956014453724e+03 1.200728417754736256e+03 1.789348931010643355e+03 1.645582926093804872e+03 1.084897332721611292e+03 4.847396842129840024e+02 6.995439615816216019e+02 3.688516898243123592e+02 1.962544481646601469e+02 2.033011913835136397e+02 5.366778354620128084e+02 -7.375230153271637391e+04 -6.601283266611817817e+04 1.862683887553479872e+04 -3.589990887782464415e+04 1.029951824458185001e+04 1.257307208084080230e+04 2.664211952363876844e+04 3.526027516195541466e+03 9.959407879275468076e+03 -3.601728844677993493e+03 7.186743779668916432e+03 3.811945347692587802e+02 6.231152904731339731e+03 5.004514762167691515e+03 -3.267414617626287964e+03 2.800994588897777703e+03 1.663449495583303815e+03 8.691396317600205293e+03 3.129223192915043546e+04 6.977337549912693248e+03 -1.557785490319232906e+02 1.409081701783624339e+03 2.994302455064743754e+03 6.223274429890618649e+02 7.000378578686396622e+02 1.115004503989756131e+03 1.142764529315932123e+02 -7.483014613276772025e+02 3.161823711284738465e+02 -1.308353786883432690e+02
4.357762288019487460e+04 2.319598655828574920e+04 2.053550809176343137e+03 5.492874961887341669e+03 3.394750733919693175e+03 8.099571205785280654e+03 1.314480074280141343e+04 5.960705579874394061e+03 4.653521165580025809e+03 -1.160725055252776656e+03 1.030276003613643525e+03 3.731843429042406115e+03 4.530849571633658343e+03 3.569178732599309114e+03 7.319171904543944720e+02 7.313694092171555212e+02 2.126251543216438222e+03 2.010029804943006866e+03 5.894608956014453724e+03 1.862232304430528166e+04 3.133417234344700773e+03 8.231653007421939492e+02 3.138832832311842367e+02 1.633279855631748660e+03 7.291585196466468233e+02 1.017378831171761135e+03 7.746152775725636275e+02 3.390336281670207654e+02 -6.491595922391526585e+01 4.577046100843760996e+02 -1.597318019890703181e+04 9.363403101371576486e+04 6.555035310287638276e+04 4.875198077322305835e+03 6.342985686251323386e+03 1.927077750141068464e+04 1.431604109241766855e+04 -5.943447969073790773e+03 5.299393994571944859e+03 3.814787525060796725e+03 3.023656100540055718e+02 8.493946323564643535e+03 5.980139093322555709e+03 6.969112944119967324e+03 9.238255088212355304e+02 1.036250423705273533e+03 2.086661438679624553e+03 2.460879982703642781e+03 8.403967720658134567e+03 2.410369009030050074e+04 2.393315766791478381e+03 7.172124664092823423e+02 -5.658124913511841925e+01 2.403148922306339955e+03 1.179242762013514948e+03 7.329046518664223413e+02 -2.202357332789813782e+01 -2.566791529530315756e+02 6.095673360177435143e+02 2.705112981588747445e+01
-1.217340003399075795e+04 -1.554654196123719885e+04 -6.476037233086405649e+03 -5.869638761175285254e+03 -8.243926501470870789e+03 7.531423270664288793e+03 3.293709639962635265e+03 2.410578347458065764e+03 3.765309815835549216e+03 2.907816604687957920e+02 3.060200978338680216e+03 3.825153255351324901e+02 1.393661371324698166e+03 6.102067059056801099e+02 1.215010170922150564e+03 -4.720879907939483360e+02 1.657316355247379988e+03 1.598668054667441766e+03 1.200728417754736256e+03 3.133417234344700773e+03 1.437536177025386678e+04 3.984651937026341784e+03 9.699710034062412660e+02 1.241467666281521360e+03 9.879601225798783162e+02 9.830623229024090506e+02 8.866713456579692547e+02 6.702289129147999347e+02 1.348858735132008633e+02 5.819716841830972953e+02 -5.804954198587634164e+04 -9.189065722329643904e+04 -1.816038691814211779e+04 -6.983565128984487274e+02 -1.813419287256766620e+04 2.749427951372756525e+03 5.430336169979189435e+03 6.265588672625680374e+03 1.404060738419179506e+04 -4.100032989467542393e+03 7.589880406314374341e+03 -6.335623092103763838e+02 1.667195291582836489e+02 -2.502123324372560944e+02 8.079742212323038757e+02 -1.576698788811305121e+03 3.533873986513470300e+03 -6.960988789803614054e+02 5.590657587997261544e+02 3.639111481720363372e+03 1.905254309122047562e+04 5.690868323796297773e+03 5.128776894325292233e+02 8.236236944358295204e+02 3.060495347353395346e+01 3.918112142918075733e+02 -4.971578235456273660e+02 -2.228434685794326242e+02 2.632145173700343435e+02 9.848725634824663757e+02
-2.544408894405663887e+03 3.539131207459776488e+04 2.467209869302625521e+04 1.975491312284302126e+02 -3.446559301697763203e+03 1.515833563573560423e+04 7.226019288295425440e+02 3.616526052577351948e+03 1.589293486003082080e+03 2.129968643263044669e+03 2.261933884644593491e+03 2.107392337854601010e+03 3.156670743640091587e+03 2.572448005748336072e+03 1.345208303930980946e+03 1.030488276371534653e+02 1.267135098806221094e+03 1.103228452550389875e+03 1.789348931010643355e+03 8.231653007421939492e+02 3.984651937026341784e+03 1.419574664329061306e+04 2.774784151701234350e+03 1.078610386181404465e+03 8.321178518162063256e+02 9.452940627130736857e+02 8.452259268183001950e+02 2.768932156917184670e+02 1.497203743566721812e+02 6.724081340108439235e+02 1.459169102184516305e+04 1.856650275106158006e+04 4.305766577319071075e+04 1.172806540400450285e+04 7.607627016580238887e+03 2.815027584708831637e+04 7.339042968449939508e+03 1.926031679869587379e+03 2.448896158048229609e+03 1.022471290765786762e+04 6.725540237416633317e+03 1.035187680175653213e+03 6.358953615777948471e+03 4.477045633759115844e+03 2.298627586054194580e+03 -1.626987052262832663e+02 2.183875287867536372e+03 -2.305191225819183671e+02 1.091160791028571111e+03 -2.833865540614165752e+02 4.073847650271733528e+03 1.835781776430264654e+04 3.887604895449873766e+03 1.428879211372203827e+03 2.189109323986833260e+03 1.513174347297558143e+03 5.570136137780897343e+02 -2.459227144987938232e+02 7.896342505402465406e+01 5.697223452595754907e+02
-5.433990331184607203e+04 -2.053420369428071717e+04 3.272629048415076977e+04 6.640863010946422946e+03 1.260912580393481039e+04 1.249546863639906587e+04 1.098485790071517113e+04 2.953909452033850812e+03 3.902517810105402077e+03 3.841490057144789716e+03 1.676051246224666556e+03 1.002830772456840918e+03 1.641703511109306191e+03 1.510920068295286001e+03 2.260596167257529487e+03 1.116804342079629123e+03 1.124316538790173581e+03 1.740878458176646291e+03 1.645582926093804872e+03 3.138832832311842367e+02 9.699710034062412660e+02 2.774784151701234350e+03 1.216094033474802563e+04 2.708610661500482365e+03 9.409346014125949296e+02 9.138040169288277639e+02 6.349404433867118769e+02 6.172534892852819439e+02 2.956561468062683389e+02 5.404050469651615458e+02 8.090259030785231153e+04 2.268778580970356052e+04 4.366555750965040352e+04 -1.175542252548089891e+04 1.889394431657040695e+04 3.742347148995665339e+04 2.002673553029108734e+04 -9.335209119383998768e+02 7.233416904541057193e+03 5.176954351858918926e+03 3.628396518799714158e+03 2.235506428501645587e+03 4.258962554469080715e+03 2.915203998925310771e+03 3.298150775677189358e+03 2.259866266269440530e+03 1.349002667966455647e+03 2.036309411990414901e+03 3.293162426352488637e+03 -1.532831925477117636e+02 8.107165352207497335e+02 3.241112120847990809e+03 1.477592218638431586e+04 3.252241047933320260e+03 2.835282490866998728e+02 1.959302297831580290e+03 1.182376901444876012e+03 1.095323557540162795e+02 2.796112589913063857e+02 1.049479944458267028e+03
2.367222738217222286e+04 1.392743493032234801e+04 2.543140981816931890e+04 9.180732769535568877e+03 1.778061169921619467e+03 4.962179034275816775e+03 7.749572496709821223e+01 -5.087250962627088597e+02 3.954175588756987509e+03 2.657364361375403405e+03 2.417511487030321859e+03 2.224258932581242334e+03 1.195504802583781384e+03 1.478983613370942749e+03 1.539552852323078014e+03 -3.725007903168122425e+02 1.400908888576296079e+02 5.154399000966741369e+02 1.084897332721611292e+03 1.633279855631748660e+03 1.241467666281521360e+03 1.078610386181404465e+03 2.708610661500482365e+03 1.015638422808713040e+04 2.228364421172783295e+03 1.236361490411359455e+03 5.069398186473535475e+02 3.177795802164175711e+02 1.827705143830546035e+02 2.996293675889348833e+02 1.586592265429735562e+04 6.118307045283653679e+03 4.222346379243738920e+04 1.417302417140437137e+04 -1.104894676346543520e+03 1.912011562495031831e+04 -6.272869865119852875e+03 -7.987619228017098067e+03 1.166434105528285954e+03 -1.136711488549716023e+03 -1.765480840969757764e+03 1.512137789969682444e+03 1.401388269517666913e+03 -7.356179247200426516e+02 3.235154151787423871e+02 -7.032850754328077301e+02 1.005627290526534694e+03 1.287754132181883278e+03 -8.207695416172953173e+01 1.561897031327753439e+03 1.177240702006968377e+03 2.610108928279270458e+03 1.872561986759668571e+03 1.206558965163020184e+04 2.265631088707042181e+03 2.825751071848249467e+03 6.520364528372142559e+02 -4.521763871279723617e+02 -2.442923159600538341e+01 1.804258555855430757e+02
-2.205658373698245487e+04 -3.673895949028102223e+03 1.027127395477623577e+04 1.632200495442743704e+04 -2.994535854105972703e+03 -2.339456207947877374e+03 5.847049714205591044e+03 4.614209287450885313e+03 5.551828526690654144e+03 2.688967727952179303e+03 1.400436973926630117e+03 2.035447768636998944e+03 -8.601630406940779494e+02 -1.004974107458607591e+03 1.026201658547449597e+03 1.635994245297549412e+02 1.013759201505147985e+03 7.346137560861798192e+02 4.847396842129840024e+02 7.291585196466468233e+02 9.879601225798783162e+02 8.321178518162063256e+02 9.409346014125949296e+02 2.228364421172783295e+03 8.714692468847020791e+03 2.563421282101155612e+03 6.351625622431929514e+02 3.744421775547212405e+02 1.396282265666188209e+02 3.404881443197573390e+02 4.938128022181237611e+04 7.708182484315479087e+03 -3.146856464738838986e+04 2.881752458156765351e+04 -1.922059117030397829e+04 -1.205015245931792379e+04 1.981330905354566858e+04 9.337999542297298831e+03 9.711185810241770014e+03 4.882899823813486364e+03 -2.083017512259083560e+03 1.544762536551712401e+03 2.659932932189702797e+02 1.499338039628612933e+03 2.461682355805741622e+02 -4.963230248411148295e+02 -4.161768251640681910e+02 -6.109788878722224581e+02 1.632460967065914701e+03 1.081832230910609724e+03 9.723497481297894183e+02 9.925609006724098435e+02 2.241193195276445351e+02 4.184720909719322663e+03 1.172149418372799300e+04 2.661514427402397814e+03 3.600557094075882674e+02 4.704296186969926197e+01 7.342386438683546146e+01 5.196304579251188898e+02
1.765584752213528191e+04 3.508912492539108644e+04 9.180786468806418270e+03 1.046828147061556592e+04 -4.971914666553430493e+02 5.554165629175870890e+03 1.554144347655761749e+03 5.110433503892691988e+03 -2.084975968664214747e+02 1.905713738323255939e+03 9.984554068524569175e+02 3.405565208403862471e+03 1.363233633380758420e+03 -1.316654482250759202e+02 1.150782399068241375e+03 1.241015608476635407e+03 9.185428280611790797e+02 1.521257050078593011e+03 6.995439615816216019e+02 1.017378831171761135e+03 9.830623229024090506e+02 9.452940627130736857e+02 9.138040169288277639e+02 1.236361490411359455e+03 2.563421282101155612e+03 8.328430400220631782e+03 2.204416469228409369e+03 6.294204943838207100e+02 4.339644897789785318e+02 2.153720586883901262e+02 8.546634325294535665e+04 2.974888334106127513e+04 -2.228816403198283297e+04 1.286133284678161544e+04 3.576607081601442587e+03 1.861010751113640481e+03 9.965822502631141106e+03 7.611961408227221909e+03 -7.223198929466247137e+03 5.308637109559698729e+03 -1.802183594496508476e+03 5.570221218009168297e+03 3.656199646599146945e+03 3.546158621599610797e+03 2.067124507536098008e+03 2.821045753983617487e+03 8.663481785010854992e+02 1.320205964959674247e+03 3.093256459733461725e+03 2.408467924139148181e+03 1.486863025159525478e+03 1.879763816781545074e+03 2.181610751554029832e+02 1.780739980499420881e+03 3.213141477703800774e+03 1.058771501323545090e+04 2.589588900432339415e+03 3.967753912468254498e+02 5.210433696315277530e+02 3.570816781467407282e+02
