2.788422719050894380e+08 5.630247572124677151e+07 -1.325056834196577547e+06 1.272979923106654314e+06 1.909680276628241409e+06 1.312027836594084976e+06 1.936547307755730813e+06 -8.704690962872543605e+05 -3.552836342118105385e+05 -1.356916391488468798e+05 2.748734833027147106e+05 -3.995710338840750774e+04 -2.441084159749494574e+05 -2.473461298567038739e+03 -5.941316484993141057e+04 -5.326406243187194923e+04 8.481859369172519655e+04 -9.092256323608695311e+03 -1.033577735751154833e+05 7.703925587911800540e+04 -4.499182115366469952e+04 4.981016876141510147e+04 1.452845605867113336e+05 7.512531302783224965e+04 7.021226496029723785e+04 -5.049922274319370626e+04 -3.134515148799851522e+04 3.714965486938237154e+04 8.314568449668277754e+04 -1.134837534782846196e+05 2.269212283667989373e+08 5.912208564802126028e+06 -1.149255245083777048e+07 -2.556968212031964678e+06 3.517452419045056449e+05 2.648570462835189886e+06 1.068161133767748484e+06 -3.071026814998193178e+06 -8.693068020229419926e+05 -1.313832115961668023e+05 1.527469844752503326e+06 8.373997785027623177e+05 -3.736704941473003710e+05 6.783350234635375091e+04 -3.524544544919396285e+05 -3.274455175494756550e+05 1.958774616052904457e+05 9.622550587641772290e+04 -1.550889537940997980e+05 -3.166714866461949423e+05 -7.037599166569882073e+05 -6.204811092747255316e+04 4.122525399846094078e+05 1.968449089805534459e+05 7.007816170106733807e+03 -1.253141249008410668e+05 2.305603284448154227e+04 4.293108196025737561e+04 8.380995548253726156e+04 -2.857681653834193712e+05
5.630247572124677151e+07 1.513269969160360396e+08 1.837016746353423223e+07 -4.635880827041941811e+05 2.904215919607771561e+06 -4.478921972058338724e+04 5.570064327827602392e+05 5.362314427450195653e+05 4.538332261790064513e+05 1.044001080871869490e+05 2.949000258221430704e+05 3.065160310899714241e+05 2.751830500580103253e+05 2.069433579719438567e+05 1.946805351829509891e+05 1.375583087804239476e+05 8.434699562938249073e+03 -4.063447020261357829e+04 -1.478875693974746173e+04 1.053315463042269112e+05 3.712346193887731351e+04 9.810549417314742459e+04 3.355298798271334817e+04 2.459541574108035638e+04 6.601697514557559043e+04 6.389888107685394789e+04 -2.815955432965008367e+04 -2.837071560831785609e+04 6.297354121490379475e+04 -2.788573768186009329e+04 8.629760575875180960e+07 1.944512327764909863e+08 4.397248170397994108e+06 -6.097218638908135705e+06 3.702722745374521706e+06 1.665407561408274807e+06 4.439449275255252142e+05 9.174067106902897358e+05 9.105349799600616097e+05 -2.160810302594931854e+05 1.024888189012572751e+06 8.470850155157620320e+05 4.879433505525956280e+05 3.761852969887959771e+05 2.140649090298446536e+05 -1.727933128420996363e+05 5.183923107853514375e+04 1.158544834861871786e+05 7.497414185551332776e+04 2.361974058912649052e+05 -1.228711823080620379e+05 5.757583333013600350e+04 1.479356210448346428e+04 1.010691327662701369e+05 2.258021502356458805e+05 7.216648816132868524e+04 -1.145743846777527797e+05 -1.504214888869677379e+05 6.840779719717761327e+04 -2.034981144579848915e+05
-1.325056834196577547e+06 1.837016746353423223e+07 5.479199456252661347e+07 6.545691234775295481e+06 1.360994934700170998e+06 -1.799052825911599793e+05 -2.157704220386802917e+05 6.217876590177519247e+05 1.917070920358921285e+05 3.160134649065426784e+05 3.045227542140131700e+05 4.040283099980339757e+05 1.370587320732002845e+05 2.082989069661525718e+05 1.898098674397884170e+05 1.088466706511837838e+05 1.766423045171966660e+05 1.194053999804307823e+05 8.031211821192420030e+04 8.202820017808613193e+04 6.583277343740942888e+04 8.602619362268134864e+03 6.824769902587792603e+04 6.141083072436445218e+04 5.285430339778422785e+04 1.892960139768393492e+04 5.118083991874403728e+04 1.827744315664821988e+04 3.810019516514021961e+04 1.050512859420364657e+04 -6.742049479839928448e+06 2.775691868505907431e+07 7.998158854655493796e+07 3.301462524906680919e+06 1.592951022474994650e+06 -6.488699660467767389e+05 4.733855768063091091e+05 1.541296902373300632e+06 4.287897399831684306e+05 1.010886817085739109e+06 6.315775021482710727e+05 6.708566669156360440e+05 -8.987458641527718282e+04 2.419249325121988077e+05 4.357831946202164399e+05 6.102088779981638800e+04 2.158151958039814490e+05 2.665795216510831378e+05 1.630339054149553413e+05 1.718345201031817414e+05 2.180490651814222219e+05 1.725757495312895844e+04 4.330103114668408671e+04 7.653251363880292047e+04 3.714323144345587207e+04 3.940872532626850443e+04 8.600898909007688417e+03 -1.822726320844834845e+04 1.637346657318818616e+05 6.940860391342028743e+04
1.272979923106654314e+06 -4.635880827041941811e+05 6.545691234775295481e+06 2.162751557580231875e+07 2.675759165648626164e+06 -3.402073496996906470e+05 2.140774808113573235e+05 2.008549321200074919e+05 7.277485083605788532e+04 9.698751485472223430e+04 -5.435475925327629375e+04 1.501584834369688178e+05 6.849099017020231986e+04 9.032191508036658342e+04 6.297527258720454120e+04 8.962435663911273878e+04 9.123461028593822266e+04 1.760862530171651815e+04 4.569416764505291212e+03 4.762080002950735070e+04 4.371264594964703429e+04 3.525034938180331665e+04 -1.548474599730241152e+03 -5.001074509593490802e+03 -8.402066125674327850e+03 1.962829965968476608e+04 3.568399611432659731e+04 3.122260193304156928e+04 2.713490919456897245e+04 2.055714328277676759e+04 2.451317078116894700e+06 2.357121154754384886e+06 7.607842197235479951e+06 3.548026294446758181e+07 5.309895766294471687e+05 -9.853237020107002463e+05 4.276933568567024195e+05 3.239807710470130551e+05 1.413840228881851363e+05 2.453608485573876533e+05 -1.456161175316821027e+05 2.847369832560649957e+05 1.541882758883092902e+05 2.051638764550715568e+05 -7.462490591710782610e+04 6.262520630966679892e+04 1.387797469410553458e+05 8.009677934400433151e+04 1.132928326576617255e+05 7.463374778489774326e+04 8.733021879382293264e+04 4.059759029641874076e+04 -5.027135671238855139e+04 -7.070555807076715610e+03 -2.343387318312680873e+04 3.802116030155866611e+04 4.754573212517851789e+04 2.939334857664032825e+04 4.964370272449534241e+04 1.176553047125140984e+04
1.909680276628241409e+06 2.904215919607771561e+06 1.360994934700170998e+06 2.675759165648626164e+06 8.545074681086925790e+06 1.015661572840894922e+06 -1.302984662981061410e+04 4.053087031647879485e+04 -5.868113273404105712e+04 -8.181918638913531322e+04 2.352256808681237089e+04 -8.589030638700851341e+03 4.740273767374490126e+04 5.373234809959627455e+04 5.002576471710084297e+04 1.757382773930445910e+04 4.964169087413298257e+04 5.708749294425315384e+03 3.427969917497190181e+03 2.291108033549079846e+04 2.361086736576916883e+04 6.308957070518772525e+03 1.461645580697118203e+04 1.593097450329770618e+04 1.264845780443312651e+04 3.753476079152837428e+03 2.023520531846231461e+04 1.174396705296464097e+04 1.350591648185610029e+04 1.062801588785568310e+04 -1.614482863762959139e+06 7.323175091136249248e+05 1.535411105741283391e+06 5.491265881921531633e+06 1.355981556837348267e+07 4.402854087903122418e+05 -2.046654371643259074e+05 1.623103415705752559e+05 3.176420081360439872e+04 -1.162841104283919121e+05 8.376934519787841418e+04 5.915792412534284813e+04 2.091074937446528347e+05 1.973557901833430224e+05 7.645340217528778885e+04 -6.439480114803665492e+04 7.741666103819869750e+04 2.350748504935876917e+04 3.050396485287578980e+04 5.354604789133269514e+04 3.991971617272080039e+04 2.299053880822731662e+04 4.424803798225794890e+04 4.890840370439480466e+04 7.014046479345348416e+03 2.600616831111417559e+04 1.326086283056695265e+03 4.019010580897448381e+04 4.277182371035396500e+04 4.260687963078505709e+04
1.312027836594084976e+06 -4.478921972058338724e+04 -1.799052825911599793e+05 -3.402073496996906470e+05 1.015661572840894922e+06 4.383386209428664297e+06 7.580304251354113221e+05 9.279072897837813071e+04 8.821113813266536454e+04 5.542309145316147624e+04 2.930846310745033043e+04 8.050878518563070975e+04 6.442870336901503470e+04 4.072562618880164518e+04 2.447812163460142619e+04 4.321019161776686087e+04 4.050388050411368749e+04 3.100152226370739663e+04 1.423911806803584841e+04 2.525070813949162039e+04 2.867672584040767106e+04 1.989667764451254698e+04 1.022882906155389492e+03 2.334123240595926109e+04 2.158065710146640777e+04 7.342812270299084958e+03 8.761903793538525861e+03 1.233442091270453420e+04 9.801041454656235146e+03 9.893087596419757119e+02 4.495449355488987057e+05 -2.620295555863191374e+06 -6.000543212837605970e+05 -4.577620243980103405e+05 1.743202408227412961e+06 7.259824818186147138e+06 9.442122536788055440e+05 2.203359624711994256e+05 1.219428422275523626e+05 1.104965860257342720e+05 7.691126312844034692e+04 1.661657450950253697e+05 9.772121126224909676e+04 7.503890558213795885e+04 3.086103271400126687e+04 3.390781457879084337e+04 1.910327655994856832e+04 5.184629199600209540e+04 1.815764312731771042e+03 7.104311034341517370e+04 6.040649794401050895e+04 4.493162949425071565e+04 1.134845313561058538e+04 4.199980576983420906e+04 3.971892887381511537e+04 5.419391622937811189e+04 3.609425906213049893e+04 3.474363281671777077e+04 3.025384191917969656e+04 2.289695932712150534e+04
1.936547307755730813e+06 5.570064327827602392e+05 -2.157704220386802917e+05 2.140774808113573235e+05 -1.302984662981061410e+04 7.580304251354113221e+05 2.584426518188841175e+06 4.729313794302738388e+05 2.796207210772647159e+04 5.836601028813531593e+04 1.311241295716590503e+04 5.368360398949673254e+04 4.077389257594185619e+04 4.986382678095620940e+04 4.620446735196642840e+04 3.521440846833923570e+04 7.650951991120082312e+03 3.081554954464924958e+04 7.617273766025809891e+03 2.653184495278611212e+04 9.084265915080534342e+02 1.201219350924417631e+04 6.238604559026448442e+03 1.002504177384844843e+04 1.308891451101959319e+04 1.003640052856235343e+03 -2.970579902642887646e+03 -2.281520734619885388e+03 1.502187235878742467e+04 1.755186725205146649e+04 1.868379813224373152e+06 -2.563509937556365621e+05 -8.055316885122476378e+05 2.651164829564932734e+04 -4.141009572941149236e+05 1.154181755436706822e+06 4.104730598590695299e+06 4.193330290924738511e+05 -6.477319774475825398e+04 -1.232161821495970253e+04 -7.992531023499532603e+04 1.164329655579243554e+05 3.647586542965425906e+04 3.499723546774825081e+04 1.017737673609668127e+05 9.200197994227451272e+04 -6.227241494994202185e+03 5.183718787423066533e+04 -3.962436688526255602e+04 3.167039566612172712e+04 -2.677180255683072392e+04 1.894168255938742732e+04 2.410914664369798265e+04 9.774025447831640122e+03 1.908911991483677048e+04 2.130001531537664050e+04 -4.204829208786287040e+02 -4.613974388300438477e+03 2.059945971377962269e+04 3.605093632800113119e+04
-8.704690962872543605e+05 5.362314427450195653e+05 6.217876590177519247e+05 2.008549321200074919e+05 4.053087031647879485e+04 9.279072897837813071e+04 4.729313794302738388e+05 1.352178002461893484e+06 2.000066780475330888e+05 2.466851339846897827e+04 2.321028987016324390e+04 4.176122938076349965e+04 -2.892569627810197744e+03 1.445056582037673070e+04 2.932710904866657438e+04 1.308822006041964778e+04 6.068984658666010546e+03 1.744015365105876845e+04 2.270671625832808422e+04 1.539265881447859647e+04 3.025145607931845461e+03 4.285121057710375680e+03 5.730154492698848117e+03 1.002942774368354367e+04 1.720290850760535614e+04 7.170689906974918813e+03 5.555176899342652177e+03 4.717713074053071978e+03 8.498674187810645890e+03 3.108075998323161457e+03 -1.292964982737915358e+06 8.151068410698489752e+05 6.445292838051352883e+05 1.204722859962718940e+05 -5.520117400132644980e+04 -1.910545542904706090e+05 5.170547326892254059e+05 2.165572713270202745e+06 2.279744594911504828e+05 -1.687193122456250421e+04 -2.142029061254893168e+04 7.789816575668258884e+04 -2.896515227175244581e+04 4.375675087933793839e+04 7.913864878038315510e+04 4.682602111583390797e+04 3.033067109973251354e+04 4.247797871865042544e+04 4.657314386950188054e+04 4.259208965525450185e+04 -5.669087929681192009e+02 -3.653846680016972215e+01 3.130704748162779651e+03 1.799344923183154970e+04 1.532445170677583519e+04 5.293384206908948727e+03 -4.800130108086186738e+03 2.529243861698868386e+03 1.139352003887319916e+04 1.575950742919578079e+04
-3.552836342118105385e+05 4.538332261790064513e+05 1.917070920358921285e+05 7.277485083605788532e+04 -5.868113273404105712e+04 8.821113813266536454e+04 2.796207210772647159e+04 2.000066780475330888e+05 8.481085416855369695e+05 1.557023628926904639e+05 3.125164095771464781e+04 8.715409360404115432e+03 5.674770354502472401e+03 3.211846937465519295e+04 2.827912547945885672e+04 1.256069760249285537e+04 2.135246433767897543e+04 2.633593694776874327e+04 2.465812899300670324e+04 1.931630664578668802e+04 1.473807575055010057e+04 1.024718379616535685e+03 3.715806565015273918e+03 1.136160632620690876e+03 8.270983521251650018e+03 3.618500390328841604e+03 4.020330053034710090e+03 3.014809267647307934e+03 6.042552866238056595e+03 3.700560559248770915e+03 -8.879652405446346384e+05 1.453326331084921258e+06 1.886030530985174992e+05 3.724819098222440516e+04 -3.032982366563407704e+05 2.333736203834660409e+05 6.133897082965537993e+04 2.306551730460616527e+05 1.274814970324373804e+06 1.439012498611111951e+05 -2.007637505211577491e+03 8.213557216133931433e+02 -1.089579373306490925e+04 2.389906258535717643e+04 2.869305320555809158e+04 8.220200016438773673e+03 8.619715026030658919e+03 1.889772185015863215e+04 3.686960203377137077e+04 2.250457768530473913e+04 3.039514110690622329e+04 -2.454071399842432220e+04 4.266866567914077677e+03 -7.231647791823108946e+02 3.576221518728742467e+03 1.359764377801606315e+04 1.129372226823371966e+04 4.380087829204832815e+03 9.494463914488773298e+03 7.157015488537003876e+03
-1.356916391488468798e+05 1.044001080871869490e+05 3.160134649065426784e+05 9.698751485472223430e+04 -8.181918638913531322e+04 5.542309145316147624e+04 5.836601028813531593e+04 2.466851339846897827e+04 1.557023628926904639e+05 5.419431839293004014e+05 9.007164652093888435e+04 2.255547345408850015e+04 6.750812315657661202e+03 1.658071498811538913e+04 1.787520540918216648e+04 1.175450042968812704e+04 6.439105416882054669e+03 1.061797958133590146e+04 2.319611903681948206e+03 8.617427777596985834e+03 1.174735781438450431e+04 2.634234165563920669e+03 4.210006005110228216e+03 4.923453165602695663e+03 1.380136301260237997e+04 -1.052399342821941900e+03 -2.131364858437750698e+01 5.157868856624201726e+03 2.638141190270591323e+03 4.368662733090372058e+03 -1.941155220109101501e+05 6.184155410632786807e+05 5.439421194360892987e+05 1.759036557264037256e+05 2.743991571222500716e+04 8.406385371845951886e+04 -1.131085536439726457e+04 3.686126382967600875e+03 2.572371081183505012e+05 8.150142622400774853e+05 5.662182233467025071e+04 2.483792388908156499e+04 -1.432904649900317054e+04 1.264918227063131781e+04 3.153715001302771998e+04 7.758936521995968178e+03 -8.975254936409943184e+03 1.817802448164913221e+04 8.063179688577733941e+02 3.828543393156267484e+03 2.522686414906845675e+04 -1.228727168271752817e+04 3.860787657967114228e+03 1.325377795892737231e+04 3.023258204243033833e+04 -2.453387029666318085e+03 2.878890021297317503e+02 1.701964376820546386e+04 3.260916358482217674e+03 5.995462582572824431e+03
2.748734833027147106e+05 2.949000258221430704e+05 3.045227542140131700e+05 -5.435475925327629375e+04 2.352256808681237089e+04 2.930846310745033043e+04 1.311241295716590503e+04 2.321028987016324390e+04 3.125164095771464781e+04 9.007164652093888435e+04 3.311428440753811738e+05 4.337283269985311199e+04 4.475432374617194910e+03 -2.073089296114404533e+03 1.122335599523059682e+04 3.695984892661846970e+03 1.519760226274639172e+04 1.092413799058611767e+04 1.366807841270586096e+03 8.318286420031034140e+03 6.049079117387695078e+03 -1.853015759612518707e+02 8.227551369697244809e+03 3.422697655321373077e+03 1.894799688398907392e+03 -9.525752743410845369e+02 4.351904646344092384e+02 2.599409159912125688e+03 1.768799177444065663e+03 2.797285945457711932e+03 7.798888039180949563e+05 8.671051755829437170e+05 4.816217850414679269e+05 5.618494840150675009e+04 1.061332410160864674e+05 5.018057455024204683e+04 3.058979445745333123e+03 3.698076888800031884e+04 5.782263309703519917e+04 1.001703332034415216e+05 4.849528793466289062e+05 2.586630336939252084e+04 -9.406327088252027124e+02 -5.376969618214212460e+03 2.266877554334720480e+04 5.098798293058273885e+03 1.641093806330468215e+04 1.821847714454171364e+04 2.476621789596740655e+03 7.591749021043497123e+03 8.613884876316511509e+03 -5.291590699603853864e+03 1.345079122204841769e+04 1.002554138251101722e+04 -1.127993720433128829e+03 -3.942955211781143134e+03 -5.720001545335448100e+03 6.917953840441117791e+03 3.761947770000240325e+03 8.214293058019169621e+03
-3.995710338840750774e+04 3.065160310899714241e+05 4.040283099980339757e+05 1.501584834369688178e+05 -8.589030638700851341e+03 8.050878518563070975e+04 5.368360398949673254e+04 4.176122938076349965e+04 8.715409360404115432e+03 2.255547345408850015e+04 4.337283269985311199e+04 2.294413635353591235e+05 3.839692621482371760e+04 -5.158099915990512272e+03 6.253060845745222650e+03 7.386032078013498904e+03 1.019458457978975821e+04 2.222156202827222387e+03 6.234960014393912388e+03 6.846307818638406388e+03 8.212800713083510345e+03 3.408996194358619505e+03 5.058267685384844299e+03 5.006322360579741144e+03 4.665292722652876364e+03 4.648486527723507038e+02 -3.901898011255126448e+02 9.746800808440360697e+02 1.034079492397352396e+03 2.863982664593704612e+02 -1.549922057413506845e+05 6.517651819735764293e+05 4.159232948309989297e+05 1.132254794174270937e+05 8.322231278588184068e+03 3.348265378448482807e+04 1.203647757308597465e+04 5.597105034620214428e+04 4.266039172040019912e+04 9.344604265736021262e+03 3.991228645818519726e+04 3.553126855591997737e+05 5.320822245750051661e+04 -4.202745848871987619e+03 1.834481419716166420e+04 1.082231699750480220e+04 3.432452526456865598e+03 1.707665318341932334e+03 3.283195236625891539e+03 7.000832194002488905e+03 1.330071029276884656e+04 1.075739582416385929e+04 3.704244771437053714e+03 1.004718367991812556e+04 1.157312834508335436e+04 2.145712377666749944e+03 -3.704561697006262420e+03 -2.397282033796668657e+03 -3.746719843771115848e+02 3.716011532556811744e+03
-2.441084159749494574e+05 2.751830500580103253e+05 1.370587320732002845e+05 6.849099017020231986e+04 4.740273767374490126e+04 6.442870336901503470e+04 4.077389257594185619e+04 -2.892569627810197744e+03 5.674770354502472401e+03 6.750812315657661202e+03 4.475432374617194910e+03 3.839692621482371760e+04 1.759462322160172916e+05 3.769080135595392494e+04 1.125727056685395291e+04 6.531691283887268582e+03 4.690660761825670306e+03 6.054256533346264405e+03 2.010566573850226860e+03 5.656468838834120106e+03 4.023901663276485124e+03 4.577570476952189892e+03 1.899996808022046707e+03 5.559537314232541576e+03 3.132440836898545058e+03 1.720164070114295328e+03 8.224325452274932786e+02 7.583604900929597079e+02 1.434576384308181332e+03 1.245785398912806158e+03 -1.373249675182136998e+05 3.055371128246028675e+05 5.534748890063365252e+04 6.134257112806526129e+04 -3.767974138271774427e+04 -1.373914121691948276e+04 1.887599111956001798e+04 -3.610844962052250048e+04 -3.189349355714745343e+03 -3.279460549745836033e+04 -9.795742515185065713e+03 4.925193517490697559e+04 2.727821836383962072e+05 2.755913731654673393e+04 1.378073962042634230e+04 8.762211532709721723e+03 1.318354892923026227e+03 3.126214809322772453e+03 2.598596596323919243e+02 1.171716959930056873e+04 4.111730407580058454e+03 4.861052255552164752e+03 5.800346462664674618e+03 5.924534277360490705e+03 6.382435767259097702e+03 1.730591302654617266e+03 5.032239345087730726e+03 7.136391875501560207e+03 -7.176426867918919470e+02 2.123261860269678891e+03
-2.473461298567038739e+03 2.069433579719438567e+05 2.082989069661525718e+05 9.032191508036658342e+04 5.373234809959627455e+04 4.072562618880164518e+04 4.986382678095620940e+04 1.445056582037673070e+04 3.211846937465519295e+04 1.658071498811538913e+04 -2.073089296114404533e+03 -5.158099915990512272e+03 3.769080135595392494e+04 1.315785182277699641e+05 2.981960566656475203e+04 5.193455623587256014e+03 6.431300813197645766e+03 7.759663251245940955e+03 6.509357060694110260e+03 5.815859527901909132e+03 4.778324172139159600e+03 3.828361046951887147e+03 1.584491146646941161e+03 3.132852839755042169e+03 4.615593097523807955e+03 1.742701823331029573e+03 1.252796975730362647e+03 7.369845550857613148e+01 1.041523333313318290e+03 7.520159336327000119e+02 2.181316672681425116e+05 4.033150480295617599e+05 3.774311573354883003e+05 1.534317200287711457e+05 6.638512299862792133e+04 -3.393885311736833683e+04 1.355691368139922561e+05 2.908200399853985800e+03 4.606856258148352208e+04 2.188994675463071326e+04 -3.367699918999011425e+04 -2.888851633262755513e+03 4.405506342541685444e+04 1.933734644415269431e+05 3.188699987151034293e+04 6.620757984929107806e+03 7.890794058475090424e+03 3.915293833940854256e+03 6.537507507256363169e+03 8.619656900651444857e+02 4.420402815162387014e+03 2.265839418365253550e+02 -2.967417876761250682e+03 8.499143184761294833e+03 4.463642826494434303e+03 7.395459293598576551e+03 4.383042935864607898e+03 -2.040634756319615462e+03 -6.508237301586646026e+02 -4.364544101992344167e+02
-5.941316484993141057e+04 1.946805351829509891e+05 1.898098674397884170e+05 6.297527258720454120e+04 5.002576471710084297e+04 2.447812163460142619e+04 4.620446735196642840e+04 2.932710904866657438e+04 2.827912547945885672e+04 1.787520540918216648e+04 1.122335599523059682e+04 6.253060845745222650e+03 1.125727056685395291e+04 2.981960566656475203e+04 1.064263941538775107e+05 2.013683465443237947e+04 4.601859827600898825e+03 6.288577887277825539e+03 2.197411471307724241e+03 8.009721797316677112e+03 3.039491312426551758e+03 2.184710486147902429e+03 4.111341861640410571e+03 4.014731910175352823e+03 2.310678215774207729e+03 2.460018270039404342e+03 2.545634630207023292e+03 -1.131895695076207858e+03 2.922288982313262295e+03 3.929430092449375138e+02 -5.121306876736997510e+05 4.601847778057977557e+05 4.413750861666971468e+05 3.443664508016165928e+04 1.340286394321655680e+05 2.352434955554524277e+04 5.889283401457273430e+04 -4.371553502851455960e+03 8.886487380920996657e+03 1.214128469735060025e+04 1.225375711027534817e+04 2.235046554955359898e+04 1.284037055744567624e+04 3.544502972430877708e+04 1.618858727647103369e+05 2.003653351122079403e+04 8.826884183379030219e+03 1.084179737491415381e+03 3.333752890923868563e+03 1.060478280216642634e+04 6.587466744706008285e+03 2.404425381252573061e+03 9.250543526502466193e+03 1.240382661746748818e+04 9.523085665758688265e+03 5.896286238214508558e+03 2.317808565756469761e+03 -1.120764205000234142e+03 3.444900174951345889e+03 1.647210592637536365e+03
-5.326406243187194923e+04 1.375583087804239476e+05 1.088466706511837838e+05 8.962435663911273878e+04 1.757382773930445910e+04 4.321019161776686087e+04 3.521440846833923570e+04 1.308822006041964778e+04 1.256069760249285537e+04 1.175450042968812704e+04 3.695984892661846970e+03 7.386032078013498904e+03 6.531691283887268582e+03 5.193455623587256014e+03 2.013683465443237947e+04 7.995831687063818390e+04 1.858788979548976931e+04 2.923437159627054825e+03 4.141215039375393644e+03 5.313456499090762918e+03 4.243035710838075829e+03 2.794276847858406200e+03 4.423393583703871627e+03 2.364088159874160283e+03 1.426349838511463531e+03 3.776073936080430030e+03 2.386921619378435935e+03 5.104736975604911322e+02 1.056726107838970165e+03 7.700983685996691293e+02 -3.099783948549199267e+05 3.955514554739265586e+05 -5.597775291342238052e+04 9.365930149514491495e+04 1.056301315063314178e+03 3.893863033961588371e+03 8.498362410733096476e+04 4.410729646226343175e+04 2.593553514116592851e+04 1.447271137979538253e+04 -2.961299871978567808e+03 9.133689777261926793e+03 -1.865187221487430179e+03 -1.303344951457514526e+03 3.625457940176579723e+04 1.200869298021127470e+05 2.069735000690518791e+04 -7.726915812318464305e+03 6.019201606600202467e+03 1.036539005556501979e+04 7.997689739866024865e+03 1.602061392042729722e+03 8.233859164493129356e+03 5.347769185235169971e+03 6.946805330419132588e+03 8.076533374439733052e+03 6.059717390276073274e+03 -8.390080380196382066e+02 -2.368917585171755945e+03 -2.022910453967813964e+03
8.481859369172519655e+04 8.434699562938249073e+03 1.766423045171966660e+05 9.123461028593822266e+04 4.964169087413298257e+04 4.050388050411368749e+04 7.650951991120082312e+03 6.068984658666010546e+03 2.135246433767897543e+04 6.439105416882054669e+03 1.519760226274639172e+04 1.019458457978975821e+04 4.690660761825670306e+03 6.431300813197645766e+03 4.601859827600898825e+03 1.858788979548976931e+04 6.839765543497291219e+04 1.341852889537092051e+04 3.433945651247813203e+03 2.866647823370323749e+03 3.733183500150832970e+03 3.825218251725556911e+03 3.892635160336741592e+03 3.800160947252621554e+03 2.632957622358642311e+03 3.812938600148087517e+03 3.155017150617729840e+03 2.249537638866806901e+02 2.229392611517064779e+03 7.989901979857778542e+02 2.799790433296388364e+05 -1.012304739579029992e+05 2.025820638086506806e+05 1.044820508504541503e+05 1.102729719201262342e+05 6.297448459848920902e+04 -2.375283116277264526e+03 8.421201215880397285e+03 4.742194207683658897e+04 1.380365486069619510e+04 2.467572418643389756e+04 2.255560988825176901e+04 1.350458150733457660e+04 4.189222033373674094e+03 8.613370392131406334e+03 2.629633934830843282e+04 9.502546077847010747e+04 9.581833385963218461e+03 3.325532357630150386e+02 1.265103922815340184e+03 3.945164644048014907e+03 5.919682141307700476e+03 3.187719991255796685e+03 7.182327538845773233e+03 4.563195152589172721e+03 8.017551995759781676e+03 6.242329632804689027e+03 -4.198112409492103325e+03 2.630565331296391832e+03 1.531244936185373490e+03
-9.092256323608695311e+03 -4.063447020261357829e+04 1.194053999804307823e+05 1.760862530171651815e+04 5.708749294425315384e+03 3.100152226370739663e+04 3.081554954464924958e+04 1.744015365105876845e+04 2.633593694776874327e+04 1.061797958133590146e+04 1.092413799058611767e+04 2.222156202827222387e+03 6.054256533346264405e+03 7.759663251245940955e+03 6.288577887277825539e+03 2.923437159627054825e+03 1.341852889537092051e+04 5.405310670407078578e+04 1.259325388725502671e+04 2.632588776324001174e+03 2.348692060777989354e+03 1.833604805258361466e+03 2.180216910825163268e+03 2.579354073444351798e+03 2.288123163284348720e+03 1.915326325947983833e+03 1.423677778290398237e+03 1.038725935162306541e+03 1.802844865574221785e+03 6.138181323824049969e+02 -8.780126212052816118e+04 5.130661415528141515e+04 1.757773041174206010e+05 -2.662927941326488508e+04 5.251707226690210518e+03 6.443701538132501446e+04 3.915835674732644111e+04 3.633231582954754413e+04 5.117607604766503209e+04 1.188670661473867949e+04 2.211761611599034950e+03 -1.972557848078139068e+04 9.261260141117974854e+03 1.107010227006622154e+04 2.965290668033977454e+03 -8.571024599570596365e+02 8.079954198558023563e+03 8.094057555653102463e+04 1.476865410544701990e+04 -3.863799398873632640e+02 2.586443038769709801e+02 6.818948895829148569e+02 6.296788225616681302e+03 4.170268709421633503e+03 1.729241059820180908e+03 3.327543987006244606e+03 8.763902983530240363e+02 -5.886981456780497410e+02 4.685658347693727592e+03 2.979153064404156339e+03
-1.033577735751154833e+05 -1.478875693974746173e+04 8.031211821192420030e+04 4.569416764505291212e+03 3.427969917497190181e+03 1.423911806803584841e+04 7.617273766025809891e+03 2.270671625832808422e+04 2.465812899300670324e+04 2.319611903681948206e+03 1.366807841270586096e+03 6.234960014393912388e+03 2.010566573850226860e+03 6.509357060694110260e+03 2.197411471307724241e+03 4.141215039375393644e+03 3.433945651247813203e+03 1.259325388725502671e+04 4.267369527178869612e+04 8.642102456776377949e+03 2.058429574048915583e+03 7.839690535273799696e+02 1.183522993254596031e+03 -5.757899708322317167e+01 1.344830240481593080e+02 1.060704752029557767e+03 5.428275590358025511e+02 1.204749097136537557e+03 1.077824887822911705e+03 1.049226525136046121e+03 -1.789480648739339085e+05 1.365379258452896029e+05 1.482449076664069726e+05 -2.163541058956990673e+04 -1.079275803404358521e+04 2.744162806214405282e+04 9.391422798110357689e+03 5.902775213994433580e+04 4.139489921347491327e+04 -6.198899697390786969e+03 1.999623845883062359e+03 7.077365688430179944e+03 1.908551713218835630e+03 8.068934909505613177e+03 -1.746961075346366215e+03 -1.515321065003190370e+03 4.947962625241224259e+02 1.514489643814641749e+04 6.278107320227502350e+04 1.085270021791873478e+04 8.822079404684278643e+02 9.246280158031354404e+02 -7.137247509447823859e+02 -8.767763627909415618e+02 -2.520074225376059076e+03 2.060141562637764764e+03 1.309272572735385666e+03 1.035342387459918427e+03 1.894845961985545500e+03 1.766538772271353992e+03
7.703925587911800540e+04 1.053315463042269112e+05 8.202820017808613193e+04 4.762080002950735070e+04 2.291108033549079846e+04 2.525070813949162039e+04 2.653184495278611212e+04 1.539265881447859647e+04 1.931630664578668802e+04 8.617427777596985834e+03 8.318286420031034140e+03 6.846307818638406388e+03 5.656468838834120106e+03 5.815859527901909132e+03 8.009721797316677112e+03 5.313456499090762918e+03 2.866647823370323749e+03 2.632588776324001174e+03 8.642102456776377949e+03 3.710847232192316005e+04 8.701181001654047577e+03 1.727188789479366051e+03 3.557221839868977895e+03 2.037268998273574198e+03 2.834090020152703801e+03 1.546115690683775028e+03 1.817453189293888045e+03 1.265320634286086715e+03 2.690093840134903076e+03 5.726846319319571421e+02 7.511801232514152071e+04 1.297148198682475486e+05 4.626504163783344120e+04 -5.860496541735706160e+02 2.289440755637107213e+04 5.965474341325744899e+04 5.988563949742667319e+04 3.015348201917092592e+04 1.780554968605048271e+04 1.518362499336095425e+04 1.146230432996115451e+04 1.002563970813201013e+04 5.475797075878976102e+03 4.128209646297033942e+03 1.196945318177750778e+04 3.177639247202629576e+03 -3.974898682310702497e+03 -6.434529923545933343e+02 1.052484281557903887e+04 4.920522456137332483e+04 9.591768831633276932e+03 8.947947968730851471e+02 4.347228361461639906e+03 4.156556687110976782e+03 2.620789996477581553e+03 4.251127102736224515e+03 3.530856090744753601e+03 1.480350997306687304e+03 4.430507892793889368e+03 -2.201769200429783382e+02
-4.499182115366469952e+04 3.712346193887731351e+04 6.583277343740942888e+04 4.371264594964703429e+04 2.361086736576916883e+04 2.867672584040767106e+04 9.084265915080534342e+02 3.025145607931845461e+03 1.473807575055010057e+04 1.174735781438450431e+04 6.049079117387695078e+03 8.212800713083510345e+03 4.023901663276485124e+03 4.778324172139159600e+03 3.039491312426551758e+03 4.243035710838075829e+03 3.733183500150832970e+03 2.348692060777989354e+03 2.058429574048915583e+03 8.701181001654047577e+03 3.263244779197997195e+04 5.921345420047890002e+03 2.250665636521017859e+03 2.160466308313593345e+03 2.623826027875138152e+03 1.442072141673121166e+02 1.116357322706215427e+03 4.925340373331956698e+02 1.156866814183642418e+03 2.017111158026858959e+02 1.227484579800740612e+05 4.189109223192001082e+04 6.470706930043945613e+04 5.562362800670095021e+04 2.341894548252397362e+04 1.843425429278254887e+04 -1.639176761269741576e+02 -2.387656582747167249e+03 1.650422341006913121e+04 1.103560719083941876e+04 -6.602982217808031237e+03 2.432965509785132326e+03 2.254383849261365413e+03 3.163467546164574742e+03 4.566991655318691301e+03 1.778494129532081161e+03 4.873034382437728709e+03 1.097561670272911670e+03 5.929205568264976591e+02 6.641560750239763365e+03 4.696037624620145652e+04 2.163678173000399966e+03 2.280309087998497034e+03 3.820024364581376176e+03 3.583450066100290314e+03 1.296389924163167393e+02 1.905682087815832119e+03 -5.827422386237788032e+02 1.692100694369134999e+03 -7.590762057010314265e+02
4.981016876141510147e+04 9.810549417314742459e+04 8.602619362268134864e+03 3.525034938180331665e+04 6.308957070518772525e+03 1.989667764451254698e+04 1.201219350924417631e+04 4.285121057710375680e+03 1.024718379616535685e+03 2.634234165563920669e+03 -1.853015759612518707e+02 3.408996194358619505e+03 4.577570476952189892e+03 3.828361046951887147e+03 2.184710486147902429e+03 2.794276847858406200e+03 3.825218251725556911e+03 1.833604805258361466e+03 7.839690535273799696e+02 1.727188789479366051e+03 5.921345420047890002e+03 2.490746245698748680e+04 4.968466077971049344e+03 2.675544253257899982e+03 2.317665946966341835e+03 7.138619004616581378e+02 7.622998545031261983e+02 8.833311024705452610e+02 1.053401259996727049e+03 2.809237949439906856e+02 1.602126259350982727e+05 -2.068773826164213006e+03 -3.531327750451719476e+04 7.182264533630320511e+04 1.671353858833156482e+04 4.797602777902185335e+04 4.281818025144273997e+04 1.225192344561818027e+04 1.386169400455672621e+04 5.049192156460894694e+03 -1.164233221042663217e+03 3.361804236537254383e+03 4.679572522565479630e+03 -1.879684226705195897e+03 2.035275209794167267e+03 5.090199228363492693e+03 6.580490715437839754e+03 2.016141637528042565e+03 9.853165487942424079e+02 2.431258435944087978e+03 5.618820661391072463e+03 3.305627300169927184e+04 5.572826168627309016e+03 2.379906608633958058e+03 4.445011047817656618e+03 1.691670494569246557e+03 -4.916830736192221707e+02 9.506076644703728107e+02 4.304629970697601493e+02 -2.222604621478895751e+03
1.452845605867113336e+05 3.355298798271334817e+04 6.824769902587792603e+04 -1.548474599730241152e+03 1.461645580697118203e+04 1.022882906155389492e+03 6.238604559026448442e+03 5.730154492698848117e+03 3.715806565015273918e+03 4.210006005110228216e+03 8.227551369697244809e+03 5.058267685384844299e+03 1.899996808022046707e+03 1.584491146646941161e+03 4.111341861640410571e+03 4.423393583703871627e+03 3.892635160336741592e+03 2.180216910825163268e+03 1.183522993254596031e+03 3.557221839868977895e+03 2.250665636521017859e+03 4.968466077971049344e+03 2.446898697050229021e+04 7.307700838210123038e+03 2.430644226080327826e+03 -2.842037045431247222e+01 9.299315145931989264e+02 1.100257667478017083e+03 3.456080357788274569e+02 2.006480978735968108e+02 2.976921905207529780e+05 -1.356153232571840636e+04 1.188483436935144273e+05 -3.332328888462414034e+04 2.632227798628660821e+04 3.722331120713699056e+04 1.783175127218064881e+04 4.436964178642334446e+03 -1.925166379643411119e+03 3.582216369670856238e+03 1.378992811331265329e+04 6.152772912471779819e+03 -2.662722909755034834e+03 1.685155175511265270e+03 1.029952098495323844e+04 4.424227410134670208e+03 4.900503444173936259e+03 -3.550001966129117559e+00 2.650237858338676233e+03 2.923756107462025284e+03 4.684525492023323750e+03 3.090871177903626631e+03 3.219363992101377517e+04 6.587836610504749842e+03 2.018091398103088295e+03 5.279132079142148086e+02 2.422343348087686991e+03 2.049349951318034982e+03 9.647748198479698658e+02 -1.042584243822906046e+03
7.512531302783224965e+04 2.459541574108035638e+04 6.141083072436445218e+04 -5.001074509593490802e+03 1.593097450329770618e+04 2.334123240595926109e+04 1.002504177384844843e+04 1.002942774368354367e+04 1.136160632620690876e+03 4.923453165602695663e+03 3.422697655321373077e+03 5.006322360579741144e+03 5.559537314232541576e+03 3.132852839755042169e+03 4.014731910175352823e+03 2.364088159874160283e+03 3.800160947252621554e+03 2.579354073444351798e+03 -5.757899708322317167e+01 2.037268998273574198e+03 2.160466308313593345e+03 2.675544253257899982e+03 7.307700838210123038e+03 2.123360021006416719e+04 5.391246819827735635e+03 8.601909703757293073e+02 1.625280267111798821e+03 -2.912328384445798335e+00 4.666965746061941900e+02 3.968708689216090875e+02 4.945894018185071036e+04 -1.337627161113332550e+05 5.723495985969459434e+04 2.514635752178892744e+03 4.838918599250954139e+04 5.865208569313261978e+04 2.669788649434862964e+04 9.095048848767866730e+03 1.097688308549861540e+04 7.853397730987382602e+03 1.111791342982894548e+03 6.792665531871241001e+03 5.918021291702488270e+03 3.957513523106227240e+03 1.090404383870341553e+04 3.564405839296030649e+02 3.249354216140865447e+03 3.744545040594346574e+03 -2.127040078592361624e+03 4.055605029359861419e+03 4.803196568149754057e+03 2.618259671448762674e+03 7.013251908365083182e+03 2.854307603997547994e+04 5.946997998509667013e+03 4.236307095699976912e+02 2.476917096906064216e+03 -3.185917668306615269e+02 1.009271948646636247e+03 5.775574223709966191e+02
7.021226496029723785e+04 6.601697514557559043e+04 5.285430339778422785e+04 -8.402066125674327850e+03 1.264845780443312651e+04 2.158065710146640777e+04 1.308891451101959319e+04 1.720290850760535614e+04 8.270983521251650018e+03 1.380136301260237997e+04 1.894799688398907392e+03 4.665292722652876364e+03 3.132440836898545058e+03 4.615593097523807955e+03 2.310678215774207729e+03 1.426349838511463531e+03 2.632957622358642311e+03 2.288123163284348720e+03 1.344830240481593080e+02 2.834090020152703801e+03 2.623826027875138152e+03 2.317665946966341835e+03 2.430644226080327826e+03 5.391246819827735635e+03 1.811375485623849454e+04 3.315674229238899443e+03 1.099852735873068696e+03 9.108433872065376136e+02 1.145624932733914420e+03 5.963115060763756219e+02 9.772844432953247451e+04 -4.152288651706871315e+04 1.612195728041621805e+04 -3.029757400114253687e+04 1.514318840803670719e+04 5.188476408930621255e+04 1.633371985911922457e+04 2.939308946524032945e+04 6.590236043207200055e+03 1.581625570516902735e+04 3.299546267124078440e+03 9.533785310653043780e+03 8.576843310317431133e+02 6.468541728508879714e+03 6.223639998807324446e+03 1.785251681179686045e+02 2.122648630156268609e+03 4.105435248825398958e+03 2.282338075239583759e+03 8.476446441740679802e+03 5.770021945729249637e+03 2.583716360665258435e+03 1.142804416747953837e+03 5.636684829645830177e+03 2.201633595973237607e+04 2.749027108963854971e+03 6.451290181534955082e+02 1.645417173772835213e+03 8.298989484121498208e+02 1.043292468479837680e+03
-5.049922274319370626e+04 6.389888107685394789e+04 1.892960139768393492e+04 1.962829965968476608e+04 3.753476079152837428e+03 7.342812270299084958e+03 1.003640052856235343e+03 7.170689906974918813e+03 3.618500390328841604e+03 -1.052399342821941900e+03 -9.525752743410845369e+02 4.648486527723507038e+02 1.720164070114295328e+03 1.742701823331029573e+03 2.460018270039404342e+03 3.776073936080430030e+03 3.812938600148087517e+03 1.915326325947983833e+03 1.060704752029557767e+03 1.546115690683775028e+03 1.442072141673121166e+02 7.138619004616581378e+02 -2.842037045431247222e+01 8.601909703757293073e+02 3.315674229238899443e+03 1.451906852979411087e+04 3.269368209944616410e+03 6.284144984564542256e+02 8.158683352939613087e+02 3.177954551993893233e+02 1.150689405373094778e+05 1.373342783488797431e+05 9.801126170638710028e+04 2.253838305440224576e+04 -2.065475439135277702e+04 1.332442246286443515e+04 1.429142891311100584e+03 1.776839932981015954e+04 1.207915896645246448e+03 -1.611583484757431279e+03 1.370323267092139076e+03 -2.906486916657848724e+03 -5.625099281535211048e+03 -1.706445937007298198e+03 3.367946780376308652e+03 8.238022663133468086e+03 5.577993382320595629e+03 -4.658242960144388576e+02 -7.338810373569799594e+02 3.216740604962323687e+03 -2.427125421867487276e+01 7.332232004245545340e+02 -2.878975179874191781e+03 -1.531849323389761821e+03 5.860350012517852747e+02 2.043307672282258500e+04 4.840110118989935472e+03 4.537169694615877802e+02 1.757708661708828402e+02 -6.345634936207619603e+02
