8.441216236531743407e+07 1.514130916720664315e+07 -6.241834668357161572e+05 -4.544805796004238655e+05 -2.057078214911000759e+04 2.399297924845688394e+05 3.796519535278116236e+05 1.990344418664569966e+05 2.688047792866398231e+05 5.033648459731022740e+04 -1.987493198426093295e+04 -8.114130267607686983e+04 2.893344073067601857e+04 7.547077897226555797e+04 -1.297873814948199288e+04 2.085727938731591621e+03 -7.140215481788436591e+03 -4.587379876889001025e+04 -2.842786685130377737e+04 1.353744958519211468e+04 -1.195246169113466203e+04 -2.525736417939296734e+04 -2.149049840738979401e+04 2.190618336656278188e+04 -3.104929825768820956e+04 -9.655762038631661198e+03 -2.686411165295603951e+03 -3.446427986886067174e+02 -2.014336755067303966e+04 -2.186157835214862644e+04 2.414863304437626153e+07 9.369173584793752059e+06 -4.968128886959717609e+06 -8.020063932210272178e+05 9.963594190937727690e+05 8.232296451768247643e+05 8.017413910661948612e+05 5.629204465129246237e+05 -2.493461303623181811e+04 -1.431073379127074732e+05 -1.271835137952985824e+05 -1.126845427129942982e+05 -1.808866934286566539e+04 1.342553681916344794e+05 -1.073734958961798111e+05 9.833993594784640663e+03 9.158136937665408186e+04 1.309286380322559562e+05 4.541831206106540776e+04 5.902563650761835743e+04 7.165829314460359456e+04 1.909229214226283511e+04 -1.505108229641898943e+05 -4.479995828065340174e+04 -8.711980454695436492e+03 6.689789893739602121e+03 -4.730461475502073154e+04 -3.658709759821432817e+04 -8.251920665269377059e+04 -3.777411919383006170e+04 5.405387003881378332e+05 7.081085474008349702e+06 2.711884296684410423e+06 -2.504251666797217913e+06 -7.434877787257938180e+05 3.694187520128441975e+05 -2.195621451420119847e+05 4.751620712297960417e+05 1.006634007784470159e+05 5.480443397702400107e+05 3.569499570177118876e+05 1.190177046706051915e+05 -2.283866576209989144e+05 2.360794688793915338e+04 1.002166112839522975e+04 1.805339301874193188e+05 1.771793009854339180e+05 -4.055968985854366474e+04 -4.902821677937290224e+04 2.750656376070659098e+04 6.221297146645154862e+04 -9.083843501846245999e+03 -3.502303244193964201e+04 -7.749678086793929106e+04 -1.147073501362921161e+04 -4.675828454609234905e+04 4.079362742546901427e+04 -1.571116889462991821e+04 -3.599498013335446740e+04 -4.027586477557146736e+03
1.514130916720664315e+07 2.858097528187578544e+07 3.933334611752639990e+06 -2.511530193426628443e+02 2.240608364153619914e+05 2.387286463075080828e+05 4.765167532991407643e+04 7.899069836716279679e+04 2.021649247306740654e+04 8.157109637855489564e+04 3.058704435640940574e+04 3.087708652138986963e+03 -1.015330029186105276e+04 -3.327653199956031312e+04 1.211594988162247319e+04 3.976086427699551132e+04 1.207679086386023846e+04 -9.355622304532886346e+01 -2.634339350700467185e+04 -1.277302012070548244e+03 -5.452085306512307397e+03 -1.895811144684865212e+04 8.537012220197142597e+03 2.220932540017817155e+04 -5.287463103442493093e+02 1.010758153106657664e+04 9.862202240946628535e+02 -6.954798151819582927e+03 -7.669936527091209427e+03 2.989639040041258795e+03 1.366450530464011990e+07 2.599501154322534427e+07 3.834166702710211743e+06 -1.274920333373426256e+05 -3.474817461834828719e+05 4.442530897286049440e+05 9.369571557996359479e+04 3.778995783364306553e+05 2.338816999560601544e+05 6.436917202821890533e+04 4.551408633449635090e+04 -1.402165254253825515e+04 -3.142058333773695267e+03 -5.395032063204087899e+04 -4.945533752079046826e+04 1.129163834601792187e+05 1.208643353481618105e+05 1.135239627979902434e+04 -9.493901062240507599e+03 8.976784525075370766e+03 1.078231758321009693e+04 9.546280134658775933e+04 -7.357271299574580917e+04 -4.244660300712964090e+04 -9.315623818765767282e+03 3.256948926661098085e+04 2.206403475625216379e+04 4.615652317063444934e+04 1.110412290703488480e+02 -1.595244570668457891e+04 1.298574059334230376e+06 4.430036096605835482e+06 8.083650742870025570e+05 -5.586054005112407031e+05 1.676995662419764983e+02 1.552314988248643058e+05 -4.468360348485012073e+05 -4.678800099029410630e+05 -3.567807656468940550e+05 1.440627967875725881e+05 1.305452446473001037e+05 -5.139911980654056242e+04 -1.286146059361082444e+05 -1.084319537744256959e+05 -1.121510140991092048e+05 7.495954752631373412e+04 1.535969409728951905e+04 -5.958562540837927372e+04 5.345258436913770856e+04 5.855651301619908918e+04 6.393950332030584832e+04 1.328531891968976743e+04 -9.806800161365270469e+03 1.300714808021949830e+04 -2.495105291939648305e+04 1.200400603311561099e+04 1.001120601125195572e+04 -9.961011247483565967e+03 3.134479047783201167e+03 -1.020136520358618213e+03
-6.241834668357161572e+05 3.933334611752639990e+06 8.773646178611651063e+06 1.389432697625392582e+06 1.326865570838485437e+05 1.385163967085560143e+05 3.909233327448013733e+04 9.556395374657619686e+04 3.624998224348070380e+03 6.304342565468568500e+04 2.185264524782292938e+04 2.064389204910242552e+04 -1.058510549194185660e+04 -1.894805142967058055e+04 1.906495538375631077e+04 1.494729179106738411e+04 8.319429052953324572e+03 1.686329843538341811e+04 -3.288946941731501283e+03 -9.615066927780555488e+03 -7.412248906426271787e+03 8.790848704260135491e+03 8.373273934964690852e+03 -4.081718610725091594e+02 4.730122075289543318e+03 7.524086350952032944e+02 -2.762749649871473139e+03 -6.931006738632600900e+03 2.582609053241367292e+03 -4.986745912205963577e+03 7.809022943583437009e+05 5.134517468604060821e+06 8.530217067201728001e+06 1.228692291071642423e+06 -9.440545522080357478e+04 1.825699915083652013e+05 6.989887746181493276e+04 -1.953199790739022774e+03 -4.642589676836547005e+04 1.405191406784110004e+05 4.350848625162273675e+04 1.369760268504651322e+04 7.813115714786722674e+04 5.391324120522242083e+03 -2.324007561098425413e+03 2.598329898169158696e+04 2.917685527368897601e+04 1.857928177595841407e+04 2.692692256635355807e+04 1.647912996610067421e+04 -2.405722749361082151e+03 3.854368525385404610e+03 2.067774641308385253e+04 1.758667678080326004e+04 8.579389981826228905e+03 2.186495863001358885e+04 9.650639821299593677e+03 1.756417920625282568e+04 4.562710732866334183e+03 3.694230439258727984e+03 1.310140270250684116e+06 3.296750627374677919e+06 3.092552387016533874e+06 -8.244700200076417532e+05 7.005649977400443458e+04 -2.167419617690560990e+05 -1.260718932946885179e+05 -3.317178706237930455e+05 -1.109191581431390368e+05 2.141061050406180148e+05 5.941460172325152234e+04 1.193831320977579016e+05 1.159045396810661769e+05 4.307876339118729811e+04 1.530050592695577689e+04 1.448714002258268738e+04 -9.166538416355997470e+03 -8.791147349368438881e+03 -3.483050560246319219e+04 -4.954412441950580978e+04 4.748257117054118680e+03 2.252965020707120129e+04 1.122305060022895668e+04 -7.430263797421716845e+03 1.828912390866058558e+03 1.395362493630837889e+03 3.828791018228844678e+03 -1.063392026702086696e+04 1.873177003060108473e+04 -1.614195479482890960e+03
-4.544805796004238655e+05 -2.511530193426628443e+02 1.389432697625392582e+06 3.234109798708142247e+06 6.392972713650957448e+05 3.024731317927453711e+04 4.496188615486651543e+04 4.860700274205824826e+04 7.246669160927479970e+04 3.360725876552383124e+04 -1.108770750739238974e+04 -8.341128535961001035e+03 -8.585344728059548288e+03 -9.823401074740037075e+03 -1.254714976365457005e+03 2.372872013964740745e+03 -4.636083212592538075e+03 1.438776316957575182e+04 -1.963901382359630361e+02 6.386656531641289121e+02 -4.602841505559326833e+03 1.293115189023788616e+03 9.596889604543966925e+03 9.240396162513028457e+02 6.827461817877344401e+03 3.852631697542700294e+03 -3.123096025548645230e+03 -2.844416552602692860e+01 7.096333226610323436e+03 4.723068612697363278e+03 -8.356872692293331493e+05 8.653366083286412759e+05 1.545924390556819970e+06 3.005194129929285496e+06 4.949811985259478097e+05 3.395033620448468719e+04 -6.353216004703938961e+04 -3.643499900553037878e+04 6.299864609644474695e+04 5.681851599730828457e+04 -8.216609140619753816e+03 1.491863108957350232e+04 -2.660474049529894910e+04 -2.651191316673686015e+04 9.639561391827837724e+03 3.472567714859365515e+04 3.288267838163124543e+04 -1.125764530929742250e+04 -6.340933740672457134e+03 -8.490557748173475829e+02 1.622155194010704008e+03 -3.975906649048848521e+03 -4.966803742310768939e+03 7.966852235677307362e+03 -6.685814974930295648e+03 -4.387726725507068295e+03 -1.679122495383357455e+04 1.336966161946779175e+04 -3.276141108207953494e+03 -1.981238033305844738e+03 1.534010821225550608e+05 1.180610290746768005e+06 1.070859817369766766e+06 -1.675752216778876027e+05 -2.203129104298586899e+05 3.971660291690732265e+04 -1.706069836999720719e+05 -1.496500182648006303e+05 -8.337746795882200240e+04 -1.131740130882294907e+05 -6.084019439378916286e+04 1.102216068889684357e+04 -1.085976637788978223e+03 1.108082648653061187e+04 4.862063151813401873e+02 -4.775365662034742127e+04 1.100846772519016122e+04 -1.844620175269691390e+04 -1.621291396101930150e+04 -1.677085816640999474e+04 7.075729761153170330e+03 1.128567328522415664e+04 -1.350365967455863210e+04 1.964764927203020761e+03 -2.623869676858888852e+03 9.356180311548365580e+02 1.190314358573053141e+04 1.087712135004276774e+02 2.363204055704291477e+03 1.436488957635607403e+04
-2.057078214911000759e+04 2.240608364153619914e+05 1.326865570838485437e+05 6.392972713650957448e+05 1.458374423409634735e+06 2.062233536695169751e+05 -9.422391562406532103e+03 1.164825218533375482e+04 2.833075122666919196e+04 1.178300274034179529e+04 -1.661320490024387254e+03 1.479614855976053695e+04 3.413721075145156647e+03 8.754593106911777795e+03 -5.620436865980603216e+03 6.194858915126209467e+03 2.233117594665272463e+03 5.673349661568288866e+03 9.618846405002943811e+02 -1.899963189198513646e+03 -4.313703413292272671e+03 -8.713115374092141110e+02 7.217876391217630953e+03 1.653518180262046599e+03 8.914578805177382037e+02 -2.409097708732058152e+01 4.646731113292736154e+03 2.390176570912720308e+03 5.187442231417961011e+03 1.851307594110897980e+03 1.443377455606337571e+04 1.224884696019358234e+06 5.505657419393444434e+05 8.781267790422150865e+05 1.402878374338417547e+06 2.669696759844970657e+05 -1.110459529816785216e+05 -3.687051607681687892e+04 5.939327849512352986e+04 4.134435456056863768e+04 2.871287088308141028e+04 -1.099876819914365660e+04 1.283875448608431361e+04 2.123434365282770159e+03 3.488139225667726805e+03 5.161780563372012693e+03 1.467275172510107950e+04 -4.615315629625990368e+03 7.898024858621814928e+03 4.887203919623017100e+03 -3.762872885010383470e+02 -2.145893145288292999e+03 3.999079320863929752e+03 3.940448527864351036e+03 -6.214669103205724241e+03 1.133855215315722944e+03 -9.574564296471307898e+03 3.403266413857313637e+03 2.796060710729062066e+03 -6.850307238401049290e+03 -3.435986490676651010e+04 9.158464178204919444e+05 1.708997670236004924e+05 -2.067129093674032192e+05 7.996294946634722874e+04 -1.633204292365391666e+03 -9.874952178271273442e+04 -7.842085827471363882e+04 3.513894814530167878e+03 -2.976138332830284344e+04 1.264348841814668776e+04 -4.199411963535409450e+04 2.832196985676448821e+04 5.018578039837393590e+04 -1.052100103250894244e+04 2.325243591821742939e+03 3.575227783932767488e+04 8.017495776686860154e+03 4.334890267316492100e+03 5.143727598514939018e+03 2.173796537475586774e+03 4.404013329358680494e+03 -3.143188145369708764e+03 -1.341433456158295849e+04 -8.949016982731478492e+03 1.093491017537347034e+03 1.476329354227511067e+04 -4.576906491835570705e+03 5.968642383827208278e+02 -7.462810931978252484e+03
2.399297924845688394e+05 2.387286463075080828e+05 1.385163967085560143e+05 3.024731317927453711e+04 2.062233536695169751e+05 6.982256221560572740e+05 9.731238705630980257e+04 1.882268956672062268e+04 2.487932935169525445e+04 -1.610784838797904558e+04 -1.471136699106932065e+04 -2.666806286654901896e+02 -4.966311294186745727e+03 1.158692593141565339e+03 1.211302551289939174e+03 1.945695858992598062e+02 2.094654324579624245e+03 1.650246667535724555e+03 1.191838729754816313e+03 2.881225043494202055e+03 2.324497346543549156e+03 4.288491003573949456e+03 2.677801169130180369e+03 -1.923962440078427562e+03 -5.375993650211463546e+02 8.163825602480142152e+02 -3.412257043911832852e+02 5.000364785010773261e+01 1.293214737056151080e+03 -1.224876455068245832e+03 -1.067884724775902869e+05 -4.085815552587666753e+04 3.208748656613755156e+05 2.752235644685861189e+04 2.290862010995488381e+05 5.734669305152976885e+05 1.172666491775123723e+05 4.932217095279614296e+04 4.805717025851697690e+04 5.668216696371197031e+03 -6.362541047974797948e+03 1.013398898092908667e+03 7.720466532909495072e+03 4.191996976922464455e+02 4.228651598943291901e+03 9.186150271463142417e+03 2.981835630697036777e+03 3.263699918115240962e+03 7.056311523088672402e+03 1.744376063453267761e+03 5.051282202509864874e+03 2.911549491353048779e+03 6.158145569644845637e+03 6.419723936913605939e+03 5.655615139505288425e+03 9.516664850667124483e+03 6.646712648457844807e+03 4.108950993250734427e+03 4.098926260824814563e+03 3.692287157419757932e+03 -1.955763157680655422e+05 3.822395523947263719e+05 8.614914864853266045e+04 -1.631803975928604195e+05 -9.027501999388731201e+04 6.941621006834080617e+04 -4.016124349877032364e+04 -5.712782574755290261e+04 -1.045370323173048746e+04 2.615833217329091713e+04 2.777930262277190559e+04 6.308423332075017242e+03 1.616723989910533965e+04 1.295723964238421104e+04 1.032851446822065736e+04 9.997585976700167521e+03 5.738150263260872634e+02 -1.337006035742049426e+04 1.408197067552816770e+04 2.932881137670760381e+03 1.543871509165782300e+04 1.048151805817169588e+03 -3.245256591104795007e+03 7.224675138295712713e+03 6.873601643174526544e+03 -3.731993565562705044e+03 6.168789724564208882e+03 3.119230351301979454e+02 3.720324904880453687e+02 -3.532503625798889516e+03
3.796519535278116236e+05 4.765167532991407643e+04 3.909233327448013733e+04 4.496188615486651543e+04 -9.422391562406532103e+03 9.731238705630980257e+04 4.103586906562054646e+05 7.469146673107439710e+04 1.455381363408681682e+04 8.860325176779311960e+02 2.700029497090230961e+03 -2.059323456030179386e+03 4.190617800647713011e+03 1.092373350029557514e+04 7.449892248804894734e+03 5.810422926958472999e+03 4.600162250977885378e+03 8.029234531967513249e+02 4.429389943956661227e+03 6.219952560892310430e+03 2.711884531036007047e+03 8.983224425880734998e+01 3.915201538800029084e+03 7.769561962241444917e+02 1.643742265401969917e+03 1.231426089295227030e+03 -1.783283678097089705e+03 -1.444771694162458289e+03 -3.863959262642335943e+02 3.651752989413469663e+02 1.899843895956352935e+05 -1.937105940419379913e+05 1.017761825995693507e+05 -5.919807805597320112e+03 5.138601925802855112e+04 7.770780917579424568e+04 3.863415666220901767e+05 6.391921168853065319e+04 -1.492894823097062726e+04 -1.346661003449502095e+04 3.079858824195750003e+03 1.467839820615997633e+04 1.491908992344403123e+04 9.055496539393427156e+03 -1.072728996982541139e+04 1.356304184221409378e+04 1.274695753735618564e+04 4.671510064463092931e+03 4.710291549692125955e+03 2.640197096173198133e+03 -4.071297266601787328e+02 -3.429392031140613994e+02 5.424508805704515908e+03 6.128726179388172568e+02 -1.698078976342324040e+03 -1.272837890405707640e+03 -1.122552300115115713e+03 2.803047283370799960e+03 -2.495446775164371047e+03 -1.103436432738208737e+02 -1.509064615019830526e+05 -3.400281428364392486e+05 -4.468348638453819876e+04 -9.198841750584990950e+04 3.011139544422467952e+04 4.100795511270088900e+04 6.942296526933979476e+04 -7.471857075839082427e+03 5.102689071875846821e+03 2.497082972083781351e+04 9.564884893825563267e+03 -1.852814319475031652e+03 -3.414264961746308018e+03 -1.213909831476927138e+04 -8.454315054735532613e+03 1.679571084794676835e+03 -1.072312733713872694e+04 -6.727428873980831668e+03 -8.781990578731016285e+03 -9.084108289924621204e+03 -1.705343978988584013e+03 -4.083129594582818299e+03 -1.256858151738439301e+04 -4.395076545189931494e+03 -3.423590370862715986e+02 3.347460428224432576e+02 6.375848647266482203e+02 7.977818365690952760e+02 -3.430429335777118922e+03 -1.521984852097124985e+03
1.990344418664569966e+05 7.899069836716279679e+04 9.556395374657619686e+04 4.860700274205824826e+04 1.164825218533375482e+04 1.882268956672062268e+04 7.469146673107439710e+04 2.515381124019765412e+05 3.932884233346563269e+04 -1.230326723844483240e+03 2.815106983794030839e+03 2.803353554649980197e+03 8.076813590349281640e+02 -2.501008254433568823e+02 -6.755145151765848368e+02 6.397897322679225908e+03 1.829014739679893637e+03 2.463240631776884129e+03 5.441820226003167591e+03 3.161118733540213270e+03 2.145060035757903279e+03 2.464238767678357817e+03 7.924947061851496528e+02 1.157608825128444778e+03 7.402036050483069403e+02 1.540733955867821578e+03 -6.298244927883913533e+02 9.021889899448361803e+02 6.724869663516221863e+02 3.891259124550596198e+02 2.281846548973151366e+05 -1.161172197315748053e+05 3.163980398097399739e+05 4.741020099461649806e+04 3.714392603068010794e+04 1.246889897126296819e+04 6.665261799246178998e+04 1.950565139559781819e+05 2.331651900188509535e+04 -3.689438679685349143e+03 -3.537648347714710326e+03 1.339267362783118915e+04 2.580109087385974817e+03 -1.739129848301364518e+03 -8.214116412552264592e+03 1.022742825939110662e+04 1.020437125942498278e+04 8.647329423884999414e+03 8.421153891823247250e+03 3.810219195271993158e+03 -3.278726057944479066e+02 1.011377606967264683e+03 2.601280280374920949e+03 -1.626494777620769810e+03 2.451320738475584676e+03 5.032529895416506406e+03 2.932866695685280320e+03 2.859653258140979233e+03 -1.380594869242733466e+03 3.968573981014459378e+02 -1.693504281569925661e+05 -9.654406248209644400e+04 -1.491871798189903166e+04 1.959853234784871456e+05 7.379216103678339277e+04 1.732184753439555425e+04 -1.829074337927533998e+04 3.306787196574416885e+04 -2.987316026388316004e+03 -2.243093448161254128e+04 5.824610417019030137e+03 2.625403699425043305e+04 3.384643599893391183e+03 7.330066899523871143e+03 7.487860202208880764e+03 1.133514637494932867e+04 1.106107906428417482e+04 8.965664048264643498e+03 -1.702326113837813182e+03 -7.386439587013670462e+03 -4.116024339801074348e+03 2.072444455620757708e+03 -2.749804301862779994e+03 -6.628745366208392625e+03 9.559378918249924482e+02 3.492903556601107084e+03 4.954118983971854504e+03 1.939725516528484150e+03 1.802635727540932066e+03 -1.748056791985691234e+03
2.688047792866398231e+05 2.021649247306740654e+04 3.624998224348070380e+03 7.246669160927479970e+04 2.833075122666919196e+04 2.487932935169525445e+04 1.455381363408681682e+04 3.932884233346563269e+04 1.559623067568877013e+05 3.612994719519554201e+04 -2.890275716943573570e+03 1.143863699695702280e+03 4.278372208312758858e+02 1.021671421883956896e+03 7.966780689615617916e+01 7.827968565786580939e+02 1.405792017039226039e+03 1.743447221139249223e+03 1.878542524398603973e+03 2.497674518275369792e+03 9.601057135393515409e+02 4.464786096309114782e+02 3.959573342389139157e+02 1.350643587745211107e+03 1.822489577099621329e+03 1.419750749745465725e+02 4.873331923159944949e+02 5.272734462465070919e+02 1.692229216677064869e+03 1.015421300014928761e+03 2.223153024061979086e+05 -5.989187088149513147e+04 -8.068466734874669055e+04 8.325143240567563043e+04 1.876071014564644429e+04 3.013975896196430313e+03 1.499966592153976126e+04 2.422805004063171873e+04 1.133332948780955921e+05 2.083869896129785047e+04 -1.544740378330409612e+03 7.836470563982042222e+03 -3.922533343511638577e+02 5.602958264000143572e+03 4.990234752318771825e+03 -1.086409167335953953e+03 4.759190883718031728e+03 -2.133048366106492722e+03 -1.252124858186662948e+02 8.119331788327997401e+02 4.374007034802825729e+02 2.031008957018287447e+03 1.051631812186912839e+03 4.241328656704184141e+03 8.415063083388308769e+02 1.651740704093336262e+03 3.984706352227643720e+02 2.930276029616551341e+02 -3.737497386111273272e+02 1.781412606167033346e+03 -1.256292411404566665e+05 -9.738908524289232446e+04 -5.767410388068684551e+04 5.415937051878024795e+04 -3.610322698621024301e+03 2.252504063083423534e+04 4.820572311683445150e+04 -1.004014201360655898e+04 1.180622452688554949e+04 -1.703486261284180364e+04 2.454285829784825182e+03 2.192932794743408158e+04 -5.065692823429793862e+03 9.066958020301257420e+03 3.193123305105660847e+02 3.138300074696067441e+03 1.932848225997786926e+02 1.192607449094407912e+03 6.701546906688939998e+03 9.277754340192094560e+02 5.956215279607225057e+03 3.517353643206924062e+03 -2.425856711786360847e+03 9.389010741388650558e+02 -1.441740315179049730e+03 1.046413175477801587e+03 4.765812602215511617e+01 3.568662831927155707e+02 6.203914851866957179e+03 2.891069122073735798e+03
5.033648459731022740e+04 8.157109637855489564e+04 6.304342565468568500e+04 3.360725876552383124e+04 1.178300274034179529e+04 -1.610784838797904558e+04 8.860325176779311960e+02 -1.230326723844483240e+03 3.612994719519554201e+04 1.024594541302562720e+05 1.732256487188354731e+04 3.277887356547635136e+03 2.905782197674137933e+03 2.004016536440560685e+03 2.812838804507029181e+03 2.755676770320723335e+03 3.300987947769405764e+03 2.815599999141750686e+03 2.007798074837550985e+03 -8.855607162462393944e+02 8.857328940498019847e+02 2.801674219728987509e+02 1.905904395395941492e+03 1.503147783972431398e+03 1.121208866860599301e+03 5.954976802682396055e+02 -7.457619702088679787e+02 1.359477129434885455e+03 -1.404660820899555063e+02 -1.049866995497229482e+03 1.303683738193273457e+05 2.587482807519413182e+05 5.377578966842578666e+03 4.424503327005795290e+04 -3.582817351780986428e+03 -5.520382734328720107e+04 2.521546022738740794e+04 -5.515977015288491202e+03 3.022672049857648381e+04 6.972820917926169932e+04 1.409289582066602452e+04 -4.714947249033958542e+03 -5.808624272695516993e+03 4.351419003846428495e+03 7.394148811313761144e+03 2.132689621754800100e+03 1.882614710982599888e+02 -2.848759390366190928e+03 1.244137942088249247e+03 -2.154391127667966259e+02 1.839414760464431311e+03 1.467415439034642986e+03 2.150260166016016228e+03 1.338711152401086110e+03 1.012788286688568292e+03 8.822700938959408177e+02 -1.922420616929546782e+02 1.479397241748126817e+03 4.282256801174399357e+02 1.830562188340517423e+03 2.695398301718853763e+05 2.549975253756020538e+04 -9.744598973270940769e+04 -3.308240023419122736e+04 1.188490467592095047e+04 1.201110707030813137e+04 2.464484805346117355e+04 -1.398315118599297239e+04 -8.432448797129272862e+03 1.578931423560051553e+04 -4.137838419093494849e+03 1.338393448457952900e+03 6.294068374003773897e+03 9.242886381526512196e+03 -1.824656512861580040e+03 -6.083244011568219321e+03 -3.023528822586821207e+03 9.223600642696115983e+02 4.101349682118833698e+03 -1.585992669991128878e+03 2.756390472006311938e+03 1.668990229836887920e+03 -2.724843534698424719e+03 3.084273833982721953e+03 3.339907848013779557e+01 3.279731359807851163e+02 -3.421992190316591405e+02 -1.640864067812145549e+03 1.586176962504376661e+03 3.222780661479425817e+03
-1.987493198426093295e+04 3.058704435640940574e+04 2.185264524782292938e+04 -1.108770750739238974e+04 -1.661320490024387254e+03 -1.471136699106932065e+04 2.700029497090230961e+03 2.815106983794030839e+03 -2.890275716943573570e+03 1.732256487188354731e+04 6.257412723285029642e+04 1.082038077559676276e+04 5.735778782754329086e+02 2.170365190029199312e+03 7.882580524155001740e+02 2.059112687341689707e+03 2.765595480516892621e+03 2.008910553475588586e+03 4.674594641446954029e+02 3.495717808276123719e+02 1.358116313313694945e+03 2.534094627564701625e+02 1.527894247027145127e+02 1.854304901746077348e+03 6.528133625169100469e+02 9.111859333711826139e+02 5.735212459223262158e+02 8.757272523940476958e+02 -4.483772605668939377e+02 -1.186357550906404015e+02 1.687109073872887820e+05 5.202650990226076101e+04 -5.289894943770198734e+04 -1.162737518101247952e+04 -3.319774935964005272e+04 -3.478472522445837967e+04 1.607132271450050939e+04 9.450627349010492253e+03 -3.589317773193537505e+03 9.311978449949720016e+03 3.322828275728455628e+04 1.117047630831350580e+04 -7.190116672581870034e+02 -1.773534102718401527e+03 -9.034765045223056177e+02 -4.024438839214020845e+03 -1.132085753751425727e+03 3.178557483316485559e+03 -7.399286780479015988e+02 8.209089173213230879e+02 8.987072254155744986e+02 1.575557186566582232e+03 -3.948898322117358362e+02 -3.849625702462749928e+02 2.179805412193364191e+03 1.097757642918449164e+03 1.999900452214026018e+03 -2.911397451775586092e+02 7.836315413265232337e+02 7.073036232088861652e+02 7.402830175156591577e+04 -8.851774483135456103e+04 -1.035848194539906544e+05 -2.934935644063100699e+04 -3.363758247005355224e+04 -3.864963769309178133e+03 -5.601010764170589027e+03 2.102794444129711701e+04 -2.937651465150299373e+03 -1.222662559618370551e+03 6.186091182886385468e+03 7.870488596547374982e+01 3.820411229346691925e+03 -4.023287296256769423e+03 -6.127851614655846788e+03 -4.830678693900703365e+03 3.174350500395735708e+03 1.169375337676388881e+03 -1.984145200983964287e+03 -1.917902484283844160e+03 9.322493304893487220e+02 5.827551798199226596e+02 -5.744344485916150234e+02 -1.545866705850085054e+03 2.741584341947070243e+03 1.844605698413513437e+03 1.635378662917205475e+02 -5.290400206902218088e+02 9.112788312678634384e+02 -6.101717046805151057e+01
-8.114130267607686983e+04 3.087708652138986963e+03 2.064389204910242552e+04 -8.341128535961001035e+03 1.479614855976053695e+04 -2.666806286654901896e+02 -2.059323456030179386e+03 2.803353554649980197e+03 1.143863699695702280e+03 3.277887356547635136e+03 1.082038077559676276e+04 4.788821279532111657e+04 8.645756839553030659e+03 2.568538798783859875e+03 3.492873638644281868e+02 2.317438174518766118e+03 2.878712510943489633e+03 1.336192488740224462e+02 1.170834282772647157e+03 1.338598513172268213e+03 6.307781566243294264e+02 8.371641728350103904e+02 -2.369999448566679803e+02 9.486218715328386679e+02 8.212684526782826424e+02 1.054409093429913128e+03 1.321037115974971528e+02 2.950039323505642983e+02 4.958102355343552858e+02 1.088356684071284690e+03 1.264631114896109066e+05 3.173622884344293925e+04 5.431960384695514949e+04 -1.680901439544668392e+03 3.221795205330612953e+04 -5.169040343600946699e+02 -1.559047930106015338e+04 4.695359793201324464e+03 -1.048029220014745624e+04 4.208484021761252734e+03 4.625515551680062345e+03 3.404228116061838955e+04 8.972263242794790131e+03 1.052850705499254218e+03 -1.159898870215057286e+03 -2.615913892545989938e+02 -9.664306941636785950e+02 2.620204749022272608e+03 2.224746098707365945e+03 1.001637622192188360e+03 -1.076047533681499544e+03 1.245478048946799845e+03 4.531698781541397807e+02 -1.837179289368505408e+01 3.766992392846211715e+02 1.115980090503957399e+03 -3.650528178104333961e+02 -5.462844603235373597e+02 -5.113685928243636880e+01 -4.126092237352482357e+02 9.501339933062718774e+04 9.082905747560269083e+04 4.421242165658040904e+03 -3.794618681721841131e+04 8.019715603351429309e+03 7.274598047484945710e+03 -2.687560779918951994e+03 6.014498259622012483e+03 -8.082150209688649056e+02 -8.434865939020495489e+02 1.202942381606935214e+03 1.259533636148652295e+04 6.741795895816085249e+03 2.292913098793942481e+03 -7.984539083616147082e+02 -1.469621744558128967e+03 -2.485077786951304461e+03 -2.038811533446433941e+03 -2.186841156114363457e+03 4.537584014543600119e+02 -3.074016593098915564e+03 7.592025640354314646e+02 5.533114846876093225e+02 -4.438129947313619255e+02 -4.502402045588510759e+02 -3.433345849150824165e+02 6.386690577186067230e+02 -4.245537447194827223e+02 3.608249314079765782e+02 -1.556051941023853715e+03
2.893344073067601857e+04 -1.015330029186105276e+04 -1.058510549194185660e+04 -8.585344728059548288e+03 3.413721075145156647e+03 -4.966311294186745727e+03 4.190617800647713011e+03 8.076813590349281640e+02 4.278372208312758858e+02 2.905782197674137933e+03 5.735778782754329086e+02 8.645756839553030659e+03 3.721029432226684003e+04 1.000522111041081916e+04 1.471532557284890572e+03 1.482141708435257215e+03 6.099610585623072438e+02 5.369622333791329538e+02 1.566166234739789161e+03 1.453394666830991810e+03 9.225506766650912596e+02 1.117761600684556925e+03 2.156375550610162293e+02 7.901871350584756328e+02 -1.927260927253722969e+02 8.442046210516266456e+02 8.180865002959009189e+02 5.754018111214458031e+02 1.363184744557075874e+02 6.664677118684703601e+02 -1.028825531263662706e+05 -1.490814957346397932e+04 4.706730921777917683e+04 2.358788677325413664e+04 6.610717592903049990e+03 2.959436247310537965e+03 -6.277712269354327873e+03 -4.297153179465525682e+03 -8.189135946266696919e+03 6.982378344388035657e+03 -3.055261378552789665e+03 1.670982384166724088e+01 2.107764751500081547e+04 6.145846236016727744e+03 3.237499734379329652e+02 1.278170984549439027e+03 8.644364931449782716e+02 -1.444670149517449772e+03 1.570317426209532869e+03 3.357633713635800632e+03 6.314370844395638187e+02 1.222647311035554139e+03 8.730776336443371974e+02 -7.242817676551782142e+02 -9.885883143161737507e+02 -4.065759492438480152e+02 -1.197075577570177529e+03 1.036402850750450625e+03 -2.050952731735234735e+00 3.615974458377889960e+02 -5.313466746811218036e+04 8.252300053342386263e+02 7.978318252911198942e+04 3.544534660711277684e+04 -3.120630123900581566e+03 2.097911785875266105e+03 4.510161036275478182e+03 -5.009195646470989232e+03 3.984112163037485971e+03 3.196261438623781942e+03 5.691020140713086221e+03 5.191109972316454559e+02 4.972956073613764602e+03 -2.003056446803186418e+03 -2.598509564846839112e+03 -7.901418726549997700e+03 -7.826438282211399383e+03 -1.354396928664630650e+03 1.194276414257382385e+03 -1.398700161580092981e+03 -2.565984774907708015e+03 2.497904711454551034e+03 2.828903476146204525e+02 -3.052486102198124058e+02 -1.257130447990177117e+03 -1.629426846370560270e+03 -2.706762286154493609e+02 4.239484780126501846e+02 3.554577900893056608e+02 3.206470114766975144e+02
7.547077897226555797e+04 -3.327653199956031312e+04 -1.894805142967058055e+04 -9.823401074740037075e+03 8.754593106911777795e+03 1.158692593141565339e+03 1.092373350029557514e+04 -2.501008254433568823e+02 1.021671421883956896e+03 2.004016536440560685e+03 2.170365190029199312e+03 2.568538798783859875e+03 1.000522111041081916e+04 3.032164029776091047e+04 5.630101277892260441e+03 1.986125957190115741e+03 1.629228173483244973e+03 8.785145944250098182e+02 1.074136756200624632e+03 1.137837212787813996e+03 1.769999085358461457e+02 1.548234329626826025e+02 3.376164603101174180e+02 9.250041237729507202e+02 -4.661005618512822366e+02 1.591541100656032199e+02 2.760474018296038139e+02 4.283205094796485355e+02 2.960260603496935801e+02 3.441966744579834199e+02 5.625603328160755336e+04 -5.610212870225992083e+04 2.354174265729742547e+04 -2.398424651524039291e+03 2.149151684882333575e+04 1.243763927108685493e+03 1.500376649844826898e+04 1.994257702745343067e+03 -8.044065212760800023e+03 -3.558844687170811994e+03 6.520855878200761708e+02 -5.907864899022069039e+03 5.314231062832763200e+03 1.347937440023835552e+04 2.677108511648938475e+03 1.722266543249851111e+03 2.671614167923169589e+03 -2.724194184608794558e+02 1.552554168975650839e+02 1.093234430438925529e+03 5.053390949447671119e+02 1.527597633992344072e+03 2.339707968635332691e+03 5.736597442322275811e+02 -5.323430061262957906e+02 -2.233831142662746061e+03 -2.710235912370208098e+02 4.015309974326922315e+02 -3.523712994915283616e+02 9.555509385922768217e+01 -5.270627901959713199e+04 -4.893465829797306651e+04 7.242295331659921794e+04 1.337961301765278222e+04 1.515908572615118828e+04 3.381365859057918715e+04 3.535323484158864176e+03 2.173511778509162298e+02 -2.919203291408448877e+03 2.471540257705743898e+03 1.587757198440820957e+03 -3.309486570628856043e+03 2.336267812026798310e+03 2.501589896087286434e+03 -4.894596419101650895e+02 -9.201137342336562597e+02 9.550822779045334983e+02 -5.498200359297055684e+02 -1.591371292643069182e+03 -3.206791150567785735e+03 -9.210490150747102689e+01 -4.464541545697613287e+02 2.225210394332511896e+02 -1.346316225676954446e+03 -2.469705097691550236e+03 -1.576980367490368280e+03 -1.039450092205296272e+02 8.386526795245416679e+02 1.660604349823332086e+03 -1.009344543697897620e+02
-1.297873814948199288e+04 1.211594988162247319e+04 1.906495538375631077e+04 -1.254714976365457005e+03 -5.620436865980603216e+03 1.211302551289939174e+03 7.449892248804894734e+03 -6.755145151765848368e+02 7.966780689615617916e+01 2.812838804507029181e+03 7.882580524155001740e+02 3.492873638644281868e+02 1.471532557284890572e+03 5.630101277892260441e+03 2.555525557430759727e+04 5.183645467207016736e+03 6.665525389340299398e+02 2.336706447599227431e+03 1.065495189019045256e+03 3.742902198613785458e+02 5.602613239530023748e+02 -8.032984545759751427e+01 6.409609933285938723e+02 8.128552610177520137e+02 5.509580198982977208e+02 1.804055684959315613e+02 2.205676984913407068e+02 2.082281260282907454e+02 1.016148934181193084e+02 3.750437598613632986e+02 2.988960034002423708e+04 4.039164896327522729e+04 6.802891118537186412e+04 -2.806095525480580909e+04 -2.331332650380242194e+04 -3.695555214572383647e+03 1.404995439622523918e+04 5.315577106617181016e+03 -7.852733861601911940e+02 -9.664193602849345552e+02 4.062427043452046291e+02 -1.454975874644643454e+03 6.127989451271151893e+02 4.557898276441931557e+03 1.160971019211120256e+04 3.124845283855049274e+03 -1.588562682315598977e+03 7.057571139131538303e+02 4.565113707787432418e+02 -3.530488810147627419e+02 6.689263875404660666e+02 1.299109297274879054e+03 1.685136190793713695e+03 5.747829629133777729e+01 -8.427071721027768092e+01 4.752534716496898000e+02 1.023836615497960565e+03 1.818323594029666310e+02 -1.980174210297894319e+02 8.206413345361299889e+02 -8.339409687088576902e+04 -1.015411065760458441e+05 2.469348058329689593e+04 -9.325187910513237739e+02 -2.402469326599800115e+04 -1.272413902364683236e+04 -5.788534013089152722e+03 5.090729630538373385e+03 -8.501259870475369098e+02 -2.449293307727117735e+03 3.209687048879306531e+03 -5.416411976516132199e+03 2.045605210515822819e+03 2.222101876757339141e+03 -2.870444691969938162e+02 -2.306865148799945928e+03 7.270474598253510976e+02 3.087898093817172480e+02 -8.251670381673902739e+02 -1.488127290356339699e+03 -2.043534046348092261e+03 -2.840943014608416206e+02 1.243289072600530972e+03 6.312786906821441590e+01 1.277157564666687222e+03 -2.114336377387674020e+03 4.168118555159335870e+02 1.343511255651440933e+03 7.784551697517405273e+02 8.702483928833966047e+02
2.085727938731591621e+03 3.976086427699551132e+04 1.494729179106738411e+04 2.372872013964740745e+03 6.194858915126209467e+03 1.945695858992598062e+02 5.810422926958472999e+03 6.397897322679225908e+03 7.827968565786580939e+02 2.755676770320723335e+03 2.059112687341689707e+03 2.317438174518766118e+03 1.482141708435257215e+03 1.986125957190115741e+03 5.183645467207016736e+03 1.860203077766169372e+04 4.773092989320460219e+03 1.974532441042254504e+03 4.569685766040847739e+02 3.744367385977619165e+02 2.576541067873116617e+02 2.952680980625032134e+02 2.004306869270231459e+02 1.913585977371227500e+02 3.857828727689241646e+02 5.657934701779579427e+02 4.719171994539058801e+02 7.885109409063190924e+02 4.448256952845520686e+02 5.261673463757135778e+02 -2.750731879286934054e+04 -3.426609040507927602e+03 -1.284906302921277165e+04 1.044929780831954668e+04 9.089695207525193837e+03 9.053883001240632439e+03 3.057816751691693469e+01 4.440022789433292928e+03 2.105311111283216178e+03 3.440725659970526976e+03 3.762855355429576889e+02 3.013065594263135154e+03 2.739926347848508158e+03 -1.661234085958182618e+02 1.336934476013782614e+03 7.343915495681620087e+03 5.100751250490428674e+02 9.521438749229088216e+01 9.722292119419917071e+02 -3.583801383888044825e+02 -7.553917289309678154e+02 -6.717406399884562234e+02 -3.400603308020833282e+01 -1.108324028920358387e+03 -4.718163214096030629e+02 6.368902890272562445e+01 4.592102690987338747e+02 7.492109207410520355e+01 1.239412049265292950e+02 1.279451270594382066e+02 -1.226443627415211522e+05 -8.506888623995642411e+04 2.105587526443413299e+04 3.576697880249167065e+04 3.862014140340280846e+03 -1.115728303303591201e+04 -7.169747537655240194e+03 -1.425031216507700265e+03 -4.009728828096897360e+03 -8.208175451436245567e+03 -3.323029147065952657e+03 9.869242543802984073e+02 5.101313058404752155e+03 2.606493885379564290e+03 -9.803217981818066846e+02 1.972748615601749634e+03 4.310060953033809596e+02 4.461230289657913062e+01 1.463507996855463034e+03 4.181033428025618832e+02 1.175488328615192358e+03 -1.860215010983357615e+02 -7.194655996352746570e+02 -5.983627116355858107e+02 7.283921251176919895e+02 -2.639050034491647239e+02 -6.475852819975048078e+02 -3.005042757442341781e+02 -3.400350358939847979e+02 5.206368398438669374e+02
-7.140215481788436591e+03 1.207679086386023846e+04 8.319429052953324572e+03 -4.636083212592538075e+03 2.233117594665272463e+03 2.094654324579624245e+03 4.600162250977885378e+03 1.829014739679893637e+03 1.405792017039226039e+03 3.300987947769405764e+03 2.765595480516892621e+03 2.878712510943489633e+03 6.099610585623072438e+02 1.629228173483244973e+03 6.665525389340299398e+02 4.773092989320460219e+03 1.371225096943730932e+04 3.427343821670634497e+03 1.218621311417836523e+03 6.548090373243755948e+02 5.550634474531873366e+02 8.068566892565136186e+02 7.394609134605708505e+02 1.978153513430548571e+02 3.941835152272091705e+02 3.956525598985339798e+02 1.717041881422403833e+02 3.342586696164260047e+02 1.963865272069994035e+02 5.367491070942361375e+02 -1.054672894785749304e+04 3.254511087339435471e+04 1.358992555422190162e+04 -1.229500199121682999e+04 -5.072950549926912572e+03 3.755293964831801532e+03 -7.230756457964674837e+02 1.803182843697886028e+03 -3.510891793641319509e+03 9.319638111224297973e+03 8.070862036647138211e+02 1.426762612134877827e+03 -1.603234632377828120e+03 -1.374453849203267737e+03 -1.898716815406235810e+03 1.512907532216767549e+03 5.041069743097559694e+03 4.337657309505809167e+02 1.450929689741376023e+03 9.266760275782560257e+02 1.657592863876463127e+02 6.989263753281967411e+02 -1.450857534338064738e+02 -7.698813989525065153e+02 1.010766771979707300e+03 -1.258350084690507771e+02 -7.808120174784917822e+01 8.761108590914236629e+02 1.560533490623150499e+02 5.745998642877658540e+02 -1.220844767000638058e+04 -3.879895001052306907e+04 1.752457223676095236e+04 3.988828622191288559e+03 -2.132780142791857361e+04 -1.878834777431796465e+04 1.097346246626066386e+04 -3.516082175298105994e+03 -7.800711193779224232e+03 4.450460556173995428e+03 1.994707868895523916e+03 2.808787350707222231e+03 5.245602152406849200e+03 3.808227623811307694e+03 -2.275713036508232108e+03 1.365289963759438706e+03 8.095280702232880685e+02 -8.834404989655592999e+02 1.371776917596225758e+03 1.730959631810146448e+03 1.879525707039746749e+03 1.714415958398722069e+02 -3.252940304999091836e+02 7.931538504056927650e+02 5.767289970650182340e+02 -7.507450533834874022e+02 -1.763610476661947644e+02 1.822172927328921332e+02 3.626267166530499964e+01 -5.976609914407914630e+02
