5.894856345986270905e+07 1.263402736395889334e+07 1.800275623226715252e+06 9.710264716212841449e+05 5.580012075481298380e+05 7.302369443326369219e+04 2.792350081911308371e+04 -1.522585438423822052e+05 -6.333217178855904785e+04 -3.110614831712067826e+04 7.323305304153209363e+03 -4.785787417014550010e+04 4.393472502643258849e+03 -1.409085730396272083e+04 1.827512315460157333e+04 2.229887799017658108e+04 2.247766518112999165e+03 -1.784150831527076662e+04 -1.820925377980055055e+04 -5.418076327513685101e+03 -2.176468986388088888e+04 -5.607957350258381666e+03 8.182563739570978214e+03 -1.640996607796280659e+04 -7.379201839047529575e+03 -2.086011945845233640e+04 1.754119973824810131e+03 -1.141828504130605870e+04 -8.732654543987127909e+03 -8.286847119479380126e+03 1.035663416688557155e+07 1.851137611392519902e+06 -3.143792943492549006e+06 -6.948153947453980800e+05 8.642965590550347770e+03 6.611010218640787934e+04 1.604197360194681678e+05 -3.668658953096875339e+05 -4.599048642981734156e+04 -1.941410791046073718e+05 -1.371325680756727234e+05 -1.083702770618414943e+05 1.374786828477526433e+05 5.404501408312543208e+04 -1.417916149413367093e+05 -1.422685497636370383e+04 3.137235030233017096e+04 4.572972463738468650e+04 -6.479640124758143793e+04 -6.351238334109605057e+04 -2.221478346137156768e+04 -4.996746861201538559e+04 -3.571269219397508277e+04 1.619761179326779029e+03 3.797952792875847808e+04 7.667180614980800328e+02 1.691490652172937189e+03 -3.608321541165601229e+04 -2.912643964207852696e+04 -2.735050295633169662e+04 -2.547226796369203832e+06 1.852517822879781248e+06 2.009198471870670328e+06 2.646717885007066070e+05 3.062036817203838145e+05 1.962210683113338309e+05 2.558703862738718453e+05 -3.062971194730648422e+05 1.674750521275419742e+05 1.568038522235369892e+05 3.077277573850953922e+04 -2.661781897895572183e+04 -2.072247140524178103e+05 -4.333295059766833583e+04 3.438305263413810462e+04 6.232801361763468594e+04 7.170591177674135542e+04 2.219218093128798355e+05 -1.609602851093005484e+04 -1.545794312137790712e+03 -3.320611480899596791e+04 5.829694330027153228e+03 9.262419296896969900e+04 1.406257203005513875e+05 1.542799189083810961e+04 2.147760618637175867e+03 2.356915904649926961e+04 3.104397492347002117e+04 -6.503241019321661042e+03 1.427259895257483731e+04
1.263402736395889334e+07 1.827955716913662106e+07 3.765124219286503736e+06 6.487412238791618729e+05 5.247878196032509441e+05 1.986100637503068137e+05 2.128283009150899306e+05 2.309925796592183542e+04 2.554669788058190898e+04 -9.727529744500203378e+03 -1.549251941860398256e+04 6.414964307862499481e+03 2.404159102456777327e+04 2.137042911370018192e+04 4.408330063076578517e+04 2.256510310579464203e+03 2.095998984790950544e+03 -7.188197801538060503e+02 1.170267942069815581e+04 1.301257900568749574e+04 7.127948138420625583e+03 1.021539457964181565e+04 5.981248938177510354e+03 -5.362344687326870371e+03 -2.795718522384067910e+03 4.859529988370983119e+03 5.727159125155998481e+03 -2.172780144745437156e+03 2.487406203116954202e+03 7.620485136963940022e+03 6.780672032367520966e+06 1.435473557475476339e+07 1.176456965059781214e+06 -6.225413933234923752e+04 5.419303093977737008e+05 1.435466795328706794e+05 2.062415414265740837e+05 -8.966059797494366649e+04 9.810695729991917324e+04 8.093837100308791560e+04 5.583720504783632350e+04 7.244937289598793723e+04 3.415398546523469849e+04 4.452626717984801508e+04 -1.696554168037782438e+04 1.934943153298268226e+04 -2.036376486120194386e+03 5.116141941690063504e+03 6.046092623357419507e+04 7.117878862542151182e+04 3.906350312230409327e+04 -2.521717130007901869e+04 -2.451921942494019095e+04 9.640100753261072896e+03 2.579228171289488455e+04 2.987710784517006459e+02 -8.637639790889408687e+03 -1.348935548164938700e+04 -1.272672558461805238e+04 1.359553458482255701e+04 -4.320162750229281955e+05 -7.498773805925970664e+05 -7.247600741065785987e+05 -1.711982635293155181e+04 6.784120076754163892e+04 2.569665153009084170e+05 -3.466233978193877847e+05 -1.332769594638342096e+05 2.510107950224700326e+05 1.950645494490129058e+05 -3.667880797827440983e+04 4.463729884147155644e+03 5.517753649052944820e+04 5.084415840283514262e+04 6.626376508945690875e+04 -2.679866061557640023e+03 4.413752688437112374e+04 7.016682019131355628e+04 5.016731183792174124e+04 2.612547202460854169e+04 -1.987784953242009215e+04 2.440678936463523496e+04 1.101391627598543528e+04 5.778110894135747003e+03 -2.906226195863336670e+03 -8.330152789204594228e+03 3.179606449932360647e+03 -4.272297198802760249e+04 -2.310426337865120149e+04 1.883210609209107497e+04
1.800275623226715252e+06 3.765124219286503736e+06 5.871535307015386410e+06 1.571811785379308742e+06 3.758290767221833812e+05 1.234148004498422670e+05 6.504608243487017171e+04 2.924325039437915257e+04 3.839530204930942273e+04 3.187360481797865577e+04 2.097855656965269736e+04 3.472231333895934222e+04 1.134669305004964554e+04 7.880029939146758807e+03 2.628798034447465398e+04 2.269272416970553604e+04 1.003824381093388001e+04 8.645865780409032595e+03 2.007834449096769276e+03 -3.419555898724351209e+03 3.201483565746233126e+03 5.279797843639787970e+03 4.335156563029230711e+03 4.757709243762502410e+03 4.056250146820917962e+03 2.986405824645642497e+03 2.233647040795046451e+03 3.321799134400261664e+03 5.378704403507883399e+03 1.906635782620104919e+03 -9.066041385472696275e+05 2.708021260051118210e+06 5.014293247816733085e+06 1.359090421463625273e+06 4.251025524739238317e+05 -3.757224027890705474e+04 4.620346813458326505e+04 1.689153584569676896e+05 1.584968871102296107e+05 1.427957356090934481e+05 -3.111843392027612481e+03 3.714410543217921077e+04 -6.007196736311808309e+03 -1.299307059873221306e+03 5.562885364903180016e+04 3.255903916897303134e+04 1.626121102876084660e+04 3.012656986814312040e+04 1.312585046297823465e+04 7.446081018457492974e+03 1.483046207411746036e+04 3.171723052480910610e+03 -2.057206936843422591e+04 -2.252685025333420526e+03 -8.128239385327008677e+03 -4.095554184282591592e+01 -9.056032703789695006e+03 6.250270809368281334e+03 -3.230843690488250559e+03 1.317680264383454642e+03 -9.350920388979677809e+05 -7.554097635401121806e+05 6.660304017019698222e+04 2.900868180220994327e+04 -4.257433852620101970e+04 -2.486944777944979141e+05 -1.557696781113399775e+05 7.901303401754502556e+04 1.870895926275244856e+05 -3.898769493414560657e+03 2.714233273071502481e+03 3.248994420819046354e+04 -2.899009672219934873e+04 3.079101168948361374e+04 9.775195129061443731e+04 4.023528412188000220e+04 9.732169756256538676e+03 2.793995691736114895e+04 -9.264911800785033847e+03 -6.533956420207539850e+03 -2.117230981329728365e+03 5.285338124508724832e+03 -7.733552243481995902e+03 -1.932949435679920134e+04 -2.053028326345591267e+04 1.317822918060267511e+04 3.444115059075040790e+03 -3.054831838369842444e+04 -1.400136075120500755e+04 -6.375903145272252914e+03
9.710264716212841449e+05 6.487412238791618729e+05 1.571811785379308742e+06 2.644103081799942534e+06 5.572251983113460010e+05 6.245378151066492137e+04 4.791166889132578945e+04 1.496073947553014659e+04 3.306916230970099605e+03 2.207252873443575663e+04 6.101471248325405213e+03 1.031500343582224923e+04 7.055135822994052432e+03 3.938605762932739253e+03 7.886688718206816702e+03 8.378521572473599008e+03 9.446197286709988475e+03 3.649479263340330817e+03 -2.592457481385851679e+03 1.615351126444558076e+03 7.149777201558456909e+03 5.471147845735321425e+03 1.974741461711249713e+03 -3.305707248132045606e+03 -2.319685972231584401e+03 2.746634650925458573e+03 2.775207974102297612e+02 4.730037137605118915e+03 4.725232699449687971e+03 2.834635003690607846e+03 -7.911249265659734374e+05 3.265504740489968681e+05 1.309370356277263490e+06 2.619715055399889592e+06 2.185699394909733965e+05 -2.323799606137362716e+05 5.819370379532242623e+03 4.219669600618294498e+04 4.153349867664415069e+04 1.242516630715660431e+05 4.821263528585503082e+03 1.683497888492284255e+04 2.140800028880970785e+04 2.517426913372324998e+04 2.593575842456310056e+04 3.370009928310915711e+03 2.468968545759141307e+03 3.120088779410959251e+04 1.349374509883811515e+04 8.215431879451445639e+03 1.101425154502285113e+04 6.209722716666578890e+03 -4.398369007549238631e+03 2.829375710166373665e+03 2.171475425558306142e+03 4.862942845133932678e+03 3.737502303219702640e+02 1.087037711563131415e+04 7.502491080793303809e+03 2.359914718948041639e+02 -1.834216678337555495e+05 -7.574293586534491624e+04 3.017066701302550500e+05 3.798550296074959915e+05 -5.699980994470346486e+05 -3.161729115804350004e+05 1.337081853288603088e+04 -4.037707473915725859e+04 -3.223206829347599341e+04 7.586416410433907004e+04 2.258220288173129302e+04 1.839691589687945088e+04 -2.581802969211525124e+04 7.993609848905740364e+03 3.334410671418462152e+04 2.749733987688217530e+04 -1.931526727381720775e+03 1.618149271854521430e+04 9.062717374992777195e+02 2.013997237335857062e+04 1.238321073199404600e+04 -3.349421264300318398e+03 -4.444482482317434005e+03 -8.878655160455404257e+03 -7.248573396364386099e+03 5.305944646905123591e+03 -4.518367032239929699e+02 -2.302043164151214296e+04 -1.411605383857130801e+04 7.416346165907692694e+02
5.580012075481298380e+05 5.247878196032509441e+05 3.758290767221833812e+05 5.572251983113460010e+05 9.691761314541355241e+05 2.504580983933882671e+05 8.720548756008040800e+04 3.669568130903948622e+04 -2.708545910218373137e+03 -1.350659172948524792e+04 2.002851989726420925e+03 3.801954671013372717e+03 5.462794454519133978e+03 1.439089227080802084e+04 1.619332897114727893e+04 1.059503957358432854e+04 6.149789154688663075e+03 6.356141413212843872e+03 4.986139322184240882e+03 2.079390947752071952e+03 3.913833055351742587e+03 3.202452694120936030e+03 2.542436614877441116e+03 -1.068786741139356593e+02 1.468289161169858517e+02 3.788327927437740982e+03 4.389338645463915782e+03 4.596609548531257133e+03 1.745136358489953182e+03 -7.272113886179417364e+01 -7.006510921407880960e+05 6.092869323084257776e+05 5.243308633089530049e+05 5.833066744324760512e+05 9.386408695507416269e+05 1.262428835510891950e+05 1.011902343933404336e+04 7.955170632486480463e+04 -1.439649194091187383e+03 3.101429031119088540e+04 3.427583534249106378e+03 1.745863360265657320e+04 1.027292082529119762e+04 1.675333762552353437e+04 7.085358584395623438e+03 -1.740629166386424060e+02 4.570634040943936270e+03 1.099086706106959355e+04 1.098588398391599185e+03 4.821016824622021772e+02 2.816094106241860572e+03 5.523969560746203570e+03 -5.298440239046141869e+03 -9.134272447197713518e+02 5.075266406587929851e+03 5.187436729449907943e+03 8.300189632777966835e+03 6.545436368984391265e+03 -1.331311590792717197e+03 5.050995182084173393e+03 -5.817139873762165662e+05 -1.361482259100389492e+05 2.881837811870552250e+05 2.933455948333567358e+05 1.072941233618433762e+05 -1.329520408226181171e+05 -6.665173831616438110e+04 8.177557146652996016e+04 -2.648463345543615287e+04 3.262329193764219963e+04 1.247580121350852824e+04 2.126647276730521753e+03 4.874518071886329381e+03 7.813380921070899603e+03 2.076027004383508756e+04 3.050866536719432588e+03 -1.475562951001076908e+04 -7.790780275033973339e+03 -4.054604111145808929e+02 4.811436615820675797e+03 7.576722362869348899e+02 8.914424868761429025e+03 4.634445447748927108e+03 -7.117182247524307058e+03 -6.648630672440089256e+03 7.976487800984038586e+03 -5.615269127087268544e+02 -4.925539664961743256e+03 -2.727795203790020423e+03 3.919908096545053468e+03
7.302369443326369219e+04 1.986100637503068137e+05 1.234148004498422670e+05 6.245378151066492137e+04 2.504580983933882671e+05 5.229017996380719123e+05 1.310086199274325918e+05 3.583960845207529928e+04 1.551456321666743861e+04 6.807170218074724289e+03 1.385229528534260680e+03 3.637673219244711618e+03 1.534300154585190739e+03 1.158592364822614400e+04 8.682351168190507451e+03 8.005262816502090573e+03 4.294087119375792099e+03 9.210385084784356877e+02 3.320097336165439174e+03 1.555529904290171771e+03 1.869505281081261046e+03 4.138922609019011361e+03 3.114595311300841786e+03 -4.011878778145497222e+02 4.287589207154253472e+02 3.341149515152587810e+03 8.127611800882890520e+02 7.233748949089664393e+02 -1.704806786611674852e+03 4.099703661836402091e+01 3.155680868709760762e+04 1.263373416211345902e+05 4.179562467652080522e+04 -2.330185379035703590e+04 2.981522227522837347e+05 5.467199175987095805e+05 1.002531043717868743e+05 7.425995611118160014e+03 -1.381675758799275718e+04 -9.465529947602237371e+03 -1.575018744670342130e+03 -4.190236591035799393e+03 3.434714071578853691e+03 8.946349288846466152e+03 8.356502996536584760e+03 5.603233050277778602e+03 -9.469281123457312788e+02 4.165397199437167728e+03 1.444427049950822948e+03 9.278224264303999291e+01 4.730728099771520647e+03 1.364745652105370255e+03 2.211516103426018276e+02 -4.126743184521076728e+03 -1.953262522550262247e+03 7.440385695369971017e+02 4.488353166506959496e+03 3.454211267897165271e+03 -1.163040882991726903e+03 -3.642803771389594658e+02 -3.768184489308192860e+04 1.906075317695270933e+05 1.550598508892977843e+05 -8.362648903737711953e+04 5.386998830990647548e+04 1.835567020118773798e+05 -6.806612266097844986e+04 9.288889208810478522e+03 2.938605981103132581e+04 -4.507830361479608655e+03 -1.747463238050444261e+03 5.164577829994190324e+03 1.043556866911788711e+04 2.334776399522452266e+04 1.702193712123415753e+04 1.339914370606758530e+04 -3.357584651362463433e+02 6.056176104878406477e+03 8.152609893655690030e+03 3.613130889279736380e+02 -1.230557164451110111e+03 -2.087747142907148373e+03 2.992925676588256010e+03 8.442925643607171651e+02 3.567376578867622356e+02 -7.508685978879039169e+01 6.656417154899500929e+03 1.108365382741760868e+03 -5.083367401790202166e+03 4.030629307389036967e+03
2.792350081911308371e+04 2.128283009150899306e+05 6.504608243487017171e+04 4.791166889132578945e+04 8.720548756008040800e+04 1.310086199274325918e+05 2.893468737968569621e+05 8.339741766677993292e+04 1.567843342638569629e+04 2.738426628394603085e+03 -2.682448164985891253e+03 6.848157767820217487e+03 2.598435193078263637e+03 2.826748766685798728e+03 5.255613819382280781e+03 1.704496633562757779e+02 1.193233490964733392e+03 -1.322082520062431513e+03 2.544780027767179945e+03 7.202573235396354221e+02 2.846153987441391109e+03 2.203036925321057879e+03 1.198797744616573482e+03 7.676611901631463297e+02 1.667524216309043823e+03 2.399134158961798221e+03 1.094638532059403587e+03 6.376611633517129576e+02 -5.741514685233726141e+02 1.500300612798132988e+03 3.083700450090597151e+05 1.474550324780096707e+05 -8.849308930225588847e+04 1.835320695333361755e+03 1.105534555328867864e+05 1.108632143282293691e+05 2.727258078100354178e+05 6.240211019309356925e+04 9.417204812726648015e+03 8.824746025554522930e+03 1.943597759692484260e+03 1.151849872678533211e+04 -4.101326493108153045e+03 -5.291309749589875537e+03 4.182697261444985088e+03 -1.023183597131090892e+03 2.494401765010612962e+03 1.370051566777369544e+03 6.075239069221608588e+03 5.128462429102113674e+03 2.722373586369484428e+02 8.190989640110044547e+02 2.767715708104833539e+03 -9.301051320258196711e+02 6.172740713046674728e+02 7.508055938680712416e+02 -2.009685568711440283e+03 3.420536898040201322e+03 3.061621788733886206e+03 -1.140605469250739645e+02 2.090920384294219257e+05 -2.476366323226224267e+04 -1.348579497712334560e+05 -1.377801426938822551e+05 -3.277697062505575013e+04 1.379230415492559223e+04 4.299708423144920380e+04 3.001876498213391096e+04 9.131437602307592897e+03 1.229783092642776410e+03 6.020946504966005705e+03 -3.791696220281130081e+03 -1.150724963651558210e+04 9.388076674702295350e+03 2.303796557282848153e+04 1.260327830993215321e+04 -5.375854106855952068e+02 -5.969645694026758974e+03 7.677850218775269013e+02 4.556510308858252756e+03 -1.030545020751733091e+03 4.704907561043081841e+03 5.251997670996061061e+03 -6.038236371820459681e+03 -6.786823068891436378e+03 3.884748209585422501e+03 -3.795774315251549638e+02 1.752803866762306143e+03 -2.190461044266231511e+03 -4.899262883677035347e+02
-1.522585438423822052e+05 2.309925796592183542e+04 2.924325039437915257e+04 1.496073947553014659e+04 3.669568130903948622e+04 3.583960845207529928e+04 8.339741766677993292e+04 1.851536393142420275e+05 5.121894375609335839e+04 1.509796741194851165e+04 1.587476702156949841e+03 3.718129867048979577e+03 -1.561146254149575441e+02 1.891151435657769753e+03 3.266752532386731673e+03 3.327425992971458982e+03 4.237284608754762303e+03 1.199593650329039036e+02 6.157025906597423273e+02 2.365026107382924238e+03 3.310835999749533585e+03 1.625053315634354931e+03 1.893964336579724659e+03 2.154104377105079948e+03 2.072715465236360615e+03 1.553828364372810029e+03 6.533748046521011474e+02 1.524940559868903165e+03 1.416921896627879505e+03 1.251756526154030098e+03 -8.064563744465554191e+04 -5.841083933417079243e+04 -2.144661491673127239e+04 -1.178293587589814342e+04 1.751517667517435257e+04 2.388551661061692357e+04 7.775798591687447333e+04 1.616796512622472364e+05 4.847180530457793793e+04 9.624028952768923773e+03 5.268607692315730674e+03 1.599413212471431871e+04 -1.159858456347876512e+02 4.811844518238825913e+03 2.389249020453471985e+03 -7.400837165735798408e+03 -8.830992515210802196e+01 9.688907907069000203e+02 -1.118263245810183264e+02 3.377040207701129475e+03 -2.982119102729145652e+03 -1.603945290632236265e+03 3.011642535024501285e+03 1.570960152110608306e+03 2.938274845668707371e+02 6.425544152496121342e+02 -1.245416939954073769e+03 6.160253744693410454e+02 -4.252768934534662435e+02 -2.530435172053133499e+02 2.192509948681815513e+04 8.132533750711972243e+04 9.051580548080821245e+03 -4.723313545214364422e+04 -6.436138025264298631e+04 -5.017101254702885853e+03 1.106684493934946295e+04 5.148907487964012398e+04 -3.208673428103641982e+03 1.601579730528813116e+03 1.445056183504631917e+03 -4.093985465289172680e+03 -8.112736085640296551e+03 5.688465740597778677e+03 1.674341905008863978e+04 2.439147841021704153e+03 7.401771184952962130e+02 -5.896724837830338402e+03 5.090220218682059567e+03 4.716420066609412061e+03 -1.942197407800762903e+03 -2.988536174518141706e+03 1.265685939264427589e+03 2.001292313949862091e+03 -2.880360128776109832e+03 1.284497116308629984e+03 -1.241618448244860929e+03 -1.536680191421483642e+03 -3.510327121877302034e+03 -2.606185749800550184e+03
-6.333217178855904785e+04 2.554669788058190898e+04 3.839530204930942273e+04 3.306916230970099605e+03 -2.708545910218373137e+03 1.551456321666743861e+04 1.567843342638569629e+04 5.121894375609335839e+04 1.168696939559646707e+05 3.820648657231244579e+04 1.088433268250973924e+04 3.667297628577568503e+03 3.571069368278978800e+03 2.442796804949150101e+03 4.552689708084440099e+03 3.592177259791324104e+02 2.166576434563095063e+03 1.253543221878963010e+02 9.700594172721285986e+02 2.086783402447979825e+03 1.586438232177566533e+03 1.282497207359358072e+03 7.344506125409627657e+02 1.569978723614324281e+03 1.537040473973888538e+03 1.062827647734703987e+03 1.132641843025084427e+03 1.088589196975619643e+03 6.315067146215891398e+02 1.185783987299413184e+03 1.549713148637679114e+05 1.507095653369759093e+05 2.797375430362202678e+04 2.745131515625638349e+04 -3.659848522624306497e+03 1.996369363894263734e+04 8.964001212502373164e+03 2.987602868282592317e+04 1.023975819229525223e+05 2.330286903260393228e+04 8.440719102722712705e+03 8.580878435475769948e+02 -1.694097028130063109e+03 -1.538808480425641392e+03 2.876226062810364056e+03 -1.469657331604840465e+03 -4.129604936055170015e+02 -2.363222392526703970e+03 -4.583569902753100905e+03 -1.009845971062760896e+03 -1.823837524083795870e+03 -4.129479780680354679e+02 2.675515444091699464e+03 2.212783810807668416e+01 5.477325765686058503e+02 -1.198508386976801376e+03 6.969025737641098885e+02 1.419117628869330190e+02 1.394978948395580574e+02 7.448414684310499752e+02 1.067237076960782142e+05 1.195581336746556772e+05 -1.617913506704691281e+04 -6.096052855162484775e+04 -3.831908759423774609e+04 2.733201839605954592e+04 6.273726920957516995e+03 3.068729444269808300e+04 2.463210761050911242e+04 -1.484203247992050819e+04 -9.594572182461446573e+03 -3.070693731750959614e+03 -8.877654276933475330e+02 5.783378901604462499e+02 1.163920111000830366e+04 2.447019034764291519e+03 7.538690379997116224e+02 -6.940319771972533999e+03 5.157260808840585923e+03 3.003861585706591541e+03 2.958656714418174033e+03 3.778094224979604405e+03 4.225892701033027151e+03 -1.323994503384690461e+03 -1.177561825440882785e+03 1.110083320089667041e+03 -6.893806293367750868e+02 7.331317003060391926e+02 3.359805065389287506e+02 1.631811294963329146e+03
-3.110614831712067826e+04 -9.727529744500203378e+03 3.187360481797865577e+04 2.207252873443575663e+04 -1.350659172948524792e+04 6.807170218074724289e+03 2.738426628394603085e+03 1.509796741194851165e+04 3.820648657231244579e+04 7.629072980239159369e+04 2.181094025256793248e+04 6.166481967099433859e+03 3.627652362566585907e+03 3.202909723762198155e+03 2.778268451633338373e+03 2.526437897322718072e+03 2.551748561539844559e+03 1.861027516117101413e+03 1.579812515821041643e+03 1.766733185692747156e+03 2.703482422489079795e+02 1.069583065792506886e+03 2.315797001096394183e+02 4.076869427674052986e+02 1.020445538975158797e+03 7.524172550921715583e+02 5.067839374240044776e+02 1.076470829231539938e+03 4.193483827498885717e+02 4.799001193361982587e+02 -4.579828057300345245e+04 1.274280379534818931e+05 1.288564428890084673e+05 7.188486067090585493e+03 -8.469701771782734795e+03 -2.682433993055027258e+03 1.293651353751536590e+04 6.241294360665277054e+03 3.654934541267267923e+04 6.105355765498400433e+04 6.763220995321567898e+03 -3.052231874490834798e+03 -1.503006202741431480e+03 3.509615077496773239e+01 1.863041588006908341e+03 2.948355225556398636e+03 3.630835047356892574e+03 1.143621498880566833e+03 -2.848373063554705595e+02 1.914704269508053358e+03 3.921744899697252436e+02 9.600811193015928211e+02 2.653396649261325365e+03 3.236427770216760109e+02 2.285377579862309005e+01 -1.038860518581867382e+03 1.278940594222345766e+02 -5.551024614746968666e+01 -2.818735386980274143e+03 6.733094273650306150e+01 -4.228198510104632442e+04 4.256387415683919244e+04 -4.500870876705073169e+04 -1.485890515412518471e+04 -2.476168673031293110e+03 2.059359537583462225e+04 2.037615294694525437e+04 2.084536739222947654e+04 1.174874698440493557e+04 -5.053818980045998615e+03 -1.656323345075752877e+04 -4.728746957264743287e+03 1.061349538884738877e+03 -3.867898316512937527e+03 6.563992462373802482e+03 2.882738434461953148e+03 -1.240059621692367955e+03 -3.942024197368760269e+03 1.984037256051102815e+02 8.253777133481759165e+02 2.201860869253128385e+03 2.170178475561188861e+03 1.454712455485929695e+03 -1.176356941173564110e+03 -1.610736824625106465e+02 2.320619960417122911e+03 1.410698346276470261e+02 -1.200040671175190255e+03 1.156118972630305279e+03 1.306638176663882632e+03
7.323305304153209363e+03 -1.549251941860398256e+04 2.097855656965269736e+04 6.101471248325405213e+03 2.002851989726420925e+03 1.385229528534260680e+03 -2.682448164985891253e+03 1.587476702156949841e+03 1.088433268250973924e+04 2.181094025256793248e+04 5.217455828058337647e+04 1.609848344106598415e+04 4.833393714228529461e+03 4.447730845236919777e+03 2.193866340200094783e+03 1.138383204655837517e+03 7.130299899910478416e+02 3.839710262829597127e+02 3.525137828494168275e+02 1.059443020078987274e+03 1.003525747345982722e+03 9.038608907918917339e+02 3.707278391516312581e+02 4.731287805108819384e+02 7.437671941993427254e+02 9.387911201489243922e+02 1.090848699354945666e+03 7.904651240577359204e+02 6.590047598461646885e+02 4.416976671053967038e+02 4.600557883584022784e+04 2.340282962117967691e+04 9.286476519150484819e+04 1.822497642381775904e+03 1.243636188443105493e+04 -3.406217146058157141e+03 -9.921310846627189676e+03 -1.018934903140172537e+04 -1.670879797225251195e+03 1.037395377317747079e+04 3.215195403806045215e+04 7.717790833753361767e+03 -2.511432371226911982e+03 -9.682663255506073483e+02 2.795742492157318338e+03 2.935998461478831359e+03 6.934059628634754517e+02 5.222654626171650989e+02 -1.128245275395959197e+03 7.598585674227023219e+02 6.611016671375406304e+02 -1.095650021757531022e+03 1.441333651202286092e+03 -4.408826601325834531e+02 1.257363596685531206e+02 -1.684999204933888450e+03 -5.304772584680838463e+02 -3.646936252502225670e+02 9.405101679265623034e+02 2.291877277631338529e+03 3.329228125434749018e+03 7.605205118031064922e+04 6.496250152896020154e+03 -2.170658474677097183e+04 2.502105855472006078e+04 -5.571544536052665535e+03 -6.511382033930855869e+03 2.023469067639364948e+04 2.810204720692888259e+03 4.817209422707198428e+03 6.328988275846121724e+03 7.506776471715196521e+02 -1.120663709162009098e+02 -1.852885351899898069e+03 2.248924239095071698e+03 -1.701512792184936870e+03 8.023046375117729667e+02 -2.054307655458602312e+03 -2.396215848920569442e+03 -1.391541166579317633e+03 2.567178582026649565e+03 8.479687299177440707e+01 -8.012161092538494813e+02 -8.785869950467049421e+02 -7.302263363039403430e+02 -7.446653018073770909e+02 -1.184560742393862711e+03 -4.486028419621692933e+02 1.700764280158572319e+03 8.864289158554286132e+02
-4.785787417014550010e+04 6.414964307862499481e+03 3.472231333895934222e+04 1.031500343582224923e+04 3.801954671013372717e+03 3.637673219244711618e+03 6.848157767820217487e+03 3.718129867048979577e+03 3.667297628577568503e+03 6.166481967099433859e+03 1.609848344106598415e+04 3.548231401923926751e+04 1.127126770066834979e+04 3.188402556831541915e+03 1.154911799849681756e+03 9.764285608834052255e+02 8.585723927442023751e+02 -5.335004457994182303e+01 7.904281944030493605e+02 1.013000507614811681e+03 1.389675765827027135e+03 8.619790174091917834e+02 1.061711227351311436e+03 6.144788809135300198e+02 5.304328352670548838e+02 2.799529355852209846e+02 6.728982684619228394e+02 8.888698590445251284e+02 7.902246209700014106e+02 8.730760447812207303e+02 9.143940583496178078e+03 1.317863561963739048e+05 5.419651609763141460e+04 -1.647277429586054495e+03 8.962534058505334542e+03 -5.904141067064135314e+03 7.213739395531854825e+03 7.900536405494915925e+03 1.253745912663908030e+03 5.904214947959152596e+03 7.786616035460196144e+03 3.025913444326362151e+04 7.667237026676189089e+03 1.353522629776333133e+03 1.824328478567143975e+03 2.264869737187911142e+03 2.521845677656013777e+03 2.159252302057598627e+03 1.492825594561903699e+02 8.924096221922370660e+02 -1.031909113474751365e+02 4.493587206761262109e+02 1.909987072117320849e+03 9.398759932844396872e+02 6.788119128092096162e+02 -9.163216250613146485e+02 -3.920245501175337495e+02 -5.682690814614486499e+02 -1.272532614068168044e+02 4.707639636689493159e+02 2.697266982162933346e+04 9.137568372843948600e+04 3.756141784321561863e+04 2.500171678341623192e+04 4.635574034517282598e+03 -1.545624378052451902e+04 1.370333278315622374e+04 1.799011836048258192e+04 -7.962747607817845164e+03 -3.792903238076854450e+03 1.400177140796363574e+03 9.431701206115882087e+03 4.387693956666348640e+02 1.530697966741969594e+03 3.489385142515845018e+03 -3.377731443332706021e+03 -1.381196594637004864e+03 -3.090078363587745571e+03 -2.835958195289322248e+03 -3.479767521654229313e+03 9.401463062928357886e+02 1.207268032266286582e+03 -2.040620349109799463e+02 -3.603132661728138828e+02 9.573722231274522301e+02 6.697784092098584097e+02 -1.203724249694411128e+03 -7.710258670347100178e+02 8.387240097120551354e+02 -6.159905606295114922e+02
4.393472502643258849e+03 2.404159102456777327e+04 1.134669305004964554e+04 7.055135822994052432e+03 5.462794454519133978e+03 1.534300154585190739e+03 2.598435193078263637e+03 -1.561146254149575441e+02 3.571069368278978800e+03 3.627652362566585907e+03 4.833393714228529461e+03 1.127126770066834979e+04 2.934426273738494638e+04 9.278785687174549821e+03 2.309333224930540837e+03 2.288086969296917232e+03 2.097350540588670810e+03 1.150363404116841366e+03 1.267007530995465686e+03 1.015956921314743681e+03 8.825735958037071214e+02 1.158626714971023603e+03 5.086685966565397621e+02 1.953999401300609406e+02 3.942363467600682156e+02 2.890391195004261249e+02 5.154221032823830910e+02 8.955477553502438468e+02 6.165790686644979814e+02 4.471318444435426613e+02 6.025780309697597841e+04 1.663183836979301122e+05 4.208354750313225668e+04 -1.432971113527164380e+04 4.599032466292302161e+03 7.558370595887122363e+02 3.700003853057062770e+03 5.292056264391950208e+03 4.276396766469815702e+03 4.461786307508383288e+03 -1.987014009047323043e+03 5.583043566594288677e+03 1.423831560371219894e+04 6.491937780477122715e+02 -5.395654921264243740e+02 7.854760911453139443e+02 4.315333940806035002e+02 -4.455189051349851752e+02 5.173154171349390396e+01 6.824632854161552586e+02 1.862814447287654573e+01 -4.801013586469935035e+02 3.183026032232043008e+02 -3.804798647396981437e+02 -5.967591040216509555e+02 -1.177244294879263180e+03 -8.229362060008460844e+01 -3.476167505890165330e+02 -9.894965139531771570e+01 5.927343914934911595e+01 -2.701802432566252537e+04 7.626614365533791715e+04 1.791541805014627244e+04 1.349418014722713087e+04 3.381338818217629887e+04 -1.960553191326016531e+04 1.574914692484559419e+04 7.247655431318412411e+03 -1.301454675514527298e+04 -6.408048038117951819e+02 1.847603066881047880e+03 7.603696752950328118e+03 6.811705577408628415e+03 -8.101862757030709190e+02 -6.202989617179250672e+02 -5.689181275026825233e+02 -6.634881639863143619e+02 -1.354206457904174158e+03 -6.364263628608914587e+02 9.946507634281645096e+02 2.525460008081527121e+03 1.499910676603538832e+03 -1.190543507703109043e+02 -3.781664415633177896e+02 -2.568582584599715233e+02 -1.009044141716665422e+03 8.318871701621122838e+01 -9.568921928953164979e+02 2.265949240998132552e+02 2.622414221547415991e+02
-1.409085730396272083e+04 2.137042911370018192e+04 7.880029939146758807e+03 3.938605762932739253e+03 1.439089227080802084e+04 1.158592364822614400e+04 2.826748766685798728e+03 1.891151435657769753e+03 2.442796804949150101e+03 3.202909723762198155e+03 4.447730845236919777e+03 3.188402556831541915e+03 9.278785687174549821e+03 2.348654560226963440e+04 7.383164679258201431e+03 3.025400912248339864e+03 1.367324494830411822e+03 1.602956943833240075e+03 2.155473470573952000e+03 1.919591639615003942e+03 1.436196550838628127e+03 1.495484127473270746e+03 1.227165158961675161e+03 6.719436646184335586e+02 8.699295007512477014e+02 6.584390646437250325e+02 9.456824856273563000e+02 6.221469578015721709e+02 4.676874787674526033e+02 3.591514230106319587e+02 7.323259201451145054e+04 5.285160663876290346e+04 1.240284794139561200e+04 -1.607003353851030624e+04 4.409120996843891589e+03 2.016345614025179384e+04 5.066120430145819228e+03 8.552671022047297811e+02 5.504844150810228712e+03 1.464797260919068094e+03 -1.823842736052360351e+03 -3.254034392147470498e+03 1.745176242178569282e+03 1.329887722794151887e+04 4.444567179760775616e+03 -1.967458915675032216e+01 -2.993284520763517094e+02 -1.084879646787632964e+03 1.050435367938450355e+02 1.064924410374000672e+03 4.611324901178987830e+02 3.663171885912225321e+02 1.061417126642050107e+03 -1.570966014127538699e+02 2.204155554826427021e+01 -1.852199665269756963e+02 -5.050812444743486367e+02 -5.245063296779907347e+01 -4.309697286217104875e+02 -2.737416256857068220e+02 8.547018782167943982e+02 -1.009073219353670902e+04 2.156294975554175835e+04 4.257992815130438657e+02 1.817790706523932749e+04 -4.375615212746519319e+03 2.448764041001238070e+02 7.267958392787353660e+03 -1.358211435150337593e+03 -3.836036832472644846e+02 -1.134426092948813448e+03 -3.015771977805382448e+03 -1.394570111612007622e+03 1.042953130709345487e+03 -2.806883913056037272e+03 -3.408834276804543606e+03 -3.379273102694086447e+03 -1.727116542023417196e+03 -8.364589617507550656e+02 3.742187838654485290e+02 -8.804844018984242666e+02 -1.075178556589119353e+03 -3.514282425658859097e+02 -9.652554537125514571e+02 -1.818492753364753582e+02 -8.736079804491541836e+02 -2.260708454101315823e+01 -6.503057340525502923e+02 -5.871125992822604758e+02 -7.872848799943313907e+02
1.827512315460157333e+04 4.408330063076578517e+04 2.628798034447465398e+04 7.886688718206816702e+03 1.619332897114727893e+04 8.682351168190507451e+03 5.255613819382280781e+03 3.266752532386731673e+03 4.552689708084440099e+03 2.778268451633338373e+03 2.193866340200094783e+03 1.154911799849681756e+03 2.309333224930540837e+03 7.383164679258201431e+03 1.671116031376951651e+04 5.379147309488933388e+03 1.752655784485542881e+03 1.335349293946880152e+03 1.281392220885764345e+03 1.651482209511543715e+03 1.092608135901551805e+03 1.159873865584699615e+03 1.042586530813014406e+03 3.813120039234652268e+02 2.745780795141623116e+02 2.507153806888882741e+02 9.900965354774202751e+02 6.355635787357224444e+02 3.578288455179123844e+02 3.825212940710651992e+02 -6.437234354829257063e+04 7.650701552883812110e+04 2.361666431666200151e+04 5.830815993978328152e+03 1.322571835062448736e+04 1.364226509480129062e+04 7.079636765394240683e+03 2.239230183281303198e+03 2.145916466462533663e+03 3.654105346830637586e+02 2.498445268391473746e+03 -3.214158544898307355e+02 -1.029738196615282050e+03 4.798109564356208466e+03 9.764658165686196298e+03 -2.031043068419617725e+02 -1.014335944274351050e+03 -8.930993775494458760e+02 1.513164819436701691e+02 1.119591617275875251e+03 5.178063682183925494e+02 2.790315994270493434e+02 -4.186930508838695886e+01 3.559712985998322665e+02 7.836620318967224819e+01 -5.694826598901555599e+02 -7.075526136392012688e+01 -4.402343154530190077e+02 -8.774968033408208612e+01 6.218243159017608832e+02 1.690519735445819970e+04 4.896017122949803161e+04 7.568925017652164570e+03 1.567039178852864552e+03 4.430394346524122739e+03 1.000963410786750319e+04 3.069157662334566794e+03 4.553569856276193946e+02 2.631333275834668257e+03 -2.149579694612121330e+03 1.175745651412426241e+03 1.706380358354403597e+03 4.873250810642409760e+02 2.325628687458828608e+03 2.759534639861185042e+03 -3.333493799509737528e+03 -3.345088271669813821e+03 -1.959649161152604620e+03 -1.433415078290282963e+03 5.832210187981363561e+02 -1.555224338472373347e+03 -1.640080606998065491e+02 -8.390078579238190741e+02 -3.407940344906485279e+02 -2.598331775596235502e+02 -8.960418400100156759e+02 8.675356629608490948e+02 -5.370503885244974072e+02 4.127639919591701982e+02 -7.006231929752532324e+02
2.229887799017658108e+04 2.256510310579464203e+03 2.269272416970553604e+04 8.378521572473599008e+03 1.059503957358432854e+04 8.005262816502090573e+03 1.704496633562757779e+02 3.327425992971458982e+03 3.592177259791324104e+02 2.526437897322718072e+03 1.138383204655837517e+03 9.764285608834052255e+02 2.288086969296917232e+03 3.025400912248339864e+03 5.379147309488933388e+03 1.430458689344826598e+04 4.803218070998638723e+03 2.009806796411389996e+03 1.369362706098981334e+03 9.267713122671347037e+02 7.812488611716321429e+02 7.656302579236594283e+02 6.795326661794671281e+02 4.616020460874232754e+02 6.855188255782192073e+02 3.543663495954477867e+02 6.306587042169607003e+02 6.006779933351859881e+02 3.664886166359059416e+02 1.666488819129479282e+02 -6.150574971278854355e+04 6.395143920268871443e+04 3.871343391922357114e+04 1.805661765114581794e+04 1.377026389903035306e+04 1.616961348288131558e+04 6.028876698637120171e+03 7.183427244566794798e+03 5.510172508161552287e+03 1.357511383048134803e+03 -1.279285802709237032e+03 1.465339912232849883e+03 4.910906278426210747e+02 2.746523871730242718e+03 1.852541656945920067e+03 7.523335462336443015e+03 2.462310996902345778e+03 -1.085647841317126449e+03 -3.143893155480741086e+01 9.115802854476512493e+02 7.515720591925040708e+02 4.628828052961331423e+02 2.140071578761894671e+02 5.755442107959805753e+02 3.751603943615207868e+02 -7.377236282725648664e+01 4.647935770824201995e+02 3.483415659842462020e+01 -7.789373992909254696e+01 -7.276349786997169389e-01 1.395745830861251306e+04 6.927909412914561108e+04 1.111294499795300544e+04 -4.193736033410918935e+03 -8.809127203618556450e+03 -1.200455304302100740e+04 -1.221363602643867671e+04 -5.382481153201899360e+03 -1.599994601117653701e+03 -6.154031361627378374e+02 2.457827521513521788e+03 -1.928411670652396595e+02 8.653707690246487800e+02 3.391191783644896077e+03 1.466055252845945915e+03 1.988193130979988155e+03 -9.743497567215198387e+02 -2.490470127095889438e+03 2.945605102330853811e+02 4.047155053435101877e+02 7.153830272852532062e+02 9.170819514518736071e+01 2.198128118496927641e+02 -3.361628386725503788e+02 1.011539740219531183e+02 -5.587890259859460684e+02 2.019155248125360345e+02 9.520678570207538769e+02 1.674313456354223320e+02 -8.954592848272167060e+00
2.247766518112999165e+03 2.095998984790950544e+03 1.003824381093388001e+04 9.446197286709988475e+03 6.149789154688663075e+03 4.294087119375792099e+03 1.193233490964733392e+03 4.237284608754762303e+03 2.166576434563095063e+03 2.551748561539844559e+03 7.130299899910478416e+02 8.585723927442023751e+02 2.097350540588670810e+03 1.367324494830411822e+03 1.752655784485542881e+03 4.803218070998638723e+03 1.115145173400536441e+04 3.978984503052707169e+03 1.694964511864600127e+03 1.227992270625702304e+03 7.296314031919092713e+02 5.214149734960755040e+02 3.763896852873507441e+02 3.768404714833134790e+02 2.678685825161221032e+02 3.437784795557000734e+02 5.058438318901665411e+02 3.955093037301886625e+02 2.373650689333412060e+02 2.341225069021457443e+02 -2.375408628096489701e+04 4.846936412807350280e+04 3.336901162856361680e+03 1.564812527119946753e+04 8.313111160968053809e+03 2.718654063285381653e+03 2.037048349227116660e+03 7.028872169555460459e+03 7.676203979444162542e+03 4.300885730796585449e+03 3.103194396318476265e+03 2.284442398027332274e+03 -5.172608927369485627e+02 -3.597931519992337144e+02 1.317860742978925146e+03 1.533889802782181050e+03 6.941697754275571242e+03 6.201744814246881106e+02 1.774709036295303122e+02 5.614705981753202195e+02 3.591089993210512148e+02 2.533308645465884013e+02 5.459158578982791141e+02 2.769766101916927710e+02 9.109030639153732523e+01 2.994951240522835292e+02 7.009995517257224265e+02 -6.744829913684569966e+00 5.624987945181418780e+01 -9.846677305226430121e+01 3.577915238438708184e+04 6.910985399265059095e+04 -4.204105016144624642e+03 -3.764425147612603905e+04 -1.007450715127528565e+04 -5.571690701442482350e+03 -2.290956189419611292e+03 -6.328260587981046683e+02 -2.384719230825859995e+03 -2.313006830483303020e+03 3.230309961348262732e+03 4.951330890713898953e+03 2.851222178555716255e+03 1.095581648476001419e+03 1.141407988195869848e+03 8.479261900391263680e+02 1.339390752909283037e+03 -6.389632641808817652e+02 3.099705074534776941e+02 1.540956686728289469e+03 1.079369479028601745e+03 7.014521671628725130e+01 1.682828807887363496e+02 6.895285763458565498e+02 -2.560884051006196387e+02 -2.679841546232528060e+01 9.544030316392802433e+02 -2.790786395974443508e+02 9.016038011895570889e+02 1.043047371167378742e+03
