6.038846459041607380e+08 8.810711024894605577e+07 -9.249557966499539092e+06 -4.088948313638759777e+06 2.125882077037557960e+06 -6.149550226606818615e+05 -6.063414939499109751e+05 -7.630497796375737526e+05 -4.015387777678453131e+05 -7.645016636615729658e+05 -1.577487733353601652e+05 6.523804087237460044e+04 -2.376943531568282924e+05 3.594111746613805299e+05 3.093769455416118726e+05 1.566691799823159818e+05 -5.267084999584075995e+05 1.315202152010738209e+05 5.054061503375299508e+05 3.049121086292474647e+05 2.045969718509108934e+05 -3.247348764922591508e+05 -3.988418603565017838e+04 -1.142260957930493605e+05 -4.614473438404585613e+04 7.051048723571405571e+04 2.652179012729734677e+04 7.166149478359184286e+04 5.027037655527389143e+04 -5.364389147507607413e+04 5.720048301452413797e+08 1.738190888811777811e+06 -1.571012057807551511e+07 -1.000279500353375077e+07 2.077499472105914960e+06 -6.059805890760431066e+06 -8.542303364351629280e+05 4.305866113667922327e+05 1.709082799964639824e+06 -9.585354902909080265e+05 1.182229843983950559e+06 6.119268920039504301e+05 1.712086268417799147e+05 1.361090967273116345e+06 -4.943549153673051624e+05 4.734006172042920371e+05 -7.786783789093778469e+05 -6.363591778526353883e+05 6.769671566990019055e+05 -1.080853306232013856e+05 7.273652339060150553e+05 -2.619838432154658367e+05 -2.543617587773424166e+05 -9.076160483236276195e+04 -1.774080242170644051e+05 2.246871050726982940e+05 9.321801135952711047e+04 -9.049958824663331325e+04 1.511671897533326992e+05 5.579853086269507185e+04
8.810711024894605577e+07 3.415441540038393140e+08 2.518907762532406300e+07 4.495747016551151872e+06 6.839395125955039635e+06 1.221988071063040756e+06 -1.300577929454542231e+06 -5.501418169125948334e+05 1.106393994675412076e+06 4.851692310303698760e+05 3.077976567853029119e+05 6.913277859667552402e+05 1.577570548728111316e+05 1.829302218398932018e+05 4.441834932973418618e+05 2.851417377906265319e+05 6.597063667073007673e+04 1.379401008209407737e+05 2.689041095101362444e+05 2.472643448632059153e+05 1.125507701658390724e+05 5.309169289789674076e+04 2.902870554138903972e+05 1.515395557808360027e+05 -1.129537271868146490e+05 1.885537172515894054e+05 1.631791682793295186e+05 9.874441967290287721e+04 -5.261570822798335575e+04 1.280632239693825541e+05 1.435363415763136148e+08 4.746843064424581528e+08 2.509793551818745956e+07 2.053528857700769231e+07 9.689410258047964424e+06 -1.319139260455829208e+05 -2.219588708543448709e+06 -2.019062692195011303e+06 1.461448613158725668e+06 6.947605941701582633e+05 2.702487266402332578e+06 5.783533047115773661e+05 -5.567573374979208456e+05 1.175144313120532082e+06 8.575679569599991664e+05 5.678865747291586595e+05 -9.124084842875954928e+04 -1.270568587567551149e+05 5.635029919275665889e+05 2.640733074806022923e+05 -1.926167552165560191e+05 -6.878375626100288355e+04 2.783035601729933114e+04 1.489671890994104033e+05 -3.746110214999704040e+05 1.332869700891290267e+05 1.484052389275775349e+05 2.546289194851776992e+05 -4.702655793173218990e+04 -3.072266338238051321e+04
-9.249557966499539092e+06 2.518907762532406300e+07 1.062074536891100407e+08 7.912576781694109552e+06 9.325445730012649437e+05 8.061770924309324473e+05 -5.380742051582538988e+05 7.648258659486036049e+05 4.606800180767983547e+05 2.664924221580710146e+05 3.387041483248986769e+05 2.160214460741598450e+05 3.014723698947377270e+05 2.550081654093600810e+05 2.599270708634875482e+05 6.692036217347899219e+04 3.127161403855877579e+05 4.687748764532856876e+04 1.646961757907803985e+05 7.747249149657218368e+04 4.402812688325262570e+04 1.039329312597567186e+05 2.036154311990921997e+04 1.496330812636032060e+05 3.910575404499865544e+04 1.158167921284936601e+05 -2.276615031666117829e+03 3.869546182701372163e+04 5.127370651528720919e+04 1.360017814051148307e+05 -1.693443836207101494e+07 5.858868175286203623e+07 1.682317372328951359e+08 5.750118642301760847e+05 3.078905431056473753e+05 4.190297026051761350e+04 -8.090677194131455617e+05 5.576112161868868861e+05 -4.736467404667636147e+05 9.341848786140943730e+02 5.630357751469846116e+05 -8.657033160956815118e+05 3.037636348179745255e+05 1.529171524614030022e+04 4.360671940219262033e+05 3.131934370489201392e+05 2.172354359050812200e+05 6.401243048684620589e+04 -1.232530589958396158e+05 -1.506373509184434261e+04 -4.463332841482961521e+04 3.105088706171053345e+05 3.444569216026537470e+04 1.966809557228836347e+05 -4.832994473499915330e+04 1.802580159783810668e+05 -1.093437179476522142e+05 1.431005020242887258e+05 1.799209867347686668e+05 1.472807636716799170e+05
-4.088948313638759777e+06 4.495747016551151872e+06 7.912576781694109552e+06 3.766903378718299419e+07 4.348502302612529136e+06 7.868833179287911626e+05 -5.269892181567670195e+04 3.744567680507656187e+05 3.841519983723967453e+05 -1.010638108405768289e+05 -4.351129658885720710e+04 1.837728425973578705e+05 2.251651595441052632e+05 2.058910083677544390e+04 1.169244348047212552e+05 1.254900854236567247e+05 5.198781051390861830e+04 4.969425368491125118e+04 7.996307347785044112e+04 7.057224017974303570e+04 8.280926106412743684e+04 5.839754073136341503e+03 -1.090182712864137466e+04 1.159340474157513818e+05 5.650463428066432971e+04 2.554510082494514427e+04 2.362546948188710303e+04 2.040954867532320714e+04 2.565661994329923982e+04 1.731210792655552359e+04 -8.348484104427452199e+06 1.571339881980801746e+07 1.679800854338126257e+07 5.752511159962547570e+07 3.082635624308240134e+06 1.765689470063700574e+06 6.879463441604927648e+05 4.888641771146914689e+05 5.658850703862379305e+05 -6.853392523078058148e+05 -2.341237522782113519e+05 5.364890413968625944e+05 2.341030370122722234e+05 4.289189659912583884e+05 2.169305845828694291e+05 -1.849584943723539473e+05 1.601544775602203445e+05 1.059998859875621711e+05 -1.439910323730242380e+05 -8.547081540595613478e+04 -2.687141362121983184e+04 -7.864746867305107298e+04 -7.962592528259183746e+04 1.556429664864351507e+05 5.498955842455803941e+04 1.056882184342475230e+05 1.251853764846764352e+04 7.366974721225927351e+04 5.328443186384129513e+04 4.708470934870898782e+04
2.125882077037557960e+06 6.839395125955039635e+06 9.325445730012649437e+05 4.348502302612529136e+06 1.686450570007361844e+07 1.350798134828974726e+06 -7.604432372590911109e+04 -4.080976570488666039e+04 2.184970862687900080e+05 7.416395380353923247e+04 2.714776474835440167e+05 7.140128837137337541e+04 6.937262254506124009e+04 -1.509170135930908509e+04 -2.572770064331979029e+03 6.452942360400811594e+04 1.372605970628722207e+04 -2.699862831567924513e+04 1.028428476768270921e+05 4.510811045538160397e+04 3.395716076548645651e+04 5.969192436436057324e+04 2.359267237585140902e+04 2.723450378594639187e+04 1.005833596580100493e+04 5.390208628027895611e+04 7.975505364546854980e+04 7.728687643517029755e+03 -2.124155918229716349e+02 3.790451326541170420e+04 2.999026221567678731e+06 1.262871026504217647e+07 -2.614072319762737490e+06 6.871833887929628603e+06 2.609003865083795041e+07 6.033002151960256742e+05 3.439363508470934466e+05 1.857842508713357674e+05 1.063745182652409858e+05 -3.427673840445470414e+05 3.714097812870701455e+04 6.143741789192247234e+04 5.389878434961857238e+03 -3.747430511828616727e+04 -4.875088525597578700e+04 1.159207453301975911e+05 1.699550078675043478e+05 2.841790047611740738e+04 2.280188448930027953e+05 1.012223017643596104e+05 1.260986236515535711e+05 4.948344662146582414e+04 3.418937894570932258e+04 6.949775316269785981e+04 -2.354017715394612605e+04 5.783107013453912805e+04 1.634121437348960317e+05 -3.780413400230764819e+04 1.763255846479604952e+04 4.944949936609183351e+04
-6.149550226606818615e+05 1.221988071063040756e+06 8.061770924309324473e+05 7.868833179287911626e+05 1.350798134828974726e+06 7.083670031510060653e+06 5.641046057588804979e+05 6.639935251851826615e+04 5.654095340351895720e+04 -8.221910932751206565e+04 3.755831001015094080e+04 -1.401870813380340223e+04 -1.387164445773238003e+04 1.001383694129227079e+05 6.726782133758603595e+04 2.318794154267544218e+04 4.103509809833010513e+04 3.600505225743642950e+04 3.689200099454505107e+04 2.813005165625341033e+04 4.869632281545257138e+04 4.014960291074810084e+04 3.332011263016750308e+04 1.578421150045061040e+04 4.212096793983855605e+03 2.235896905215110746e+04 1.614491134841512030e+04 9.732957096782301960e+03 -7.651771964480588395e+03 -5.451440095901420136e+03 3.809850986535658594e+06 4.383141232537843287e+06 -9.913939003428252181e+04 1.256845206879510544e+06 1.286846986101479270e+06 1.162242159541099332e+07 5.381626853774120100e+05 -1.439854636024114152e+05 -1.063010837382745522e+05 -9.781899026822528685e+04 3.927436427523316815e+05 -7.457819407301260799e+04 7.278096956009305723e+04 3.244027543361048447e+05 2.600255107052583771e+05 7.128224703923537163e+04 2.652634550393928293e+04 6.853123805177332542e+04 -1.019577122018630871e+04 -5.151145898079067410e+04 5.952939577186769748e+04 4.927918801069857000e+04 6.056881177294163354e+04 2.042907787173407633e+04 3.493684781130687043e+04 7.949190055136284172e+03 2.447943643200321821e+04 1.452703482117619205e+04 -9.849319917261365845e+03 -5.185468140681832665e+03
-6.063414939499109751e+05 -1.300577929454542231e+06 -5.380742051582538988e+05 -5.269892181567670195e+04 -7.604432372590911109e+04 5.641046057588804979e+05 4.608704993360416032e+06 5.241378443530421355e+05 -4.411998072093591327e+04 -1.275938575408001452e+04 7.675932256664414308e+04 1.039017601890063088e+05 -2.314740751389386423e+04 5.451505134768370772e+04 -1.446432634035770934e+04 3.487644206643216603e+04 4.351396438870659040e+04 9.696142285214105868e+03 1.061212519505169803e+04 3.225531266022538330e+04 2.256325759744908282e+04 1.005399589597657905e+04 2.573673879395322001e+04 1.530677100190499550e+04 1.052752661706967592e+04 2.645968825341849515e+04 1.094149926493238672e+04 -4.861870750560172382e+03 7.436862345889458084e+03 4.923619767449099527e+03 -1.188263530729949242e+06 -6.615229791661929339e+06 -7.690569660208802670e+05 -2.760052436413351097e+05 4.855708330556755536e+05 8.118642780461125076e+05 7.631115801010402851e+06 3.989229011685721925e+05 4.930108056108489109e+04 -3.027752949553537292e+03 3.231152425827078405e+05 2.322036136679810006e+05 -4.429042061805980484e+04 1.424367956724844698e+05 -8.916324079935114423e+04 3.869488293695203174e+04 5.124902202357412170e+04 2.446712683752471639e+04 8.638477694946512202e+03 5.467064004699417274e+04 -4.854331922040761856e+04 -5.321724021447770065e+04 4.213157203615772232e+03 -1.950946267814309110e+01 2.905194411067703913e+04 5.981066179813291092e+04 1.961260653746635217e+04 -5.816431669880066657e+00 5.878702307404828389e+03 8.249399907289107432e+03
-7.630497796375737526e+05 -5.501418169125948334e+05 7.648258659486036049e+05 3.744567680507656187e+05 -4.080976570488666039e+04 6.639935251851826615e+04 5.241378443530421355e+05 2.591550527803674340e+06 2.372783739803960780e+05 -3.346014929103395116e+04 -2.632135718212761276e+04 2.390967693305160719e+04 2.929255412078493828e+04 2.866379390504585535e+04 -1.506875861845593317e+04 4.422332356843680463e+04 -4.787164197709123982e+03 4.240570836402335999e+02 1.645033927482270519e+04 1.906105053695876632e+04 1.935855817617313005e+04 1.233153695294270256e+04 7.856353382032756599e+03 2.427479812214760750e+04 1.075143837088711552e+04 2.140368744115905065e+04 1.930390717366230820e+04 -6.427468121583785432e+03 1.662832042954164717e+04 2.023262728533308746e+03 3.285442379187910119e+05 -3.340462494474619161e+06 1.733272671813576249e+06 8.416692689273388823e+05 2.875817120853075758e+05 3.758337825355169571e+03 7.655681308926849160e+05 3.687987257195967715e+06 9.669455673149427457e+04 -1.193915182700229489e+05 -1.336645032829226693e+04 1.890836232660846144e+04 1.200200586272567016e+05 2.826035421677838531e+04 -3.782192244708816725e+04 7.098852841820278263e+04 -8.673843493698301245e+03 7.884204856822821057e+02 -1.253173088138957792e+04 1.241017557602920897e+04 -1.473054666069137966e+04 1.094813093639854287e+03 1.003240794887631978e+03 7.636312856507939614e+03 1.196756852531977165e+04 5.940590677398109256e+04 4.158412000835398794e+04 7.524884579571498762e+03 2.753078837719099101e+04 1.504632978834575624e+04
-4.015387777678453131e+05 1.106393994675412076e+06 4.606800180767983547e+05 3.841519983723967453e+05 2.184970862687900080e+05 5.654095340351895720e+04 -4.411998072093591327e+04 2.372783739803960780e+05 1.570088939338680822e+06 9.161224614120631304e+04 5.628948339790284808e+04 5.669650607406795461e+04 4.286503181661897543e+04 2.328952988783420005e+04 1.642867186156394382e+04 2.477433100393799759e+04 1.637764729462564537e+04 5.608380081261822852e+03 2.503876547956904324e+04 1.524683920525042231e+04 1.595450857547285705e+04 1.273465359601851560e+04 1.525358936405032000e+04 -3.283555605692614790e+03 1.922151518077774881e+03 1.883548526718262656e+04 1.086038206465189069e+04 1.413319625519511646e+03 2.620962564815692531e+03 8.123457666439995592e+03 -2.824310959541723714e+05 5.686446385062334593e+05 5.602474674476729706e+05 6.409123517153012799e+05 1.518923167506590835e+05 -6.184196870509775908e+04 -1.077012673748783272e+05 5.670353610144258710e+04 2.205717293971893378e+06 -2.508030207665220587e+04 7.601884815348807024e+04 3.967142354761372553e+04 2.675955092304670688e+04 2.045575627475513465e+04 2.898096584460813392e+04 4.049806718907836330e+04 1.131283002430798660e+04 2.195495790216164460e+04 5.166327726986726339e+04 1.652028338922569674e+04 -7.502710798816680835e+03 5.565353562627585779e+04 2.822447202556344564e+04 -1.890123963173549782e+03 1.304317775370759409e+04 3.800556645093086263e+04 2.043475855923926792e+04 -6.596162586075713989e+03 2.832108856615101467e+04 -2.405915410195517325e+03
-7.645016636615729658e+05 4.851692310303698760e+05 2.664924221580710146e+05 -1.010638108405768289e+05 7.416395380353923247e+04 -8.221910932751206565e+04 -1.275938575408001452e+04 -3.346014929103395116e+04 9.161224614120631304e+04 9.112671296757599339e+05 7.861492539594350092e+04 5.938142470329149546e+03 6.330278375312248500e+03 3.190021143152542572e+04 1.297354453371792260e+04 3.842792938824518842e+03 1.899563825919236115e+04 3.305839844129038738e+03 1.558302854246919378e+04 -3.200750854717761285e+03 1.754384359704415317e+02 2.458820011811600125e+03 8.853519492257999445e+03 2.385249763111763968e+03 1.994951480498745241e+03 -7.631296965578819254e+03 -1.925979573114747154e+03 -9.838318053851105560e+02 -3.838755505607478540e+02 5.774457636979692325e+03 7.047331657729180297e+05 2.014393416394079104e+06 5.066570852400565054e+05 -3.605287535060730297e+05 3.271125289604390273e+05 -2.637494167612170713e+04 -2.482032263274417783e+05 -8.996406523956928868e+04 5.614855932875841245e+04 1.427816275914190570e+06 7.843189760020680842e+04 -2.068800300971286561e+04 6.044521839744052158e+03 9.274514199996550451e+04 1.400779227922622704e+04 -1.683630672804518326e+04 1.244644481449875093e+04 -4.994864273026599221e+03 2.950698012038950765e+04 -4.161979131909957687e+03 -8.256108973440957925e+03 -1.961735393777845093e+04 8.149637498392291491e+03 -1.048513665299348986e+03 2.550007643070761333e+04 7.225016143752335665e+03 1.631244087529448734e+04 1.490946718039153347e+04 8.226896763993694549e+03 8.917518868973278586e+03
-1.577487733353601652e+05 3.077976567853029119e+05 3.387041483248986769e+05 -4.351129658885720710e+04 2.714776474835440167e+05 3.755831001015094080e+04 7.675932256664414308e+04 -2.632135718212761276e+04 5.628948339790284808e+04 7.861492539594350092e+04 6.115275908249691129e+05 7.115367066798282031e+04 1.548374623673060887e+04 4.558894130168909760e+04 1.563165822085736727e+04 1.024705756436227421e+04 7.868232638909510570e+03 1.623091947029564835e+04 1.589470846340181015e+04 -4.413285010613474697e+03 9.421650187160230416e+03 -8.783568953025551309e+03 1.097739827201477783e+04 2.955614673743090407e+03 3.092248722600587826e+03 -1.027750711244117610e+03 4.567355351354360209e+03 1.012637083581155821e+04 3.793722226333358776e+03 8.621573681472016688e+03 2.234950827376673929e+06 2.486557840122066846e+05 3.574515487434891402e+05 -3.943741945078659337e+05 2.893978727870449075e+05 -1.177393742362261255e+05 1.296950914943761309e+05 -9.212560268439199717e+04 5.830308493840658230e+03 1.291495617956302885e+05 1.008058207647295669e+06 6.322684249667490803e+04 -1.450681565984278495e+04 6.739588394967402564e+04 4.409144086291839631e+04 1.003653416784827641e+04 -3.223354773531895262e+03 4.384258423026500532e+04 6.004544809119658021e+04 -1.388665786417700292e+04 1.717934006816926558e+04 -1.594486790307452429e+04 1.339498053214567881e+04 9.373093553114767928e+03 1.507862513927120744e+04 -3.783502893487757888e+02 8.056696550186048853e+02 2.064962711342743205e+04 1.358429556706956828e+04 1.784045100914222348e+04
6.523804087237460044e+04 6.913277859667552402e+05 2.160214460741598450e+05 1.837728425973578705e+05 7.140128837137337541e+04 -1.401870813380340223e+04 1.039017601890063088e+05 2.390967693305160719e+04 5.669650607406795461e+04 5.938142470329149546e+03 7.115367066798282031e+04 4.794587824209498940e+05 8.840295890206797048e+04 2.986974922107397288e+04 2.702955657320794126e+04 1.399114675553314191e+04 5.099023489865633564e+03 1.859250200919393683e+04 -5.700888293488375894e+03 1.819721775004445590e+04 7.148191637933055063e+03 3.337904719551836024e+03 5.673307787353257936e+02 1.241449944396258252e+04 4.190833785683343194e+03 7.061205178248704215e+03 3.259017864569516405e+03 8.772237087658902965e+03 9.382026897603249381e+03 4.883956175288109080e+03 5.184323990187094896e+05 1.198851017446423415e+06 7.430547177317171590e+05 5.480663927685817471e+05 1.028240101644919778e+05 -9.992499882069590967e+04 1.051158366852237086e+05 6.190276345524244243e+04 6.772537225613214832e+04 -1.133301562315362826e+05 8.783170682530644990e+04 7.161633088033077074e+05 9.349750502979403245e+04 3.060663307497445930e+04 3.897579896364004071e+03 -3.608775410887826729e+04 -8.578370117516324171e+03 3.788557001164279791e+04 -3.287528865112694621e+04 1.654311186005518175e+04 -2.166859248782958275e+03 -1.858638248593138633e+04 -1.939011162182226326e+04 2.493386894136026604e+04 6.264114762409027207e+03 9.234872086182791463e+03 1.215745054309589432e+04 2.043749482783276835e+04 1.905418037964020914e+04 1.626852021056602825e+04
-2.376943531568282924e+05 1.577570548728111316e+05 3.014723698947377270e+05 2.251651595441052632e+05 6.937262254506124009e+04 -1.387164445773238003e+04 -2.314740751389386423e+04 2.929255412078493828e+04 4.286503181661897543e+04 6.330278375312248500e+03 1.548374623673060887e+04 8.840295890206797048e+04 3.666468249069378362e+05 6.445704839774087304e+04 3.240127976103012043e+04 1.281899500560292108e+04 -1.312779113805105908e+03 1.471397960134758250e+04 8.540526079871378897e+03 1.232028619771048761e+04 7.626946144500227092e+03 2.770229123960374181e+03 3.986397557093702289e+03 -5.105635265461272866e+03 1.676644384688748460e+03 3.690060213144200134e+03 5.941757257686153935e+03 2.926445916839985784e+03 2.874490386661836510e+03 -2.779430360899518291e+03 8.631166714306370704e+04 3.743122874956034502e+04 7.826636784074454335e+05 5.226441152414164389e+05 1.789717647852413575e+04 2.177773779837412803e+04 -3.706097048432960582e+04 1.257416770968996861e+05 5.966673418814275647e+04 -3.649415174375748029e+04 2.501919569162741755e+04 8.895480474556151603e+04 5.499823459144039080e+05 5.428691433860483812e+04 1.592285799200475776e+04 1.937890285191323346e+04 -3.152439687314190815e+04 2.071384814918403208e+04 2.690695484877493527e+03 2.115575889562364864e+03 1.238931758029053526e+04 6.304051546531948588e+03 4.635848633644131951e+03 -2.191064072706351362e+04 -5.015138760176703727e+03 1.384698452240714323e+04 1.025537375904131841e+04 1.731081526344055237e+04 1.194317140291073156e+04 -5.516443579489134208e+03
3.594111746613805299e+05 1.829302218398932018e+05 2.550081654093600810e+05 2.058910083677544390e+04 -1.509170135930908509e+04 1.001383694129227079e+05 5.451505134768370772e+04 2.866379390504585535e+04 2.328952988783420005e+04 3.190021143152542572e+04 4.558894130168909760e+04 2.986974922107397288e+04 6.445704839774087304e+04 2.542254327281672158e+05 5.274692397715398693e+04 6.614225659353919582e+03 4.892260108637246049e+03 7.748212120340053843e+03 1.407878826605780159e+04 5.512701349266047146e+03 5.396051899702223636e+03 6.292710086454231714e+03 4.052761383403055788e+03 4.041029540546277985e+03 9.410153198703643511e+02 4.070285214346446082e+03 4.757433628498930375e+03 3.005321394054732991e+03 8.269848717346243575e+03 5.024579634063602498e+03 3.988906075694769243e+04 -5.418703079490896780e+05 2.333671369036278047e+05 1.038835754784627788e+05 -1.590197904496649862e+05 1.370551551630228350e+05 9.207967072395872674e+04 5.439932104878911196e+04 2.098515541815827237e+04 5.298605187315090734e+04 3.357945524709606252e+04 2.090805899950976709e+03 5.591263214366455941e+04 3.778788588296280941e+05 4.177870148079037608e+04 1.101514092941449962e+04 -1.087768140241803667e+04 5.833647934614984479e+03 2.749169906767150314e+04 -4.078127337447120226e+03 2.740916629484120676e+03 4.903373655233573345e+02 -5.426715113892206318e+03 1.089846297301754385e+04 7.543666440674452133e+03 4.454685030147973521e+03 4.513874134660789423e+03 1.282102479089042208e+04 1.233229939351344001e+04 6.268585669240853349e+03
3.093769455416118726e+05 4.441834932973418618e+05 2.599270708634875482e+05 1.169244348047212552e+05 -2.572770064331979029e+03 6.726782133758603595e+04 -1.446432634035770934e+04 -1.506875861845593317e+04 1.642867186156394382e+04 1.297354453371792260e+04 1.563165822085736727e+04 2.702955657320794126e+04 3.240127976103012043e+04 5.274692397715398693e+04 1.861251881959202001e+05 2.770805716218207817e+04 8.413980489175282855e+03 1.245076044236310008e+04 5.196065592469425610e+03 7.465777126503049885e+02 4.421216203274658255e+03 1.479667734986726373e+03 3.417130074741829503e+03 6.184929606990366437e+02 3.784722333127109778e+03 3.272587021225550416e+03 4.520283469215207333e+03 2.990629870165986631e+03 3.711164036796584696e+03 3.251677951876118868e+02 6.553402876275796007e+04 4.751890751314625959e+05 1.937239498334150703e+05 2.245678322209753969e+05 -7.223723452039400581e+04 6.781420669992349576e+04 -3.571477758473016365e+03 1.462546847966653877e+04 3.897951345956802834e+04 -8.814639249213909352e+03 4.176212246263503039e+04 4.179989040094628581e+04 3.858397415727008774e+04 7.294434407687676139e+04 2.444976516666355310e+05 2.332331096299013007e+04 8.927551954483971713e+03 1.471432634448491444e+04 1.433782985308989555e+04 -4.554239291561979371e+03 7.774240919110763571e+03 5.489443771971583374e+03 -9.518512399033396605e+02 8.180500678666791828e+03 9.335061211003820063e+03 1.308899708011971597e+03 -3.773571296276298881e+01 8.497982827883168284e+03 4.888205166373726570e+03 -3.775546302255987939e+03
1.566691799823159818e+05 2.851417377906265319e+05 6.692036217347899219e+04 1.254900854236567247e+05 6.452942360400811594e+04 2.318794154267544218e+04 3.487644206643216603e+04 4.422332356843680463e+04 2.477433100393799759e+04 3.842792938824518842e+03 1.024705756436227421e+04 1.399114675553314191e+04 1.281899500560292108e+04 6.614225659353919582e+03 2.770805716218207817e+04 1.484164851456461765e+05 2.728906904353544451e+04 1.061672819855349917e+04 5.630614515808255419e+03 8.166978814176487504e+03 6.796565095569149889e+03 1.019295638812715151e+04 3.597334600804003003e+03 3.475626005374755550e+03 5.628436551995414447e+03 3.363464283000445448e+03 4.428444035759535836e+03 6.387460557662847549e+01 1.163355066667534174e+03 5.373585713601764837e+03 3.465326646542318631e+05 -1.822976406854635279e+05 8.750703592818010657e+04 3.593745086367865442e+05 1.731998208754769003e+05 2.958379077356863490e+04 -3.544714632028357755e+03 -1.812847018341200237e+04 3.290318713813542854e+04 -4.232991091709908460e+02 3.490950632999515074e+04 3.419657318166731420e+04 3.402455303417502728e+04 -1.400533141987484669e+04 1.314434727175846638e+04 1.966843474802341952e+05 3.396814088988359435e+04 2.546428600693770932e+04 -2.554901931805448385e+03 6.455859298306854726e+03 1.098330865873303082e+03 1.032660252910816598e+04 -5.187198685877018761e+03 3.502650918590558831e+03 6.455252199503815973e+03 8.281350616019579320e+03 5.315088357476771307e+03 3.279063085730922012e+03 8.042325345603004280e+03 8.172757252581652210e+03
-5.267084999584075995e+05 6.597063667073007673e+04 3.127161403855877579e+05 5.198781051390861830e+04 1.372605970628722207e+04 4.103509809833010513e+04 4.351396438870659040e+04 -4.787164197709123982e+03 1.637764729462564537e+04 1.899563825919236115e+04 7.868232638909510570e+03 5.099023489865633564e+03 -1.312779113805105908e+03 4.892260108637246049e+03 8.413980489175282855e+03 2.728906904353544451e+04 1.238979596348084306e+05 1.959621413616419522e+04 -5.056211505778361243e+03 7.155093386082779716e+02 8.233497615678548982e+02 5.036522571824912120e+03 7.099536665818157417e+03 5.610264209280737305e+03 4.164780078103692773e+01 5.267345738552769035e+03 1.475320398022186737e+03 2.037883167700399326e+03 -1.271723157062579324e+00 2.585349552544964354e+03 -7.187609492500250926e+05 3.829423415298307664e+05 5.038543697745752870e+05 1.537499291613368405e+04 4.041561446276591141e+03 3.087724101356662868e+04 7.698424506424529682e+03 -6.229142662155342259e+04 -3.287680555192620432e+03 6.230058240551639756e+04 5.021559740329630586e+03 2.786938725211270139e+03 7.028067434654007229e+03 1.515202443232850055e+04 1.106277438291356702e+04 4.373555379502015421e+04 1.843814937463907991e+05 2.759772381456658695e+04 -7.988433069859789612e+03 1.208474671490233163e+02 -9.998628264569524617e+03 5.502556433917348841e+03 6.373899598270490969e+03 4.940921721935913411e+03 4.682877133389957635e+03 1.088532259540649466e+04 3.738894671404841120e+03 5.779586301289931725e+03 5.430956494570731593e+03 1.036653371723370583e+04
1.315202152010738209e+05 1.379401008209407737e+05 4.687748764532856876e+04 4.969425368491125118e+04 -2.699862831567924513e+04 3.600505225743642950e+04 9.696142285214105868e+03 4.240570836402335999e+02 5.608380081261822852e+03 3.305839844129038738e+03 1.623091947029564835e+04 1.859250200919393683e+04 1.471397960134758250e+04 7.748212120340053843e+03 1.245076044236310008e+04 1.061672819855349917e+04 1.959621413616419522e+04 9.548523527247870516e+04 1.159411914845072897e+04 9.881336642096317746e+02 5.422308010613029182e+03 4.270410192819976146e+03 6.846456615878684715e+03 4.375090733990330591e+03 1.048286561934703741e+03 2.304006226731486549e+03 3.991462117332695016e+03 1.755601325832293242e+03 2.008701929422261856e+03 4.968095628660722468e+03 -2.254408250378631346e+05 -6.862196920186084753e+04 -2.113738454764032795e+05 1.788084309007564152e+05 -7.272616352028575784e+04 8.250007277727892506e+04 -2.601387482955630549e+04 -2.410557335298314683e+03 3.424741453392119001e+04 -4.967506074115117372e+03 3.352232943572197109e+04 1.582508360489926963e+04 3.795660906302773219e+04 2.133525414989725050e+03 9.379160312828606038e+03 1.444524452127625955e+04 3.070809067464720647e+04 1.296459165491543245e+05 9.595798091021882783e+02 -6.049060806696480540e+03 9.321733645077179972e+03 3.417565296400554416e+03 4.130721157890779978e+03 -7.517299597838984937e+02 3.001559277864561409e+03 1.830730843830324147e+03 1.811266867501821480e+03 4.650124286588188625e+03 3.466181454065603702e+03 4.761909544096035461e+03
5.054061503375299508e+05 2.689041095101362444e+05 1.646961757907803985e+05 7.996307347785044112e+04 1.028428476768270921e+05 3.689200099454505107e+04 1.061212519505169803e+04 1.645033927482270519e+04 2.503876547956904324e+04 1.558302854246919378e+04 1.589470846340181015e+04 -5.700888293488375894e+03 8.540526079871378897e+03 1.407878826605780159e+04 5.196065592469425610e+03 5.630614515808255419e+03 -5.056211505778361243e+03 1.159411914845072897e+04 8.299923220635500911e+04 1.863642807871874902e+04 6.854925450719038963e+03 4.541302520927910336e+03 3.073803595485133883e+03 1.255686671398719000e+03 1.472372048785053266e+03 6.797159026893089504e+03 3.555385078140275255e+03 -1.287125614984531907e+01 1.968354762649442364e+03 1.533699553717828792e+02 7.116470901058008894e+05 3.444524015391592984e+05 3.219351766534980852e+05 1.699871402135338576e+05 1.822781173069184006e+05 -4.358489900924968970e+04 -3.852071753710979829e+04 6.639584346499566436e+02 4.719293364521212789e+04 1.657457542629216186e+04 3.837892198170904885e+04 -9.267389976892554841e+03 1.891436403064520709e+04 3.014737034459764254e+04 -1.331751472056848115e+03 8.221977881902379522e+03 -6.946582068408666601e+03 1.360340823002593424e+04 1.121251709990154341e+05 1.935810123316031968e+04 1.134444657038921287e+04 4.812173210462648058e+03 7.197433420521618928e+02 -3.270263078051735647e+03 -1.220067097202576633e+03 4.474905634470125733e+03 4.945918247800403265e+02 -1.670342745903209106e+03 5.529020297621422287e+03 -5.453645231656230862e+03
3.049121086292474647e+05 2.472643448632059153e+05 7.747249149657218368e+04 7.057224017974303570e+04 4.510811045538160397e+04 2.813005165625341033e+04 3.225531266022538330e+04 1.906105053695876632e+04 1.524683920525042231e+04 -3.200750854717761285e+03 -4.413285010613474697e+03 1.819721775004445590e+04 1.232028619771048761e+04 5.512701349266047146e+03 7.465777126503049885e+02 8.166978814176487504e+03 7.155093386082779716e+02 9.881336642096317746e+02 1.863642807871874902e+04 7.353384415369591443e+04 1.273536479562605200e+04 3.365467480459516992e+03 3.150982647126135817e+03 3.316392774648654267e+03 1.476430349883214831e+03 3.372384119733659645e+03 1.230638940919206107e+03 2.501382819243117410e+03 4.744287227044355859e+03 1.046909397754817746e+03 8.802144930846621282e+05 1.213587154456688440e+05 3.081710662600446376e+05 3.513504419149114401e+05 1.165273643433279794e+05 1.771409365151306338e+04 7.120624994019046426e+04 2.045847709148589638e+04 2.062633100568589725e+04 -3.321351681342138909e+04 -2.217344734243425773e+04 2.962304306646889381e+04 1.225050303677253396e+04 1.105135435358113500e+04 -8.700262477106924052e+03 1.888886481720220036e+04 -1.251944250543360431e+04 -2.847380332489773309e+02 1.797922764182484025e+04 1.058599795527966635e+05 1.493305944532477406e+04 -1.352855298015272638e+03 5.784576907901119739e+03 3.683353834562043630e+03 2.755538483846724830e+03 3.408893969824539909e+03 3.561410457087134546e+03 4.522911503342059405e+03 7.196523077917870069e+03 1.965129201829872272e+03
2.045969718509108934e+05 1.125507701658390724e+05 4.402812688325262570e+04 8.280926106412743684e+04 3.395716076548645651e+04 4.869632281545257138e+04 2.256325759744908282e+04 1.935855817617313005e+04 1.595450857547285705e+04 1.754384359704415317e+02 9.421650187160230416e+03 7.148191637933055063e+03 7.626946144500227092e+03 5.396051899702223636e+03 4.421216203274658255e+03 6.796565095569149889e+03 8.233497615678548982e+02 5.422308010613029182e+03 6.854925450719038963e+03 1.273536479562605200e+04 5.772285731741128257e+04 1.148176502878464817e+04 4.826201662028984174e+03 2.155654587019565042e+03 -1.361696410968254725e+02 3.728860476065608964e+03 2.581009767622369054e+03 2.613763102103711162e+02 7.315135493719155875e+02 1.881601149853094284e+03 4.956638034348658402e+05 1.330468216173572873e+05 1.130357068388362532e+05 2.497636721910479246e+05 -1.238130647246218177e+04 6.235321132108088023e+03 1.064565390993829897e+04 -2.734891438102009943e+03 3.414057349413257907e+04 -9.356690279093047138e+03 3.107984630977554843e+04 1.587532192144389956e+04 -2.023114166872765509e+03 5.561031897436142572e+03 7.361008107215202472e+03 1.900959290222783238e+04 8.911872188007402656e+03 7.678118931528559187e+03 1.498134522744825699e+04 1.475891991382955530e+04 7.887569910357324989e+04 7.901829909911821233e+03 6.721133973946018159e+03 2.020178767888149878e+03 -1.815660363678112390e+03 4.929106695538883287e+03 9.741879810835865783e+02 3.095968761274654639e+02 3.257240192954681675e+02 4.040629988357218281e+03
-3.247348764922591508e+05 5.309169289789674076e+04 1.039329312597567186e+05 5.839754073136341503e+03 5.969192436436057324e+04 4.014960291074810084e+04 1.005399589597657905e+04 1.233153695294270256e+04 1.273465359601851560e+04 2.458820011811600125e+03 -8.783568953025551309e+03 3.337904719551836024e+03 2.770229123960374181e+03 6.292710086454231714e+03 1.479667734986726373e+03 1.019295638812715151e+04 5.036522571824912120e+03 4.270410192819976146e+03 4.541302520927910336e+03 3.365467480459516992e+03 1.148176502878464817e+04 5.523995080963329383e+04 9.247699229696854673e+03 3.579436136391481796e+03 3.264940153233364981e+03 6.396844843280056921e+03 2.124151196639294085e+03 9.744395990439396371e+01 7.470597951988819432e+02 2.400156667183707668e+03 -1.783112386496818726e+04 3.662528025666311732e+05 7.880645670501017594e+04 1.063080233054062592e+04 1.225899159309925599e+05 3.313841809127270972e+04 -5.207206853930347279e+03 -1.160400024624362050e+04 -1.066769165832066028e+04 4.544558291866480431e+03 -8.405308066278323167e+03 9.291176556690621510e+03 -8.186453782299574414e+03 1.366125393825295578e+04 -6.945214398290817371e+03 1.585936627026352653e+04 1.835323771339438736e+03 3.836332362046730395e+03 1.736752929226671768e+04 8.233610021341597530e+03 1.120993328465891864e+04 7.425299709684563277e+04 7.307169222783884834e+03 -1.734970996160445111e+03 3.832009535025375158e+02 1.044931051005779045e+04 -7.953625461648680357e+02 -2.755039264620072004e+02 -8.815260252062242898e+02 -6.883524731210028449e+02
-3.988418603565017838e+04 2.902870554138903972e+05 2.036154311990921997e+04 -1.090182712864137466e+04 2.359267237585140902e+04 3.332011263016750308e+04 2.573673879395322001e+04 7.856353382032756599e+03 1.525358936405032000e+04 8.853519492257999445e+03 1.097739827201477783e+04 5.673307787353257936e+02 3.986397557093702289e+03 4.052761383403055788e+03 3.417130074741829503e+03 3.597334600804003003e+03 7.099536665818157417e+03 6.846456615878684715e+03 3.073803595485133883e+03 3.150982647126135817e+03 4.826201662028984174e+03 9.247699229696854673e+03 4.266774381148486282e+04 9.026070706019332647e+03 2.084217441968851290e+03 2.716376368812672354e+03 2.335352683156247622e+03 2.584541920541781110e+03 7.659955110612485214e+02 5.540013564434490263e+02 1.178740939784286020e+05 4.080134743499725009e+05 8.398617421569222643e+04 -3.216951942224490267e+04 5.096315060438244109e+04 1.776489239684622589e+04 6.475011668812348944e+04 -2.804166799254176294e+04 2.175956750878999446e+04 4.133759901121639268e+04 2.111886834227652798e+04 -8.327090119927441265e+03 4.216332030377811861e+03 -4.159957973956101341e+03 3.469856296711850973e+03 4.395336843521489754e+03 1.050492492237697115e+04 1.338046567431246331e+04 6.174534992856160898e+03 8.379269759771246754e+03 7.024929950031618318e+03 1.006633517282148750e+04 5.264700744520555600e+04 8.612278583281555257e+03 9.621401062802415254e+02 2.001915238976379669e+03 1.591298985742605055e+03 4.031781492110832005e+03 -1.760673820249054643e+03 -3.384018694750731129e+02
-1.142260957930493605e+05 1.515395557808360027e+05 1.496330812636032060e+05 1.159340474157513818e+05 2.723450378594639187e+04 1.578421150045061040e+04 1.530677100190499550e+04 2.427479812214760750e+04 -3.283555605692614790e+03 2.385249763111763968e+03 2.955614673743090407e+03 1.241449944396258252e+04 -5.105635265461272866e+03 4.041029540546277985e+03 6.184929606990366437e+02 3.475626005374755550e+03 5.610264209280737305e+03 4.375090733990330591e+03 1.255686671398719000e+03 3.316392774648654267e+03 2.155654587019565042e+03 3.579436136391481796e+03 9.026070706019332647e+03 3.941760623463921365e+04 8.200147484354989501e+03 2.706584638463245028e+03 1.711985155102697945e+03 2.610680898461829202e+03 2.364539243619214631e+03 3.564562100596001073e+03 -3.448022804741221480e+05 1.312954807521082112e+05 2.347428075515693054e+05 2.069774299974380119e+05 6.908622935277711076e+04 3.318540662784659071e+04 -2.063630762523687008e+04 1.315658568013708827e+04 6.518361834285317855e+03 2.628937780781351194e+03 7.329997304691324643e+03 6.904621127485376746e+03 -9.214582585085276150e+03 8.477540752918712315e+03 -4.766044103113454184e+03 1.686962874122005360e+03 8.908383099214826871e+03 2.213754392170346364e+03 1.196307883927074272e+03 4.701665318255247257e+03 1.908299248280993652e+03 -3.686320325409512407e+03 2.372115019386320455e+03 5.186517518039287097e+04 8.733336930200455754e+03 3.706056818178063168e+03 3.680111062309131853e+02 3.434676391507436165e+03 2.452694212544607126e+03 5.499430038702401362e+03
-4.614473438404585613e+04 -1.129537271868146490e+05 3.910575404499865544e+04 5.650463428066432971e+04 1.005833596580100493e+04 4.212096793983855605e+03 1.052752661706967592e+04 1.075143837088711552e+04 1.922151518077774881e+03 1.994951480498745241e+03 3.092248722600587826e+03 4.190833785683343194e+03 1.676644384688748460e+03 9.410153198703643511e+02 3.784722333127109778e+03 5.628436551995414447e+03 4.164780078103692773e+01 1.048286561934703741e+03 1.472372048785053266e+03 1.476430349883214831e+03 -1.361696410968254725e+02 3.264940153233364981e+03 2.084217441968851290e+03 8.200147484354989501e+03 3.427367054491526505e+04 7.366247195670887777e+03 1.938917597422665267e+03 3.083026677513415052e+03 1.907758230372736989e+03 2.888941482402446582e+03 1.767245274733949918e+05 5.053044765878639737e+04 -2.419932636565700886e+04 1.296508427973935613e+05 -1.278330056036748465e+04 -4.398835384131928004e+04 -1.082833171431879236e+04 5.331694153923182057e+03 1.038544214628013106e+04 -7.552378203409525668e+02 2.120545785811424139e+03 1.113117713169082208e+03 -3.357214422159544938e+03 4.226356526218416548e+03 8.221541597209702559e+02 9.210173279598573117e+02 -5.730239529208520253e+03 -5.564724797847329683e+03 6.766048469658311660e+03 5.735736938802740042e+03 -1.101171686534856008e+03 4.026029696366523467e+02 1.605141721045503687e+02 8.102899114945871588e+03 4.376078419354329526e+04 7.106048579208384581e+03 2.925271512414563404e+03 4.948744136095581780e+03 3.337465709004240466e+02 5.663382820645643960e+02
7.051048723571405571e+04 1.885537172515894054e+05 1.158167921284936601e+05 2.554510082494514427e+04 5.390208628027895611e+04 2.235896905215110746e+04 2.645968825341849515e+04 2.140368744115905065e+04 1.883548526718262656e+04 -7.631296965578819254e+03 -1.027750711244117610e+03 7.061205178248704215e+03 3.690060213144200134e+03 4.070285214346446082e+03 3.272587021225550416e+03 3.363464283000445448e+03 5.267345738552769035e+03 2.304006226731486549e+03 6.797159026893089504e+03 3.372384119733659645e+03 3.728860476065608964e+03 6.396844843280056921e+03 2.716376368812672354e+03 2.706584638463245028e+03 7.366247195670887777e+03 3.217296057445315819e+04 4.499202189596067910e+03 1.422222729760934726e+03 9.884251536832096008e+02 1.658434597629314794e+03 4.031700193451606174e+04 1.893390514342504030e+05 5.080687834226698760e+04 -2.340168430050144161e+04 5.238778270833865099e+04 -6.230750098377808172e+04 2.955939756910617871e+04 2.757921667198576688e+04 1.808850941906569278e+04 -1.934708007624080346e+04 -4.533495164778486469e+03 1.536298846884495106e+04 -3.112612825235486071e+03 8.914898888508359960e+03 4.513095489496924529e+03 -1.634071272045239994e+03 1.370647656032673467e+03 5.934612542994989781e+03 1.029751756981865947e+04 1.486786030554751505e+03 1.875871967142985568e+03 6.147786942319539776e+03 2.913563640737675087e+03 2.510297832915183335e+03 7.595786493344062364e+03 4.046143454259821738e+04 5.303079826348178358e+03 1.001447031074179108e+03 1.555150868693036728e+02 8.343300780494214450e+02
