1.113264668613859564e+08 1.390992412025425769e+07 1.100876674145660829e+06 8.061345713805697160e+05 5.832581395763830515e+05 2.688243653370082611e+05 -8.262549019641465566e+04 -2.343109887256833463e+04 9.939212849086625283e+03 5.956872043740064328e+03 7.800609712675945775e+04 2.036046278850283898e+03 -6.877546416268569374e+03 -7.915355852746513847e+03 1.822722839507756726e+04 -6.249683344812230644e+04 -4.667734166323803220e+04 -5.903540819752095558e+04 4.419893434522800089e+04 2.276178438476434167e+04 -4.482726891883639473e+04 -1.854298954793698067e+04 -1.045485452183932648e+04 -5.264297317539994765e+03 3.698126890570279647e+04 4.251985753279471828e+04 2.455409803729754003e+03 -2.174178067903019110e+04 -5.543971252496146008e+03 -2.174392077519283339e+04 -6.922555895249147713e+07 -1.979259205334137380e+07 -8.141104473888883367e+05 -1.098803937553514028e+06 1.077775323198013939e+06 1.510189077408001758e+05 7.490951085835526465e+05 3.140580336346653057e+05 2.472787635865719640e+05 -6.711438679093602696e+04 -4.443613044717318553e+04 7.472501965966087300e+04 2.071920844751519035e+05 3.314480068955972092e+04 1.138597581218925188e+05 6.201399336508685519e+04 -2.139982696187095280e+04 -4.979554234134298167e+04 -2.074601221649720901e+04 -2.075291379244413838e+04 -8.954809659071346687e+04 -7.903827193492866354e+04 2.278159817704002307e+03 4.386576205681421561e+04 1.259679093828467012e+04 1.860638177554129697e+03 -1.157498064004632324e+05 -4.330514827088383026e+04 -2.807097291696001412e+04 -8.341799257610972563e+04 8.986371358918586746e+06 1.064623293185551837e+07 2.798756904220448807e+06 7.951760988894171314e+05 8.668288516078763641e+05 7.592800787239414640e+05 7.122223379168037791e+05 -1.712306171825555502e+05 2.895770506966879475e+05 -1.029271319425689144e+05 -1.285278637891065155e+05 -5.785154727667422412e+04 3.416191128590614971e+04 -2.855270434014650527e+05 6.325905047871843271e+04 4.005311314143734489e+04 6.410200009612485883e+04 9.625789924846818030e+04 9.774077827681419876e+03 -6.523286864045137190e+04 6.977986900697468081e+04 -9.200438150443226914e+04 -8.287244481908404850e+04 -8.077536190816735325e+04 -8.793529282643634360e+03 1.008952927362790651e+05 -2.337981212054425487e+04 -2.883956553970365349e+04 -2.778447635023242128e+03 4.843752823514302872e+04
1.390992412025425769e+07 1.774791389407965913e+07 3.707688375028520357e+06 8.704861508223048877e+05 4.271111280914350646e+05 1.938679338523182087e+05 2.170110398391739873e+05 1.652811147723756148e+05 1.036874179896537971e+05 5.726512787237588054e+04 6.191699724006919132e+04 4.020623373174768494e+04 2.169527762449338115e+04 3.379299994133067958e+04 4.920115100503587018e+04 -6.944557675965455019e+03 -1.360921049668267005e+04 -1.545909206810002433e+04 7.552555968221586227e+03 3.662200485032757570e+03 6.858655113637632894e+03 -2.077844582253835597e+03 -2.951564774415584452e+03 -8.045258447828228782e+03 2.654482082507063387e+04 8.036596081122852411e+03 2.089232236248956724e+03 1.890473452922892648e+03 5.572586165717960284e+03 5.309036685719422167e+03 -5.025825065659116954e+06 -6.209321925990927266e+05 -1.089054525405662600e+06 -9.410731866768213222e+05 -4.470230997886002297e+05 -2.434682050132879522e+05 4.040499188753428170e+05 2.615432525958701735e+05 -9.371614537907733757e+04 -5.447361284559921478e+04 2.662460560701282247e+03 1.954304184383032407e+04 2.593426560857454388e+04 2.125733510932431818e+04 -1.618198840561066936e+04 2.091492631570338563e+04 -3.758615569303530356e+04 -7.313118553755292669e+04 -3.991346060445663170e+04 1.463545650898016902e+03 -3.104141928508325691e+03 -1.887029076242896190e+04 -4.261749794998460857e+03 4.222924688274908840e+04 1.657938922274448487e+04 -1.821027098498928126e+03 -3.584657606478047092e+04 -1.761987627399681514e+04 6.398712065526647166e+02 -1.678063117608447556e+03 2.459945706098203082e+06 3.008499020736626815e+06 3.680151270617484697e+05 2.272184416313667607e+05 7.601386513061155565e+05 2.284576909227405849e+05 3.787375508935705875e+05 3.752431531672120909e+05 1.692323848124799260e+05 8.385535170376219321e+04 -7.206937349034570798e+04 3.237366231052031708e+03 -9.612231686788749357e+04 5.397001107398839667e+04 4.577071892803670198e+04 4.387215912209274393e+04 6.551687017802346236e+04 -3.957322531009932845e+03 4.862723828675590630e+04 -1.327387490269225236e+04 -1.028897495936491759e+04 7.792716000643324151e+03 -2.652033468541369439e+04 -1.059706774253381445e+04 -3.401509339700002602e+04 1.500414877234873711e+04 2.185729127160955977e+04 -1.222109984090728176e+04 -7.976057082371181423e+03 1.211670940372515543e+04
1.100876674145660829e+06 3.707688375028520357e+06 5.905574983007025905e+06 1.550416142004593974e+06 2.834398186569780810e+05 1.079037228941573412e+05 8.173429558674307191e+04 9.026555388697375020e+04 5.527476341304439120e+04 5.677386351417113474e+04 5.211249427139117324e+04 2.250000325445881390e+04 -1.268132916494025449e+04 2.549700953975116499e+04 1.928694447007702547e+04 2.608286542842939525e+03 9.799945797815777041e+03 3.904053762087090035e+03 1.224916361962246629e+04 8.776747863161406713e+03 1.161644322981561163e+04 5.618197723941614640e+03 3.890206968878706448e+03 3.091948949517152869e+03 9.765737251006212318e+03 7.220567663691347661e+03 2.679853785258090284e+03 4.894469951957267767e+03 3.136529447741423610e+03 5.359867371759006346e+03 1.667636776825477718e+05 7.334075711155650206e+05 2.667203979651194997e+06 8.624192267855395039e+04 -3.441182018054422806e+05 -2.421915799532765523e+05 1.147908401697723093e+04 1.485839576375212346e+05 2.581137994958787749e+04 8.189718606826789619e+04 1.320882131752565911e+05 8.455920174996830610e+03 -1.078442973009050365e+04 2.803338255488479626e+04 4.240028375400769437e+04 2.540890159707861676e+04 3.490590234655745735e+04 9.612989892792760656e+03 3.156965703926513015e+04 2.905335856872882141e+04 1.795669458645230770e+04 -3.160089005408938647e+03 1.164114278138587542e+04 1.522279170155649081e+04 2.923608624429600241e+03 -6.766643394702515252e+03 -1.175436185221681262e+04 7.687357713328875434e+03 1.955409142346622684e+04 5.385071620482484832e+03 -5.154379301780778333e+05 -8.868532784150372026e+05 -5.066628500449669664e+05 -5.516307275906909490e+05 1.676590718573387130e+04 7.299821637911109428e+04 1.664205238710738286e+03 3.274454514135698555e+05 3.469415158820089709e+04 -4.927256564787933894e+04 -8.926468592557088414e+04 5.361513060707864042e+02 -4.329630914274552924e+04 3.032208703136576150e+04 4.802077010568875994e+04 7.081244669486966814e+03 3.337726221479803826e+03 1.428110917523208263e+04 -1.549631013604097825e+04 -2.672989134582358383e+04 1.305571043841991559e+04 2.054901320119038064e+04 7.396371885168166955e+03 -2.645371820967368421e+03 -2.873644861859118828e+04 -3.434402349170332855e+03 1.515549855945300624e+04 -1.407517136138913202e+03 4.154687487359189618e+03 1.204794901817742357e+04
8.061345713805697160e+05 8.704861508223048877e+05 1.550416142004593974e+06 2.407779735611939337e+06 5.061081767319695791e+05 7.845675455228819919e+04 2.062654858400611556e+04 2.210064440119247229e+04 -1.242319121570032650e+02 1.562671996471069542e+04 8.414184828551047758e+03 7.822174098276080258e+03 4.490968193935957061e+03 6.623279304791692084e+03 4.234181401413484309e+03 5.051414575637550115e+03 3.817329092580514953e+03 -6.280063257627056373e+03 3.026537672192469017e+03 4.671700558220342828e+03 6.689900696903472635e+03 6.185806746647450382e+03 4.140984227495388950e+03 1.864224324493986160e+03 3.859552770093451727e+03 3.289659368552781416e+03 5.940598603794115661e+03 7.140233295074182024e+03 3.244789499883684130e+03 2.099411874266083032e+03 2.736938977091385750e+05 -5.134708189756263746e+05 7.133185510158409597e+05 1.733416837136816466e+06 6.263029236625728663e+04 -1.705779852556948899e+05 -2.657547636939215226e+04 1.798836079878590317e+04 2.116263263381178331e+04 4.490115983391896589e+04 3.729921035179508908e+04 3.121645191877918478e+04 1.708607813775404065e+04 -1.013993491803999495e+04 2.294440183083135344e+04 2.220022974212121335e+04 1.963332289586513070e+04 3.121474733759562150e+04 1.643967220738354445e+04 1.070558719037145966e+04 4.950498988824234402e+03 1.785209098459189045e+04 1.842565956239280786e+04 -3.826404199800257175e+03 1.471558835615544558e+04 -1.834031745031891887e+03 1.969242010945710717e+03 1.172776417897648025e+04 2.174744697660620295e+04 -1.145305838031377789e+03 -5.351458608887409791e+05 9.733879055191972293e+04 2.230630279415753321e+05 2.270899802541042736e+05 -3.335072646945558954e+05 -2.070491317821539997e+05 -2.002931936044666145e+04 3.672167247731165844e+04 9.328774069187858231e+02 -2.712809688283399373e+04 -1.260024210242843537e+03 -1.919523017276585597e+04 1.561155906222095837e+04 -6.234347260917303174e+03 2.956863317104653834e+04 2.901683702530283699e+04 1.803401409989370950e+04 5.080397684428478897e+03 1.048663764470848218e+04 1.055381381662217791e+04 1.035970713438729035e+04 2.492093328866892989e+03 -7.875048219920719021e+03 -1.117677879974118514e+04 -1.120711781007161881e+04 -6.362660138083555239e+02 2.488448419343215846e+03 -3.950447064819001753e+03 7.786509523041661851e+03 1.446187722853317155e+03
5.832581395763830515e+05 4.271111280914350646e+05 2.834398186569780810e+05 5.061081767319695791e+05 9.346020727480330970e+05 2.117947093448488740e+05 5.426876259964242490e+04 3.470197755556296033e+04 1.307838393235426338e+03 1.037798882812337615e+04 3.208709814297189041e+03 9.297178385124778288e+03 1.060633080183095444e+04 1.555593666575110183e+04 1.292047606262065165e+04 1.013108615981387084e+04 1.079746844311987843e+04 1.437937502304561804e+03 4.360252524425290176e+03 1.291594501672216744e+01 -5.950117738223569575e+01 1.505376039074779101e+03 3.204313345409420890e+03 5.030780253143932896e+03 2.488358749042892669e+03 1.883296033031724392e+03 2.563394351760587142e+03 8.911818645104578991e+02 -4.367190524190247061e+02 -9.210935826809388800e+02 -1.363920526915324444e+05 1.447613889605687873e+05 2.611805627794646425e+05 3.867516285127233714e+05 7.659349580246953992e+05 3.854530820746855898e+04 -5.494914064254086406e+04 -1.622171304397601489e+04 -1.860972880451626042e+04 -3.626032658651786278e+03 -2.097365937957995993e+04 -1.096713176577205644e+02 -9.403471055274041646e+03 3.373800312950793341e+03 7.827559994654126058e+03 3.419370263960367424e+02 4.147502853525847968e+03 -4.209049984580691671e+03 -4.236073173251827939e+03 2.623867254154253260e+03 -6.080129038161391691e+03 2.916500108069978069e+03 -2.695978563474463044e+03 -9.419318527794574720e+02 -1.766550375377080400e+02 -9.030419473783765625e+02 7.646703328662825697e+03 9.465254170729822363e+03 3.304073212223067912e+03 2.425741322737460450e+03 -3.887636584298930393e+04 8.688896296212103334e+04 1.277532728984409005e+04 2.324180845423299470e+05 1.781456676340356062e+05 -1.878884739397800586e+05 -5.174761947784257791e+04 2.503376720562719493e+04 -1.885882538796132940e+04 -7.348344027377782368e+03 -1.307151131562072078e+04 -1.197246667214631270e+04 1.973684635726598208e+04 -5.269999288243013325e+03 4.035346338923693111e+03 1.471322656122472608e+03 5.794350979761781673e+03 2.245988592848587359e+03 5.222420558607528619e+03 -7.592842024080098781e+03 -1.113846032318540711e+04 -2.791119540380568196e+03 -5.163846820584577472e+03 -8.694943604459836934e+03 -1.569982820463990902e+04 1.243032530915058942e+03 -8.493315380913842091e+03 -5.145814440684310284e+03 -7.734592284313127948e+02 6.106087485322346765e+03
2.688243653370082611e+05 1.938679338523182087e+05 1.079037228941573412e+05 7.845675455228819919e+04 2.117947093448488740e+05 5.466315394215004053e+05 1.336619701016234176e+05 5.125046757156420063e+04 2.623412367256455036e+04 2.420945097550956416e+04 7.375471906807466439e+03 -7.532000434019111026e+02 2.621668179615629469e+03 1.745969684605046859e+04 1.204738035408905489e+04 1.031278268141995250e+04 6.863488068235190440e+03 6.940126984315047594e+03 7.342788457165076579e+03 3.446297245062120510e+03 3.017651021918681181e+03 3.893790788642782445e+03 8.777654847068254185e+02 -4.545284757214235327e+01 2.666323092134008220e+03 1.626383272078068558e+03 2.004050962995356713e+03 1.391537137207523529e+03 1.263304374076445356e+03 1.484818972874928704e+03 1.788635745953572623e+05 -8.056798022653792032e+03 1.465289148147943706e+04 4.422204704162942653e+04 1.301048760377355648e+05 5.758222640998763964e+05 1.391841123991578934e+05 2.139686135938837469e+04 -1.423335551812434096e+04 -1.430701096747999145e+04 -9.263383581652857174e+03 1.505419326224544602e+04 1.352782025038465508e+04 8.238070128054934685e+03 1.007334626438397390e+04 2.764805751607159891e+03 -1.648277738550547838e+03 8.680677262098850406e+03 5.384676822751091095e+03 1.654643314574888791e+04 1.727270132294556333e+03 2.506541271768318893e+03 3.003083940637598516e+03 2.891158473768612112e+03 4.988758812322669201e+02 -8.737057732998030133e+02 5.238024505157471140e+03 4.943070627747912113e+03 3.788893068195428896e+03 -1.380889677540709727e+03 -1.317661697752859036e+05 -1.253465919434222888e+05 1.501446256754785718e+05 -2.602007239924246096e+04 -1.265345920814164274e+05 5.736857141858922841e+04 -5.061012089190058759e+04 3.991780618488786786e+03 5.236842889448856295e+04 1.058205858443135367e+04 1.891183872316284760e+04 1.809978839643115862e+04 3.000981183757047620e+04 2.700561798823711433e+04 2.791069509202277914e+03 1.425324518013548732e+04 1.112811519860819317e+03 4.196990326856035608e+03 -6.305661889872399115e+03 -1.689091613298511948e+04 -6.700482116166280321e+03 1.960069297736013596e+03 2.133615078713489766e+03 1.236863310483079658e+03 5.973675596524016328e+03 4.579355882373728491e+03 5.586373532375191644e+03 5.706555196074695232e+03 2.186144620598534402e+03 3.302783246334553496e+03
-8.262549019641465566e+04 2.170110398391739873e+05 8.173429558674307191e+04 2.062654858400611556e+04 5.426876259964242490e+04 1.336619701016234176e+05 3.317117509185838862e+05 1.033671415382688720e+05 3.247970411471177431e+04 1.249563739406204149e+04 5.763124880589749409e+03 4.755546102141225674e+03 5.480329143930120154e+03 5.344247283790583424e+03 7.216644423472080234e+03 5.456297268631410589e+03 4.414175696871057880e+03 1.597460653513990792e+03 2.266100900306001677e+03 1.335655609382544071e+03 3.053354656985634847e+03 1.140436273004254872e+03 1.256649976341742331e+03 2.190714901222534081e+03 2.105134414506816483e+03 3.118737359945348089e+03 3.579986570099547407e+02 1.364905232453186272e+03 5.645643498405412402e+02 1.762881337318264514e+03 2.768196270957253291e+05 2.508998466707245389e+05 -1.050056299506084033e+05 -1.949217272814950411e+04 5.063146790234216314e+04 1.632616382457209984e+05 2.932650191283710301e+05 6.716921830257002148e+04 3.693526921339817818e+03 -1.167727802686808172e+04 -4.751835688278778434e+03 1.261025341677797223e+04 -9.767582230845408048e+03 -7.222942784473869324e+03 -3.684172514015013348e+03 -6.913229324950408227e+03 3.004115242908082109e+03 7.107940226528508902e+03 4.168976185668311700e+03 1.246109925120855405e+04 2.831293870754483123e+03 -2.264892633824762470e+03 1.262210422817418248e+03 2.252189019186450423e+03 2.239824461401838107e+03 1.931389001477653665e+03 -2.418573276760263525e+03 -1.315214996641962671e+03 5.302463083949992324e+02 -5.544343451676107861e+02 -3.804953131232294982e+04 -1.635220446785734675e+05 -1.582966671368123498e+05 -3.750323327601404162e+04 -1.025591286346599081e+05 2.823222900604227834e+04 2.454764583091317036e+04 8.713430171488866108e+03 -2.947475902515629059e+04 -4.013946022925012130e+03 2.455171814980078489e+04 5.594735144724851125e+03 -2.111708505360277195e+04 1.514248445690242806e+04 1.891072957204608247e+04 4.543785752828107434e+03 -3.169565842486885572e+02 -4.154737112058007369e+03 -2.033427311670616859e+02 9.900602929453890511e+02 -6.472941009693328851e+03 -7.252667633761463549e+03 -1.201920480802905104e+03 -1.717708328005769545e+03 -2.095284046234078232e+03 4.808322359091523140e+03 -3.200271768335175580e+02 -1.714149583544339521e+03 1.112139176823769503e+03 2.325773975780954515e+03
-2.343109887256833463e+04 1.652811147723756148e+05 9.026555388697375020e+04 2.210064440119247229e+04 3.470197755556296033e+04 5.125046757156420063e+04 1.033671415382688720e+05 1.957286974326113123e+05 5.603802162053236680e+04 1.941772389426590962e+04 2.743316661095670952e+03 3.423671448438545667e+03 5.271880227268460430e+02 5.411959808278590572e+03 5.076003995460991064e+03 3.080270545742038394e+03 9.426900301140999545e+02 2.016432494932158761e+03 2.391532356118341795e+03 3.212218871354697967e+03 3.040069939032525781e+03 1.463055518124351920e+03 1.647504643510554615e+03 3.522095837090013447e+03 2.724006258247091409e+03 1.916530861269395473e+03 8.744838859274614151e+02 6.172515530404339188e+02 3.999121625092840873e+02 1.849973469202764136e+03 -1.481963961986111826e+05 -5.882026593603554647e+04 -6.634818658994098769e+03 -6.812936055045266403e+04 2.210736889235429044e+04 9.069360426918431767e+04 1.137077190222659992e+05 1.799837421102650405e+05 3.800270554155481659e+04 1.381458610051284086e+04 -6.938388986571256282e+03 7.142092582056846368e+03 2.375185088445401561e+03 4.183593058864757950e+03 -2.837978811250914987e+03 -1.800699995809134180e+03 4.703540432608627270e+03 3.294448001137349365e+03 3.117352167916809776e+03 4.127950941750565107e+03 -1.104542364794824152e+03 1.228490162136023173e+03 -6.969478958891844513e+02 -6.589734106937372644e+02 2.773928053124639064e+03 1.105468362704388483e+03 1.852623431881630154e+02 9.312661736123610581e+02 -3.546970421156987641e+02 6.514041481537647087e+02 -4.733466262921055750e+04 1.250045271917458449e+05 1.003935431587143466e+04 -1.651552627460314761e+04 -3.497581139656904270e+04 3.670482442759291007e+04 3.026823905391872177e+04 6.077734721243687090e+04 2.070554016750566734e+04 1.508341192929269346e+04 9.748929422520181106e+03 4.445787516226670050e+03 -3.735305373232500187e+03 6.992718721350247506e+03 7.106711353578316448e+03 6.217782130380162016e+03 1.539719874908980046e+03 -2.547443423209451794e+03 2.602320821154468376e+03 -3.049196844726062409e+03 -1.700351390406765177e+03 -2.877651948405602980e+03 1.242141718474981872e+03 1.771293154951241831e+03 2.424899037966333253e+03 1.182386820662773516e+03 1.331592859664492039e+02 -3.599618520369650469e+03 -1.142497639143776951e+03 -9.657874917381261639e+02
9.939212849086625283e+03 1.036874179896537971e+05 5.527476341304439120e+04 -1.242319121570032650e+02 1.307838393235426338e+03 2.623412367256455036e+04 3.247970411471177431e+04 5.603802162053236680e+04 1.321611557507361576e+05 3.780917740197364765e+04 5.437328110986821230e+03 1.304879088529867659e+03 8.078930855280223966e+01 3.278591710700393378e+03 2.736622769020754731e+03 2.134326374070780275e+03 2.487245589537635169e+03 3.325427738674775355e+02 1.073544159467729742e+02 2.059073606729815765e+03 2.920677484066148281e+03 2.765385598233025576e+03 1.396221124013636882e+03 2.993057098327560652e+03 8.141692449629668999e+02 1.256512468506268760e+03 1.011940208922926900e+03 -4.184693975673200157e+02 4.675800527076628441e+02 2.238572483968056531e+03 -1.040445458379429474e+05 9.646900377254653722e+04 4.239283295303642808e+04 -1.893960896486936326e+04 -3.115804924384741389e+04 5.041855525865239179e+04 2.458357675222100079e+04 4.917098422601165657e+04 1.145899561018009845e+05 1.993837472088626600e+04 -1.091367730852863360e+03 -4.095759154113785371e+03 2.976628825116042094e+02 6.208399146890360498e+03 -6.150716348810911995e+02 -1.355647651120298406e+03 2.322749908912761839e+03 -2.847902549667388485e+03 1.502514356744356974e+03 1.347942340568339205e+03 -1.194834944651419619e+03 1.503448848179230708e+03 2.184661804759863571e+03 4.967419857769698410e+02 -6.184790662029802206e+02 -4.974234865492913968e+02 -1.902958636521094149e+03 -1.840439972123186408e+03 8.260526919181420453e+02 2.403917840758168040e+03 1.670394387722457177e+05 1.531240291513441480e+05 6.410027597138599958e+04 -2.788646346670896946e+03 -1.364396920957574184e+04 2.008797925835889089e+02 5.753743060479459018e+03 2.249799077091030267e+04 3.675963259470903722e+04 -1.041456081426863784e+04 2.163459681257465945e+03 4.134713396415226271e+03 -3.150416334944567552e+03 9.406016161253866130e+02 7.333459672668474013e+03 2.372815896486292331e+03 7.281470768683748247e+03 1.838043724035535661e+03 4.234825370495535026e+03 2.473366920223737452e+03 -8.816216684834539592e+02 -1.624419866351311384e+03 -7.173632006075870038e+01 -2.793074580597781733e+03 -1.959896891425954664e+03 1.403303443792647386e+03 4.633587176120645381e+02 2.010875855420771643e+02 -2.034583470071474949e+02 -2.540515248623806031e+02
5.956872043740064328e+03 5.726512787237588054e+04 5.677386351417113474e+04 1.562671996471069542e+04 1.037798882812337615e+04 2.420945097550956416e+04 1.249563739406204149e+04 1.941772389426590962e+04 3.780917740197364765e+04 8.592278520373202628e+04 2.358240897443051654e+04 7.055561498733740336e+03 4.720699731716119459e+03 5.312568733934633201e+03 3.770619214981248206e+03 3.178101061447850952e+03 1.761063775980682294e+03 -6.185097550949628697e+01 1.093109691025140364e+03 2.026143133566775759e+03 1.925128671027682230e+03 1.762430935761067076e+03 2.104074303952630089e+03 1.209816676573363111e+03 9.002558761377426890e+02 5.930190352064922763e+02 -2.173056454740073562e+01 -8.467468656572987129e+01 6.206313964541667474e+02 1.157823076075424751e+03 -1.769004673327576893e+04 2.305829807601460780e+05 8.557169152051309356e+04 2.936022841260724817e+03 3.691514644232645514e+04 2.640402233638730468e+04 2.450738686420043450e+04 1.411309274611219553e+04 3.025732440860302449e+04 6.600299421152514697e+04 -1.999623921925785226e+03 -1.855134191285112138e+03 1.222487588530906123e+03 4.103396824797890986e+03 2.694465267590880558e+03 2.300694587040952683e+03 1.322647003509734759e+03 -5.381960043249195223e+03 1.479608148783707293e+03 4.708936493803505982e+03 1.975412901936819480e+03 2.911403361608634441e+03 4.176858461219228957e+03 1.034402401579709249e+03 2.355528930992896676e+03 1.481694620086382656e+03 9.834406586182129786e+02 -6.137029826827227907e+02 3.091484800350090154e+02 1.237144353007297241e+03 6.586763156321905262e+04 1.235773626523297025e+04 -5.749053221453852893e+04 -8.375084048103362875e+03 -3.049260172438477821e+04 -1.412296440008112040e+04 -6.729778244821563021e+03 -6.139926051600566097e+03 2.907323560950253977e+03 3.729948388309016423e+02 -6.791623369471934893e+03 -5.584758599930362834e+03 -1.191431803034041423e+03 -1.922397817957793450e+03 5.491384924763245181e+03 5.063446465116748186e+03 6.053007912467948017e+02 -3.304710954040660909e+03 8.074456618233840572e+02 3.458078665065277619e+03 1.754298964547169135e+03 3.197049136895638185e+03 1.824195037560857145e+03 -5.990467256447675481e+02 -1.867760975695281900e+02 2.726273878083438831e+03 1.283650129792487860e+03 1.393980297884030506e+03 4.135024628237288766e+02 1.264265929531839902e+03
7.800609712675945775e+04 6.191699724006919132e+04 5.211249427139117324e+04 8.414184828551047758e+03 3.208709814297189041e+03 7.375471906807466439e+03 5.763124880589749409e+03 2.743316661095670952e+03 5.437328110986821230e+03 2.358240897443051654e+04 5.709151348924355261e+04 1.715956946169779621e+04 5.233832727216012245e+03 4.936435516967557305e+03 1.555020717542766306e+03 2.440453086060354508e+03 1.037295510861698631e+03 -4.448026617982158086e+02 6.510574066294876729e+02 1.852666210477721961e+03 1.911066106021183259e+03 2.339620463105674389e+03 1.017811095092666733e+03 2.753671030869167566e+02 6.332003180213697533e+02 4.147195760473255746e+02 3.467412356837173775e+02 1.571888776827991023e+02 2.658985050674114063e+02 1.868201634623865459e+02 -1.183014233587200433e+05 5.236693350104628917e+04 6.333579539342924545e+04 4.338774910136771359e+04 3.158541196960920206e+04 9.190124107962303242e+03 1.454330818779810215e+04 8.950069126585725826e+03 9.208332933204386791e+03 1.799157694326403725e+04 3.602985908397420280e+04 1.235515561434442498e+04 2.305504104695064598e+03 1.792686285253737196e+03 -4.982409385958329153e+02 5.674028355893956359e+03 3.429480027035257535e+03 1.857842081896829995e+02 1.677374619973801828e+03 9.888071871869593679e+02 -1.487216231386757386e+02 -4.011539148153152041e+02 3.156244230197848538e+03 -4.512100881581151270e+02 1.010561327478475505e+03 -4.026070308175862920e+02 7.052984364753430100e+02 4.172712530628215291e+02 -8.908514341227430577e+02 5.733228089019949039e+02 5.113581192473116971e+04 5.811645507094403729e+04 7.656818384210868680e+04 2.216163535763077743e+04 -4.910320806010538490e+02 -8.887192385406669928e+03 -1.912387406585928147e+03 5.317387425025393895e+03 9.435042359460421721e+03 9.620479114220304837e+03 5.349639890832558194e+03 -2.911993350771552286e+03 5.953268112743311576e+03 4.053156920735897529e+03 2.571920094843412244e+03 3.760279753954303033e+03 3.113257424831623212e+03 -2.510587063582593146e+03 2.024230551741193267e+03 3.197603047739135604e+02 -3.300724335565344518e+03 1.321150099265057179e+03 2.482283579855951757e+03 -2.204673313806579245e+03 -9.060723341720876078e+02 -2.196133314150458318e+03 -1.830768122775878624e+02 -2.743223138442632489e+02 -1.040513657412495377e+03 -2.490292258584132696e+02
2.036046278850283898e+03 4.020623373174768494e+04 2.250000325445881390e+04 7.822174098276080258e+03 9.297178385124778288e+03 -7.532000434019111026e+02 4.755546102141225674e+03 3.423671448438545667e+03 1.304879088529867659e+03 7.055561498733740336e+03 1.715956946169779621e+04 4.218660601124673121e+04 1.254071411345688102e+04 4.801484840380299829e+03 7.430378973698902882e+02 1.791485901653734345e+03 2.321257774614842674e+03 5.654302465672973312e+02 1.183041528450252144e+03 1.038545711991970109e+02 6.725353443704930214e+02 5.932500541461407693e+02 9.639663539108757959e+02 1.330563467274089135e+03 1.171524652814858655e+03 1.103480330530272795e+03 7.214417884500718401e+02 7.761187397432438502e+02 3.793352421402435084e+02 2.987204139589253487e+02 4.994632950282468300e+03 8.161030361126600837e+03 1.719008389449593960e+04 4.611957325240685168e+04 1.443741797052657057e+04 -9.483240589898414328e+03 -6.188313593037277315e+03 1.564646039163769456e+04 1.173297237333573264e+02 6.062689581356862618e+03 6.853310861409014251e+03 3.190522330854488246e+04 1.184998505873454633e+03 4.070940309583626231e+02 -2.597663814593686311e+03 3.670350258746433155e+03 5.378975162881436518e+03 3.996054227842139994e+02 9.231276657276258391e+01 8.269294844818840602e+02 2.263264641969198237e+03 -3.307557061914830001e+02 1.184471352718661819e+03 -5.167904599064562490e+02 7.422781293944733534e+02 -1.268512089296167034e+02 2.013991429311585080e+03 1.358723178044478345e+03 2.424030048114934459e+02 1.966982002581204142e+03 -3.114392797215148312e+04 -5.189945196176876198e+04 8.211957500858206186e+04 3.102424484466602007e+04 -4.805390656753368603e+03 -3.906881526403243242e+03 4.238100649236271238e+03 2.497096959917740969e+04 6.578906932231346218e+03 1.567882512628013319e+04 1.400776663336248475e+02 2.542134065217271200e+03 -1.605595361034112557e+03 1.186876815384585370e+03 2.371901554586661860e+03 2.973138555491608258e+03 5.332920161994916270e+03 1.697855211228946473e+03 -3.705746503901601159e+02 2.672941920709085935e+03 2.438101474602635221e+02 7.189570665610918923e+02 3.104489398019087730e+03 -1.119136664615137533e+03 7.064466408564882158e+02 -3.017509363484860842e+03 -2.614790841706488891e+02 1.807492143788980911e+03 -6.146037113940751624e+02 -1.033409742552280250e+03
-6.877546416268569374e+03 2.169527762449338115e+04 -1.268132916494025449e+04 4.490968193935957061e+03 1.060633080183095444e+04 2.621668179615629469e+03 5.480329143930120154e+03 5.271880227268460430e+02 8.078930855280223966e+01 4.720699731716119459e+03 5.233832727216012245e+03 1.254071411345688102e+04 3.363977616446342290e+04 9.803053531789684712e+03 3.265004651694809127e+03 2.155898817242334189e+03 2.903870417337237086e+03 1.661947729662585971e+03 1.835570596729398858e+03 1.331674519093416393e+03 1.280782986251754892e+03 1.313615284448369266e+03 1.098271048963347766e+03 7.709386238514150591e+02 1.107047271696059397e+03 1.327984822097281949e+03 3.195266166631794249e+02 3.254232915389882805e+02 2.922890659809173144e+02 3.769154348194246609e+02 7.525471943889920658e+04 2.880593812839766542e+04 -4.143512936432553397e+04 1.068493904364336231e+04 8.828832783983032641e+03 -1.534355551120987911e+04 1.788636451061317132e+02 1.483370045207723888e+04 -2.977191970694252632e+03 3.812874738188353604e+03 -2.419755670209214884e+02 5.545511383246291189e+03 1.646028844808257418e+04 -1.118401395728634270e+03 -3.456539943207183114e+03 -3.254057835892814410e+02 1.502910933539597409e+03 -8.565617891461603222e+02 -1.769934081455969817e+03 -3.123844306400861228e+02 7.284856052674398370e+02 -1.841038956145080192e+02 3.605075596157293489e+02 -6.126292772363729000e+02 4.011119034645756898e+01 -5.425442653825515436e+02 -1.920531148653347131e+01 3.926323913713878255e+02 3.688632178264745676e+02 5.238504844246126595e+02 -1.418226426194055603e+04 1.059841587784727199e+04 7.850160143047726706e+03 1.894271339612237716e+04 2.506965737173592788e+04 -1.471728347624975868e+04 7.835380580061172623e+03 6.116427829791668955e+03 1.013504259935172740e+03 4.398501386470897160e+03 -2.441883288745827031e+03 7.290646244137194572e+02 3.311473963665550855e+03 -6.323967925797513999e+03 -2.387625985425080216e+03 -4.441511419660296838e+02 8.993206339745121340e+02 -9.768580236504384402e+02 -1.596317869504885266e+03 1.914805258657398781e+03 -1.802970755213635812e+01 2.203445333249030227e+03 -5.537551890966499286e+02 -9.067718593455016389e+02 -6.559628496731543237e+02 -9.359964537270442406e+02 -2.451805604341399771e+02 -1.310005077026586093e+02 -1.778011127313807265e+03 7.553263181602529812e+02
-7.915355852746513847e+03 3.379299994133067958e+04 2.549700953975116499e+04 6.623279304791692084e+03 1.555593666575110183e+04 1.745969684605046859e+04 5.344247283790583424e+03 5.411959808278590572e+03 3.278591710700393378e+03 5.312568733934633201e+03 4.936435516967557305e+03 4.801484840380299829e+03 9.803053531789684712e+03 2.619503556426613432e+04 6.651427479586146546e+03 2.377266368423374388e+03 2.338991099093320372e+03 1.774573634707157680e+03 1.999916488319148812e+03 1.633266711383996380e+03 1.172723297726535293e+03 2.061396351816768401e+03 1.742337238801734657e+03 7.946505747196905531e+02 7.384103792297941027e+02 4.375424334607453716e+02 4.668137862264968589e+02 2.953393674204203307e+02 2.251468379653802572e+02 2.800072039933816654e+02 3.321384903242278961e+04 -9.164615641396798310e+03 -1.539495598712655737e+04 -2.225520305716438088e+04 -3.442695769798695437e+03 8.881138622981678054e+03 9.125522184566125361e+03 -3.092526165508848521e+02 -3.741806973618575398e+02 1.227672371378503158e+03 -6.093217931118342676e+02 2.085092389232699134e+03 1.732902812615585162e+03 1.395924810092331609e+04 1.577986070757684047e+03 -1.176045511178956076e+03 2.009184711866058706e+03 -8.570362126723838401e+02 1.568878356460999157e+03 3.926963001321339561e+02 2.271316688310347217e+03 4.344612570119745669e+02 2.063344323012800601e+02 -1.495130030734100899e+02 7.911504942355451249e+02 2.716904323607953984e+02 -4.414709021921733552e+02 -4.070989929630326856e+02 -1.740316166840515962e+03 -9.233708524354077554e+02 -3.440585969363769254e+04 -6.382525852128183760e+04 7.050352658941259142e+04 8.768227805268419615e+03 9.147794530728931932e+03 -9.005100506846343706e+03 1.456938018570278837e+04 3.717059803885522911e+02 -1.992830163933879930e+03 -7.579294535531948895e+02 -1.161428695652339229e+03 -3.095233062604851057e+03 -7.233097912856887888e+02 -2.625606359568606649e+02 -1.912885150779473634e+03 -9.457684164426997313e+02 -1.439418003697175664e+03 1.350927710165407234e+03 7.165968620977387218e+02 -1.959427260945808484e+03 2.270254697968528035e+02 5.169012125435237976e+02 -3.363730667726680394e+02 -2.295055266658850087e+03 1.322852041466231867e+02 7.652956003718297779e+02 -4.316393326600057208e+02 -6.624707015255980025e+01 -7.783142935003183993e+02 1.696865452769684737e+02
1.822722839507756726e+04 4.920115100503587018e+04 1.928694447007702547e+04 4.234181401413484309e+03 1.292047606262065165e+04 1.204738035408905489e+04 7.216644423472080234e+03 5.076003995460991064e+03 2.736622769020754731e+03 3.770619214981248206e+03 1.555020717542766306e+03 7.430378973698902882e+02 3.265004651694809127e+03 6.651427479586146546e+03 2.101796481841117929e+04 6.923637265604889762e+03 2.515569425745801709e+03 7.689779416694583460e+02 1.664591473259592931e+03 1.593966690421419798e+03 1.273233268722535513e+03 7.786316634044744660e+02 1.473296840528818166e+03 1.032836393499448832e+03 6.822196818011126425e+02 5.907282024996766268e+02 5.363698766068104078e+02 2.215707886600763175e+02 5.062192279848439398e+02 3.417871444439259676e+02 2.526556901563772772e+04 5.497255901676524081e+04 1.990527127463711440e+04 -2.390623544463479993e+04 1.682746460754531654e+04 1.337942038174936351e+04 2.800848440426827437e+03 -1.150244624761226305e+03 6.632347214460924988e+03 1.519853923758239489e+03 -1.722518955797255558e+02 -2.219191652139932103e+02 2.405108770953941530e+03 3.546673995550935615e+03 1.382079677822123995e+04 1.306504589004591708e+03 1.967265846412874907e+03 -2.456043035238617165e+02 7.530369785783078669e+02 1.151216417059282321e+03 1.120594418883209983e+03 -8.158539464786322526e+01 3.663246895328669552e+02 5.295174406398966482e+01 1.640698143664045574e+02 2.045077507715628542e+02 1.383029891124430435e+02 -3.272331631465754640e+02 -1.912887937605629077e+03 -1.212868096740066676e+03 -3.660695794177285279e+04 -3.912246609770946816e+04 7.371810570291863769e+03 1.557584717267316955e+04 1.283695590292194356e+04 -7.627120915650079951e+03 -1.295757686488765830e+04 -4.980125467270687295e+03 -1.491585790932965210e+03 -7.547568960333410359e+03 -3.549878686623465285e+01 5.046260915782757479e+02 -1.365459790810269624e+03 2.382891560750560075e+03 5.266571338815640956e+03 -4.201174738379369046e+03 -1.616202792591962634e+03 3.068683046125063925e+02 1.949758378341843809e+03 -1.260872160440503649e+03 -1.018461093135131819e+02 -1.392260353908422132e+02 -2.326535937565987297e+03 -9.209358923812017110e+02 8.289539154270784138e+02 1.090890907540476974e+03 -3.330458560540698727e+02 4.938583015236569054e+02 8.359844577477801977e+02 1.000206932253398463e+03
-6.249683344812230644e+04 -6.944557675965455019e+03 2.608286542842939525e+03 5.051414575637550115e+03 1.013108615981387084e+04 1.031278268141995250e+04 5.456297268631410589e+03 3.080270545742038394e+03 2.134326374070780275e+03 3.178101061447850952e+03 2.440453086060354508e+03 1.791485901653734345e+03 2.155898817242334189e+03 2.377266368423374388e+03 6.923637265604889762e+03 1.661755732300087402e+04 5.017356419375576479e+03 1.703587848052398613e+03 1.784431797232785129e+03 1.568001049336440929e+03 1.446466622389001941e+03 1.140937296898415298e+03 1.097964771298482901e+03 1.040790711179528216e+03 8.169455783071745145e+02 1.085407005996923090e+03 7.389506331848708669e+02 6.823988394771888579e+02 3.603921910117529137e+02 4.712877552794469693e+02 -3.347995546526594262e+04 1.877863232838129261e+04 4.640984076262790040e+04 2.535965978000319592e+04 2.248591295834843913e+04 1.674770605571032138e+04 8.282426222102005340e+03 3.307030924798675187e+03 3.687424174349069744e+03 -1.001290374760316354e+03 2.249752391711659129e+03 2.267557227372218222e+03 4.971482848899595979e+02 -9.456381692692380057e+02 3.958920366526086582e+03 1.032921908030820850e+04 1.789624254617708630e+03 7.306968346333430873e+02 8.603451922356975956e+02 -1.548914063981840457e+02 2.188133214130942008e+02 -1.054816250459742150e+03 3.321702760634149740e+02 2.333771888261937306e+02 9.255527173603038591e+02 -5.526644679302510212e+02 5.376923007824193519e+02 6.172909621797450086e+01 -8.725229489933590230e+02 -4.339041903310133108e+01 4.729284345513090557e+03 1.010430552100802197e+04 5.268548907240286098e+03 1.638389587315755989e+03 3.285744594884525668e+03 -4.897379577261636996e+01 1.859063102819737196e+03 -5.011582011257178237e+03 -6.688906913609882565e+01 1.937517312218938514e+03 9.598838472790793048e+02 -2.699257990681460797e+03 -4.562811251455347701e+03 -2.139143474567788871e+03 7.399138615900574223e+02 8.044000499667074564e+02 -2.511058347016624339e+03 -1.560209312849933440e+03 3.872286904018258156e+02 -1.301760445058252344e+03 -5.467917929781036719e+02 -8.598919178188956494e+02 -1.242307385592998799e+03 -1.662384443072106023e+03 1.875995223099723717e+03 2.033797185147464575e+02 2.305210992527807150e+02 9.158436591091856371e+02 1.341984566738617559e+02 1.585939787903655770e+03
-4.667734166323803220e+04 -1.360921049668267005e+04 9.799945797815777041e+03 3.817329092580514953e+03 1.079746844311987843e+04 6.863488068235190440e+03 4.414175696871057880e+03 9.426900301140999545e+02 2.487245589537635169e+03 1.761063775980682294e+03 1.037295510861698631e+03 2.321257774614842674e+03 2.903870417337237086e+03 2.338991099093320372e+03 2.515569425745801709e+03 5.017356419375576479e+03 1.353468478545170183e+04 4.586344483308605959e+03 1.876132045191056477e+03 1.325594569055269858e+03 8.795743105623512292e+02 7.948203980005024505e+02 7.490008995190775067e+02 7.065119764824321464e+02 8.736853331519397443e+02 8.523308164480774849e+02 2.826238041394078664e+02 2.667509499755688012e+02 3.314734855153888020e+02 2.196402600755369861e+02 -1.190958140944526531e+04 -1.190989136486488633e+03 8.171224038776151247e+03 1.670443265833157420e+04 2.608003401530071278e+04 1.065107313043791146e+04 2.166949900129337493e+03 6.072411192332319843e+03 8.378945501976160813e+03 3.064507246405112710e+03 4.520975272098490677e+03 2.887100200186493566e+03 2.023022521857973061e+03 7.727456963351182821e+02 3.891151575575757761e+03 2.415613499206015149e+03 6.595840074710647059e+03 1.317256718123682958e+03 9.786790595057891551e+01 7.407006242387339512e+01 4.953350027013559043e+02 4.366170655991330705e+02 9.907314151241236004e+02 8.074303209198325249e+02 2.493891306663678904e+02 -1.311590148074861588e+02 6.588776825714480765e+02 -5.748715046044122090e+01 2.555870686642977887e+02 -2.952364178546783933e+02 2.786139836413766898e+04 1.348993446912914078e+04 -1.950393888718922244e+04 -2.251797852391449123e+04 1.283506337776786131e+04 -6.742252126826806489e+03 -3.707108741664148511e+03 -8.220783420947321929e+02 2.220777210733549964e+03 1.792490197322409585e+03 6.584457728731358657e+02 3.122787690207325113e+02 2.875633071947065218e+03 -1.116191024484865693e+03 -8.549704204235893030e+02 -9.015199488320289447e+02 1.068203388649810449e+03 -1.615244533054882595e+03 -1.561827994043928584e+03 6.003698744458419014e+02 -1.298087918029533512e+03 -5.737841311785520020e+02 -8.672189069546986957e+02 -1.760701212676631030e+03 -3.444856197760289547e+02 8.865495029632664910e+02 -2.182780139534748187e+01 -2.792862240359437820e+01 2.274563897453167982e+01 7.510922464164759731e+02
