6.801697370508122444e+08 1.625870833725522757e+08 4.729307063235471025e+06 9.780265206514870515e+05 3.351145421417232137e+05 2.425938620159790851e+06 2.432866883072014898e+06 2.050376456445588265e+06 1.527461803638785204e+05 9.865367851150293063e+03 -1.043955613600492943e+05 2.156999157767583674e+05 1.013739589194366563e+05 5.836865249278072733e+05 1.463896894850884273e+05 1.332891121188223187e+05 2.918760033841912518e+05 3.781934663376420503e+05 5.126583892123386031e+05 7.592228591583390953e+05 1.944233850022369297e+05 9.764401522425076109e+04 2.094985605831897992e+05 -3.340932476593627507e+04 2.293462703742845915e+05 1.703854983127059240e+05 2.423581919935231563e+05 2.626802636073080357e+05 1.177526719774383382e+05 8.265081236534118943e+03 4.555083811030095220e+08 1.243272595526247174e+08 -8.481481906308731064e+06 -1.866633303195081884e+06 2.543803338496143464e+06 3.315704913342386950e+06 1.648381548070620513e+06 5.339908062907919288e+06 -1.564439186714597745e+06 6.936262210729360813e+05 5.471478379551975522e+05 1.374941049834206002e+06 -1.255631137200291036e+06 2.571939771357987192e+05 6.894281644253917329e+04 -8.007574629780821269e+05 -7.527946104133898916e+04 -7.523594436833461514e+05 6.597990753927425249e+05 3.035600272110183723e+05 1.552202217776394682e+05 -2.637538657472792547e+05 4.392473129593637423e+05 1.824353495774483308e+05 4.087224918048580876e+05 2.477154318907616544e+05 3.761978493532480788e+05 2.963205385236093425e+05 4.095682256187731400e+05 -3.335580852780861314e+05
1.625870833725522757e+08 2.621714806041150987e+08 5.614648433553860337e+07 5.850644315070683137e+06 5.406109545319373719e+06 7.862966328437069897e+05 2.069435151419567876e+06 1.162999650874177925e+06 5.951130311278486624e+05 9.596813016524706036e+05 4.203939781230233493e+05 1.108456578708744142e+06 4.855971868526372709e+05 7.536032155239597196e+05 5.086876834613389219e+05 5.016694781841041986e+05 5.153426752086086781e+05 5.669612554136395920e+05 1.979687578001328511e+05 5.391619345991725568e+05 4.111460313532208675e+05 1.390494789079553739e+05 2.855659369318744866e+05 4.652390531196212396e+04 2.170426380589030159e+05 1.922221124564969214e+05 2.578011260578139627e+05 1.408708432851638354e+05 8.082198696763050975e+04 1.377750846246113651e+05 1.616254588603471518e+08 2.981158231860647202e+08 5.525093196118889749e+07 1.409108618032953236e+06 6.342898972198320553e+06 4.391565113631078973e+06 5.070251794257738627e+06 3.416939661500390619e+06 -6.233054250334195967e+04 5.186551524293461116e+05 1.302494354788720841e+06 1.957831704141090857e+06 -3.438785165744313854e+05 5.524412789632716449e+05 1.260742009242915228e+05 -2.843587393889426021e+05 2.313183677664931456e+05 1.206497521682254592e+05 -2.154093758826840203e+05 4.539496105433476623e+05 5.589729758598906919e+05 -2.255952132237638289e+05 7.111014940740653547e+05 1.176120744841133710e+05 3.996364437813693075e+05 3.163296292260189657e+05 4.531245011308593093e+05 6.503042424582524836e+04 1.343086014080023451e+05 1.158204585902624531e+05
4.729307063235471025e+06 5.614648433553860337e+07 9.876365216246908903e+07 2.109611546599628031e+07 4.225229530383592471e+06 1.047150124000400974e+05 -2.090620927822317753e+05 2.212172519083334773e+05 -1.723946748984070291e+04 3.880257570621519699e+05 1.438930896592923091e+05 3.646079059132035472e+05 1.982467445901990868e+05 3.955811437118709437e+05 3.559962105220775120e+05 5.120164546791886678e+05 4.757503609651410370e+05 3.823337473538198974e+05 1.963768039298472286e+05 2.144512999979223532e+05 1.809186978528747277e+05 9.321275899449545250e+04 1.822746743592615239e+05 1.442761679559144832e+05 2.190451334406799288e+05 2.104431742249637609e+05 1.234835462003768625e+05 1.249034555597395811e+05 7.507009732799587255e+03 -1.085448031017646645e+04 8.104068107848993503e+06 7.702048442855563760e+07 1.308928547095208615e+08 3.008097195503604040e+07 5.657256545764374547e+06 1.676986326168800239e+06 3.803082122088278178e+06 1.524092992740124231e+06 1.974067503191799333e+05 1.128630550580322044e+06 1.005015297909350717e+06 7.048800428771363804e+05 -5.423202945599929662e+05 1.808980117736110988e+05 -2.750229560463101952e+05 -7.092844246786598524e+04 2.479271916508483409e+05 3.220943957056346117e+05 1.148776493322649476e+05 1.637249723833007010e+04 7.864028755523065047e+04 -2.051028139143591397e+05 3.266402069575878559e+05 7.260553330711723538e+04 3.969688732721757842e+05 4.384136984103794093e+05 1.889035133083076798e+05 1.086662037137529405e+05 5.794216193668980122e+04 1.929321656871268642e+05
9.780265206514870515e+05 5.850644315070683137e+06 2.109611546599628031e+07 4.071006481321155280e+07 9.750526913653422147e+06 4.662211211637669476e+05 8.656971215424763504e+05 3.292920210902547842e+04 3.195808096209869254e+05 1.109312660476644487e+04 4.768694477702807635e+05 5.465216823349288898e+05 3.716484958567830035e+05 3.696647076472101035e+05 5.521444719964168326e+04 3.409827211736059398e+05 2.136591212556847022e+05 1.965012254132108064e+05 1.009991726280249859e+05 1.116082722123268468e+04 8.877530424874254095e+04 7.929117510274068627e+04 2.492858388769562339e+01 7.441175793709457503e+04 5.712676037025948608e+04 1.453494170455810090e+05 6.509792981661177328e+04 9.994486587798356777e+04 1.880859169547061174e+04 3.319021293012023671e+04 1.566526559260885976e+07 1.611361191565687954e+07 2.811710968914225325e+07 6.003007568585624546e+07 1.243370390995871462e+07 1.133782837227643467e+06 2.848445045648675412e+06 -3.581476218586760224e+05 -1.592632313222701305e+04 -1.716257101745128748e+05 5.054053127549038618e+05 5.750929475703876233e+05 6.906528605460864492e+05 6.178911343865069794e+05 -2.779926366514536785e+05 1.026061822449753818e+05 2.280823597817761183e+05 1.053344086964027229e+05 7.243346085341356229e+04 -3.886502425427056005e+04 1.926531023864689341e+05 2.017004497883126314e+05 -4.275917902353944373e+04 9.845258661067312642e+04 3.271909346336318413e+04 2.422963886393895955e+05 1.951924980896308844e+05 1.228452828646429261e+05 3.853804117135991692e+04 6.091237522614068439e+04
3.351145421417232137e+05 5.406109545319373719e+06 4.225229530383592471e+06 9.750526913653422147e+06 1.637734032383126579e+07 3.194884255315957125e+06 -7.832012220953526594e+03 -6.980356539634594810e+04 2.450288782937394863e+05 6.847459641547931824e+04 2.633339006539178081e+05 5.167475709915285115e+05 3.188973392627241556e+05 1.732082918480076769e+05 1.092030256511630432e+05 1.439622366645579168e+05 1.394130826759159972e+05 2.554452276347454244e+04 4.998563415847814031e+04 8.812226621951727429e+04 4.060870197235650267e+04 5.386571074677519937e+04 5.563842840913040709e+04 3.815446086291346728e+04 4.376732731699344004e+04 -5.330820614329003547e+03 1.449495958019768841e+04 1.316247423988796254e+04 -3.236941813387393267e+03 1.548193762566897931e+04 1.152646150224610697e+06 4.940122980301772244e+06 4.252405352470722049e+06 1.309347982785636000e+07 2.282429453610954434e+07 3.613396882569928654e+06 2.851715304041200434e+05 -4.459198913073739968e+05 5.327747474803744117e+05 1.304401832679948566e+05 3.200372529667476192e+05 7.216107994930975838e+05 6.597735904491454130e+05 3.176532299274143297e+05 2.171346201084326094e+04 1.219054527581473958e+05 1.296668347254032269e+05 9.817983149706869881e+03 7.471753420558628022e+03 1.420456896655919845e+05 1.584499821757424797e+05 1.668013086061395297e+05 5.711682102251354809e+04 1.122943577166074247e+05 1.605387818628075183e+05 9.353789161999162752e+04 5.000832504681900900e+04 -3.527191956280897284e+04 -8.294644622339137641e+03 8.672737268884404330e+04
2.425938620159790851e+06 7.862966328437069897e+05 1.047150124000400974e+05 4.662211211637669476e+05 3.194884255315957125e+06 8.286423623818844557e+06 2.309501370837209746e+06 2.378519966470717336e+05 2.248393035064526484e+05 2.143262980883552227e+05 1.944434097621100664e+05 2.922561028067566804e+05 2.058098852264536836e+05 1.472219778551156342e+05 1.387102054104503768e+05 1.666944199588461197e+05 1.295041646742052690e+05 6.751417769159610907e+04 6.949646484243532177e+04 4.849546610305696231e+04 1.549866925336316308e+04 1.307832954515590973e+04 4.813764914409550693e+04 2.118961931040860509e+04 6.236363873993518064e+04 4.144860977317234938e+04 3.593492087261592678e+04 -4.826058641857690077e+02 1.917003858438041789e+04 7.398677575965494725e+03 1.137666849364193622e+06 -5.849256937085496029e+05 -1.023891382453392958e+06 1.946826386675701942e+05 3.932540899016627576e+06 1.184506791050624475e+07 3.700896169358223677e+06 1.586199871456709516e+05 1.313059755814923556e+05 5.655013173800594814e+04 8.749310080133042356e+04 4.850471438877312467e+05 2.451102058494173980e+05 4.499934167652369069e+03 6.664060822449502302e+04 1.426446654226510145e+05 5.514686056920744886e+04 9.997172000528080389e+04 1.278771560689179023e+05 1.456157344502869237e+05 1.059604748644267092e+05 3.634533675774469157e+04 5.294148142518968962e+04 5.378831144776666042e+04 6.249988483688123961e+04 7.487460853168911126e+04 7.397609180483332602e+04 2.785694418542023527e+02 6.375780279459357553e+04 3.628018284555510036e+04
2.432866883072014898e+06 2.069435151419567876e+06 -2.090620927822317753e+05 8.656971215424763504e+05 -7.832012220953526594e+03 2.309501370837209746e+06 4.966207932382226922e+06 1.237459556697163498e+06 8.821435020246449858e+04 5.635665971688302670e+04 1.610887885910830810e+05 1.863768629730516113e+05 1.437287444918399560e+05 1.915215901478979504e+05 1.615365789893936599e+05 9.664030360077010118e+04 1.282168280716939043e+05 1.223232936150700407e+05 4.322725183334200847e+04 4.701015368622213282e+04 3.239231129606770628e+04 3.695421395677274268e+04 3.677274356616242585e+04 1.473330070244401941e+04 3.832596962461664953e+04 3.759562767160009389e+04 4.242925787131713878e+04 2.640789749581812066e+04 3.566506661176142370e+04 2.900575862909419448e+04 1.463390598584113177e+06 2.197548505768202711e+06 -8.222919841577655170e+05 1.112456344486485235e+06 -1.204857101225407096e+06 3.832777316829818767e+06 7.434728335654958151e+06 1.425730160431369208e+06 -1.777518332127387112e+04 -9.465085682982295111e+04 1.148660356183114054e+05 3.422819139513898408e+05 1.099910743598856207e+05 2.388767394329755916e+05 1.941651627843632305e+05 1.032681109148745163e+05 1.088001110400487378e+05 1.452193440351451281e+05 2.895294639859200106e+04 4.557393978826155944e+04 4.468411465662274713e+04 6.113276155407829356e+04 2.022715858210071383e+04 3.320221565309829020e+04 2.625214125825277733e+04 5.050848274339944328e+04 8.322274379126989515e+04 6.535896950909086445e+04 7.064448031722828455e+04 3.239484011482147616e+04
2.050376456445588265e+06 1.162999650874177925e+06 2.212172519083334773e+05 3.292920210902547842e+04 -6.980356539634594810e+04 2.378519966470717336e+05 1.237459556697163498e+06 2.773948203618134372e+06 6.919374748178599402e+05 1.798392748999127361e+05 7.321148573747236514e+04 1.453690837696424569e+05 7.678002546604508825e+04 1.061626443537260493e+05 1.181552612456281640e+05 8.865560116422080318e+04 5.023397907213719009e+04 7.317737542536651017e+04 6.019753266821575380e+04 4.570191240326083062e+04 2.374317383957419224e+04 3.561431393879933603e+04 3.308238331051924615e+04 2.959827551163745375e+04 1.389420411949522895e+04 1.178948546906919728e+04 2.638511561337710737e+04 2.086446530779197565e+04 2.683103556625681449e+04 2.987991175237355492e+04 -1.849907599243761215e+05 -1.145218177884553188e+04 -3.475975114617969375e+05 -9.261447020153753692e+05 -7.760472122040678514e+05 4.927867420743487892e+05 1.805430347017922206e+06 3.953294532364342362e+06 9.486450611925864359e+05 3.167917068303023116e+05 -4.247572120818983421e+03 3.576404113814801094e+05 5.571462758612108883e+04 1.829120930713226553e+05 1.828527429192815034e+05 7.123806424287166737e+04 -7.174105919702819847e+03 7.924004977811186109e+04 8.236493035560558201e+04 6.560355572519182169e+04 4.315160120856132562e+04 3.559211998810335353e+04 -1.186087328947228889e+04 3.104977808192280281e+04 4.801809803360656952e+04 2.256519436415098608e+04 4.410559624041696952e+04 6.219757693144852237e+04 2.951219026031438261e+04 4.002410759506472095e+04
1.527461803638785204e+05 5.951130311278486624e+05 -1.723946748984070291e+04 3.195808096209869254e+05 2.450288782937394863e+05 2.248393035064526484e+05 8.821435020246449858e+04 6.919374748178599402e+05 1.691180652022262802e+06 4.916383942931281636e+05 6.696498993448652618e+04 1.139281608349541784e+05 5.142350881294604915e+04 6.969200409896032943e+04 1.000479213868390361e+05 4.692518728169646783e+04 1.746051205656830280e+04 4.544597442219575896e+04 3.682286900931620767e+04 2.695772182934193188e+04 4.295120035512977483e+04 2.908330620923401148e+04 2.449881573060774826e+04 2.230613624277943018e+04 6.495691551468151374e+03 1.198439979017142468e+04 6.053098028894511117e+03 1.098973227596691686e+04 3.046251939330156802e+03 1.723935938895389700e+04 -1.159877784977296833e+06 8.766251200000014796e+04 -9.679766530186684104e+05 8.589138415578345302e+04 -3.215528644600791085e+04 4.428648262342466041e+05 4.110554107960921829e+05 1.106217428325405112e+06 2.463704429187002126e+06 6.653258526919744909e+05 -2.698619215850282126e+04 1.647881745928548044e+05 4.611334006304360082e+04 5.173882170192089688e+04 9.560857463173293218e+04 3.113890104394764057e+04 2.160347503283498099e+03 3.008309478784571911e+04 5.924823003699999390e+03 2.152382373728386665e+04 2.148837744334231320e+04 2.409507485767811886e+04 8.457597854775280211e+03 6.232320546044514049e+04 2.066423242430034588e+04 4.123265456457543769e+04 2.476629323096841836e+04 2.856857152979999955e+04 -1.142007479489413527e+04 2.490537972676108620e+04
9.865367851150293063e+03 9.596813016524706036e+05 3.880257570621519699e+05 1.109312660476644487e+04 6.847459641547931824e+04 2.143262980883552227e+05 5.635665971688302670e+04 1.798392748999127361e+05 4.916383942931281636e+05 1.132409918406919343e+06 3.104983737230516272e+05 1.030393733620479616e+05 5.573149793097341899e+04 3.847666418582935148e+04 8.254477406840506592e+04 3.976924677404197428e+04 3.744677844958342757e+04 4.686461085210452438e+04 3.755515199340269464e+04 3.020814245730186667e+04 3.168480975424663120e+04 3.488531790761652519e+04 2.838172473448270466e+04 3.427906041743484093e+04 1.781764636608465298e+04 1.412112325262438389e+04 2.150180722958787373e+04 2.310289330879489717e+04 1.657013123606868248e+04 2.147270158530085610e+04 -6.371510499780692626e+05 3.569902554738071194e+04 -3.488731034971975023e+05 3.316386431603502133e+05 1.528994945305517176e+05 3.338112470310099307e+05 4.238876060961715411e+05 5.295080165161626646e+05 7.752503336413997458e+05 1.623558177136217244e+06 3.823292629719861434e+05 7.284061295758857159e+04 5.143037166396254179e+04 7.243619213835019036e+04 1.146734339887290407e+05 2.365951470853587307e+04 -1.473590833782142363e+04 -6.458600149873580449e+03 3.413380956011583476e+04 2.256596812992384730e+04 3.391653848950896645e+04 3.233713452385632263e+04 1.744184431474909798e+04 3.896667666144202667e+04 2.199727507407179655e+04 1.304717490587009706e+04 2.067676871473681604e+04 2.406633672570332783e+04 1.616454024603707876e+04 3.401778987092680472e+04
-1.043955613600492943e+05 4.203939781230233493e+05 1.438930896592923091e+05 4.768694477702807635e+05 2.633339006539178081e+05 1.944434097621100664e+05 1.610887885910830810e+05 7.321148573747236514e+04 6.696498993448652618e+04 3.104983737230516272e+05 7.408227902229535393e+05 2.204272153618209122e+05 6.096466375630784023e+04 3.831402588977960841e+04 5.392829775584318122e+04 3.972693291803449392e+04 2.984700308397224580e+04 3.998609856306686561e+04 2.647611742506387236e+04 2.657201277938110798e+04 2.405383560951241452e+04 3.205529807452405657e+04 2.835519347524375917e+04 2.454341762761021891e+04 8.612686349079629508e+03 1.341794042432699098e+04 1.616072230606235826e+04 1.658604191140200055e+04 1.332795761922036763e+04 1.358242654045278141e+04 -6.702214334000129020e+04 -4.372869426035988145e+05 -6.562303262055047089e+05 6.880328521460889606e+05 5.036600315225947415e+05 4.141116039053075947e+05 1.952698833624180988e+05 1.605457147024437436e+05 1.340228832945102477e+05 3.839740223238011240e+05 1.058266999602613971e+06 2.320739527827188722e+05 5.765807981162174110e+04 5.137015295002484345e+04 8.940113453526697413e+04 3.664039909839262691e+04 2.371343933285422099e+04 3.655813389780913712e+04 1.732081246308749178e+04 3.766965649581452453e+04 1.904695369967544684e+04 2.775073056975726286e+04 3.994764064113118366e+04 4.130399136879941943e+04 6.654726003250730173e+03 7.987305226662067071e+03 2.219657106692652451e+04 1.692738864265365191e+04 2.365589760156648481e+04 2.686818799537020459e+04
2.156999157767583674e+05 1.108456578708744142e+06 3.646079059132035472e+05 5.465216823349288898e+05 5.167475709915285115e+05 2.922561028067566804e+05 1.863768629730516113e+05 1.453690837696424569e+05 1.139281608349541784e+05 1.030393733620479616e+05 2.204272153618209122e+05 5.820866475733557018e+05 1.767692139785079053e+05 6.304736293050086533e+04 6.009562552378486726e+04 5.982413245551373257e+04 4.473963606549161341e+04 5.323185501596311951e+04 3.960336412215085875e+04 3.264829844797627084e+04 2.747325373461993149e+04 2.365189158270389453e+04 1.413789878301263343e+04 1.694277900459393277e+04 1.309843612818169640e+04 1.586901922943224054e+04 1.422398811646470494e+04 1.188821776372435488e+04 1.595632888795728832e+04 1.140361839867730851e+04 -2.670894270386783755e+05 5.392934056282467209e+05 2.665139700593986345e+04 4.597253120851360145e+05 5.742158539825971238e+05 2.780610588058946305e+05 2.045871528104476747e+05 1.924066207797130919e+05 1.517889303337028541e+05 1.040128085964876955e+05 3.313964141540186247e+05 8.303115021152179688e+05 2.114624719033988949e+05 5.062576318682502460e+04 9.999583113585393585e+04 9.954036075185355730e+04 3.404233175430695701e+04 6.727176382098010799e+04 2.673295052499598387e+04 3.177256192152748918e+04 1.984246114851388120e+04 2.740967071080069945e+04 1.364830426869300209e+04 3.228580051604822074e+04 1.949713886871589420e+04 1.729150236387092082e+04 3.638145674279244759e+03 6.093337208476062187e+03 2.860185621837238796e+04 1.807765972854525535e+04
1.013739589194366563e+05 4.855971868526372709e+05 1.982467445901990868e+05 3.716484958567830035e+05 3.188973392627241556e+05 2.058098852264536836e+05 1.437287444918399560e+05 7.678002546604508825e+04 5.142350881294604915e+04 5.573149793097341899e+04 6.096466375630784023e+04 1.767692139785079053e+05 3.856648105142790591e+05 1.290221174825833295e+05 4.405530551820003166e+04 3.338148342212410353e+04 2.723808771715972398e+04 2.555444481434406771e+04 1.628227515608455724e+04 2.277284859519104430e+04 2.004067599208206229e+04 1.770856469899641161e+04 1.802568714147566061e+04 1.344207628398379893e+04 1.236933302250304223e+04 6.669061781700643223e+03 8.716267369672921632e+03 8.522798063563341202e+03 5.458853883823186152e+03 8.854685117008148154e+03 7.894154476654320024e+05 1.137044900569317164e+06 2.121968951073836652e+05 4.762342888615821139e+05 3.554604851789973909e+05 2.048612704691561812e+05 2.905758707417626865e+05 5.917595112316895393e+04 6.309269687889300985e+04 1.059267462387976993e+05 5.910298852704688761e+04 2.264835808508906339e+05 5.476472320094201714e+05 1.679257641269060259e+05 5.807840070218784240e+04 3.301205436377323349e+04 4.201581555444939295e+04 2.580420942297906731e+04 9.141522199433082278e+03 3.840449558945737226e+04 1.779529731406871360e+04 2.304370209840616008e+04 1.630739267822474903e+04 3.022480847964810164e+04 1.455951709754337389e+04 1.101821670820808140e+04 8.147173308379672562e+03 9.129164312743583650e+03 6.812688131934563899e+03 1.462678816524894864e+04
5.836865249278072733e+05 7.536032155239597196e+05 3.955811437118709437e+05 3.696647076472101035e+05 1.732082918480076769e+05 1.472219778551156342e+05 1.915215901478979504e+05 1.061626443537260493e+05 6.969200409896032943e+04 3.847666418582935148e+04 3.831402588977960841e+04 6.304736293050086533e+04 1.290221174825833295e+05 3.078036292143525206e+05 1.015496423636911059e+05 5.380733205465209176e+04 3.450066525599985471e+04 2.816560104968609085e+04 1.348286759377502131e+04 1.383835024386222540e+04 2.072049187622993486e+04 2.431135611945377241e+04 2.173829496266061687e+04 1.050260529456323093e+04 1.141725161854466023e+04 1.232716871864542009e+04 1.393790250811297665e+04 1.277066523497589333e+04 5.646028891773489704e+03 1.032793841797125060e+04 1.245062826404899359e+06 1.666369127091599395e+06 6.907899735520085087e+05 6.179951191231238190e+05 2.676274922108622268e+05 2.143328840972306789e+05 2.847611689531026059e+05 1.077848198669076082e+05 1.361202066155504435e+05 7.811190150434005773e+04 -2.096973210881281557e+04 4.150019710987833241e+04 1.327867871976160386e+05 4.114557686440318939e+05 1.050073434823009884e+05 3.322622227010157803e+04 2.374060392791504273e+04 8.555105718002016147e+03 8.469679700587486877e+03 1.187490148769409643e+04 2.175690783989217016e+04 2.503405938844016055e+04 3.111932868211785899e+04 1.862126051462093528e+04 9.942558962776545741e+03 1.197625952668936588e+04 1.370221301130653046e+04 1.222691943039209946e+04 1.004114935914293892e+04 1.505908799782261121e+04
1.463896894850884273e+05 5.086876834613389219e+05 3.559962105220775120e+05 5.521444719964168326e+04 1.092030256511630432e+05 1.387102054104503768e+05 1.615365789893936599e+05 1.181552612456281640e+05 1.000479213868390361e+05 8.254477406840506592e+04 5.392829775584318122e+04 6.009562552378486726e+04 4.405530551820003166e+04 1.015496423636911059e+05 2.472311304962325958e+05 8.187332459381467197e+04 3.675516269643370470e+04 2.470273583121045522e+04 2.094563681145973533e+04 1.509346698313295565e+04 1.442378725589610440e+04 1.796799607381020542e+04 1.549540399895060727e+04 8.391318332407692651e+03 7.432272624417878433e+03 1.018357083612671886e+04 1.582099715907093014e+04 1.051691709750013797e+04 7.656105323868232517e+03 7.026834680234980624e+03 -5.431578091582256602e+05 5.643159739224315854e+05 1.503630067580319010e+05 3.811311261599463178e+05 2.675859600228321506e+05 3.804841530187671888e+05 2.958146178092352930e+05 1.852334871240170905e+05 1.626480468828406883e+05 1.119952022354293440e+05 1.370813844880107899e+04 4.603149684130496462e+04 1.053942136110657339e+04 9.284006372348371951e+04 3.255641998129927670e+05 5.481130586273784866e+04 2.080075170294145209e+04 2.243184481327002868e+04 2.329209573557442855e+04 2.119572341974370283e+04 6.078329062188120588e+03 6.273444605238128133e+03 6.999644092421694950e+03 5.365189505683419156e+03 1.255093048845981866e+04 1.356084495481162958e+04 9.892201240492870056e+03 1.408264386234708581e+04 1.506204867173836465e+04 1.170522181594628637e+04
1.332891121188223187e+05 5.016694781841041986e+05 5.120164546791886678e+05 3.409827211736059398e+05 1.439622366645579168e+05 1.666944199588461197e+05 9.664030360077010118e+04 8.865560116422080318e+04 4.692518728169646783e+04 3.976924677404197428e+04 3.972693291803449392e+04 5.982413245551373257e+04 3.338148342212410353e+04 5.380733205465209176e+04 8.187332459381467197e+04 1.911178812732226506e+05 6.110273101184214465e+04 2.570580581342073128e+04 1.920776738441410271e+04 1.354705999790755232e+04 1.557212824460250704e+04 2.231877427984223687e+04 1.762398345508856073e+04 8.693920985189140993e+03 9.853011354835411112e+03 1.510472012469766196e+04 1.478042234450979595e+04 1.316162327281642501e+04 7.862716605640552189e+03 8.135610502747411374e+03 6.237677321158533450e+05 9.957249614944396308e+05 5.516161831431026803e+05 4.963812193207591190e+05 2.134751075672064617e+05 2.242162814715345448e+05 2.238025513807411189e+05 1.631402241506985738e+05 9.276996196285731276e+04 7.286694837949350767e+04 3.429345849215906492e+04 7.738661934749166539e+04 1.905477144609836250e+04 3.689192294994089025e+04 7.094635417256991786e+04 2.373545966833981511e+05 6.943118954491970362e+04 2.763387363744971299e+04 1.387830331599420424e+04 2.408759039287556880e+04 1.216299368551600128e+04 1.620858182479382958e+04 2.180301026515778722e+04 2.199119579732667262e+04 9.878874873682420002e+03 1.492492829586716834e+04 4.536975762248382125e+03 8.442610242948630912e+03 7.137452964435458853e+03 1.047820536979571807e+04
2.918760033841912518e+05 5.153426752086086781e+05 4.757503609651410370e+05 2.136591212556847022e+05 1.394130826759159972e+05 1.295041646742052690e+05 1.282168280716939043e+05 5.023397907213719009e+04 1.746051205656830280e+04 3.744677844958342757e+04 2.984700308397224580e+04 4.473963606549161341e+04 2.723808771715972398e+04 3.450066525599985471e+04 3.675516269643370470e+04 6.110273101184214465e+04 1.513435271610040218e+05 5.664486781689967756e+04 2.091353952350292457e+04 1.645069707614531580e+04 1.301121681986313524e+04 1.668585425465396474e+04 1.099515055572586971e+04 1.136251854586834270e+04 8.917123206952308465e+03 7.958422789730811928e+03 8.938520849076230661e+03 7.402795707285788012e+03 5.745287296350447832e+03 4.125090079270563365e+03 3.141193427174569806e+05 8.677495218593620230e+05 6.924257913757590577e+05 4.385121329080879223e+05 1.949521813548085047e+05 2.058705606421785778e+05 2.311803057645185327e+05 1.251694632490623917e+05 7.864414143890920968e+04 6.558203190263228316e+04 4.406968335449679580e+04 7.337991515239524597e+04 4.118582857220994629e+04 4.258957537745716400e+04 2.582886313250332023e+04 6.644840068035690638e+04 1.958225169197177747e+05 7.277510389392625075e+04 2.948287459093117650e+04 2.519259761480849193e+04 1.904465651758157765e+04 2.191389354050383190e+04 1.575906550405132475e+04 3.010188369825887276e+04 1.589142380917909031e+04 1.567337447566831906e+04 1.019386283938855013e+04 6.340659104800036403e+03 1.066536866282294613e+04 7.047261224236401176e+03
3.781934663376420503e+05 5.669612554136395920e+05 3.823337473538198974e+05 1.965012254132108064e+05 2.554452276347454244e+04 6.751417769159610907e+04 1.223232936150700407e+05 7.317737542536651017e+04 4.544597442219575896e+04 4.686461085210452438e+04 3.998609856306686561e+04 5.323185501596311951e+04 2.555444481434406771e+04 2.816560104968609085e+04 2.470273583121045522e+04 2.570580581342073128e+04 5.664486781689967756e+04 1.310916755301601661e+05 4.583974311602501984e+04 1.698389353770938033e+04 1.324632236662705145e+04 1.617479047020070357e+04 7.153757834789063963e+03 1.263763012245441496e+04 1.046795027284839307e+04 9.078241010578647547e+03 8.405633618918580396e+03 5.715644546430865375e+03 5.458793641614483931e+03 4.099861586481260019e+03 2.456284245889993617e+05 5.859342221911748638e+05 4.197622620649118908e+05 2.854323365920067881e+05 -6.763177646276545420e+04 3.132641185202467386e+04 1.382887945204337302e+05 1.179847184739106888e+05 1.000457265560517844e+05 8.145860590008730651e+04 6.132924589931902301e+04 7.151052586444625922e+04 4.264514697535877349e+04 5.310194816389126208e+04 3.010421286194329514e+04 1.693670826214174303e+04 4.984343543248720380e+04 1.690636284940491896e+05 5.292038943539153115e+04 2.386685328947618473e+04 1.471032365498698164e+04 1.641685421024974494e+04 5.552736863141522917e+03 2.727039434337128114e+04 1.373173667063488028e+04 1.258769459112497134e+04 1.062162731380849982e+04 5.504110282503345843e+03 1.017171651357456722e+04 1.829944497385493378e+03
5.126583892123386031e+05 1.979687578001328511e+05 1.963768039298472286e+05 1.009991726280249859e+05 4.998563415847814031e+04 6.949646484243532177e+04 4.322725183334200847e+04 6.019753266821575380e+04 3.682286900931620767e+04 3.755515199340269464e+04 2.647611742506387236e+04 3.960336412215085875e+04 1.628227515608455724e+04 1.348286759377502131e+04 2.094563681145973533e+04 1.920776738441410271e+04 2.091353952350292457e+04 4.583974311602501984e+04 1.059545130207574693e+05 3.102880376832748880e+04 8.331067354288543356e+03 1.176995752410500063e+04 8.910808688542456366e+03 1.271101863757840511e+04 9.286683679101466623e+03 9.433497406449007030e+03 6.666697996683184101e+03 5.912620607793588533e+03 4.883046349978836588e+03 4.374551712935016440e+03 4.803773364135727752e+05 -4.448006960667571548e+04 1.765629714105273015e+05 3.544850189407147263e+04 -3.773974206867696194e+04 2.972730732548010928e+04 2.424989765454352528e+04 8.365464261065631581e+04 5.731990332325264171e+04 6.180762260397057980e+04 4.789655214370370231e+04 6.659866964985179948e+04 1.362003947485630488e+04 2.639575368377774794e+03 2.224849312526655194e+04 5.359884755941674484e+03 7.834045738302126665e+03 4.615393711714446545e+04 1.372917448470838426e+05 3.459603504885602888e+04 3.343839067774786599e+03 5.790394960257738603e+03 5.429025141741784864e+03 2.005235277545327335e+04 1.459795081669475076e+04 1.642979600585387016e+04 8.907776216716838462e+03 9.434356310836179546e+03 7.835186953537615409e+03 3.112366361324739501e+03
7.592228591583390953e+05 5.391619345991725568e+05 2.144512999979223532e+05 1.116082722123268468e+04 8.812226621951727429e+04 4.849546610305696231e+04 4.701015368622213282e+04 4.570191240326083062e+04 2.695772182934193188e+04 3.020814245730186667e+04 2.657201277938110798e+04 3.264829844797627084e+04 2.277284859519104430e+04 1.383835024386222540e+04 1.509346698313295565e+04 1.354705999790755232e+04 1.645069707614531580e+04 1.698389353770938033e+04 3.102880376832748880e+04 8.603138528185707401e+04 2.365875525811475381e+04 9.978481651225740279e+03 6.793867176882631611e+03 8.280077027525676385e+03 7.266747144273545018e+03 1.074472753385054421e+04 6.280064677200105507e+03 7.389719690775628806e+03 6.746171740002219849e+03 4.992054287826986183e+03 6.645164375563806389e+05 1.596789070639799465e+05 -1.899524111264770036e+05 -1.079956479118124989e+05 1.147965536155834561e+05 -2.913667319444846726e+04 4.627425987685265864e+04 9.821276560885692015e+04 3.008728676905340399e+04 4.485836277158249868e+04 5.056683558270917274e+04 5.493492175075114210e+04 2.337620974600996487e+04 8.932637548085558592e+03 2.212568738890316308e+04 1.142374810057890500e+04 8.713528268132016819e+03 1.626100653128088015e+04 4.415235803986994142e+04 1.154418242540045612e+05 2.257854145488026552e+04 8.603772502207977595e+03 8.596263775138459096e+03 1.627985144385548119e+04 4.318362729350925292e+03 1.715834531170858827e+04 7.333418360537682020e+03 9.705535639663674374e+03 1.254934397175904269e+04 9.018653971953353903e+03
1.944233850022369297e+05 4.111460313532208675e+05 1.809186978528747277e+05 8.877530424874254095e+04 4.060870197235650267e+04 1.549866925336316308e+04 3.239231129606770628e+04 2.374317383957419224e+04 4.295120035512977483e+04 3.168480975424663120e+04 2.405383560951241452e+04 2.747325373461993149e+04 2.004067599208206229e+04 2.072049187622993486e+04 1.442378725589610440e+04 1.557212824460250704e+04 1.301121681986313524e+04 1.324632236662705145e+04 8.331067354288543356e+03 2.365875525811475381e+04 7.135580165021966968e+04 2.336746595091664494e+04 9.815361389275640249e+03 8.962169134425230368e+03 7.835093788745023630e+03 6.204083070711444634e+03 6.269240195892015436e+03 7.080365001587972074e+03 4.999827067475924196e+03 5.456539219770428645e+03 3.530600575281657511e+05 5.047242581370936241e+05 2.753294276292149443e+05 1.952455680622922082e+05 1.027666316411320586e+05 -3.729035858801629365e+04 7.319064338917243003e+04 2.841715122894785964e+04 8.400132469185021182e+04 3.782816874242599442e+04 1.476074466661554834e+04 5.279536664081926574e+03 5.070076256340697910e+03 2.062932967803951760e+04 1.968880563268120750e+04 1.069746633466305866e+04 2.113318308093509768e+04 1.175228676705374892e+04 1.290230306757246763e+04 2.549313507423347619e+04 9.088197157047863584e+04 2.199495856535137864e+04 8.074331076264026706e+03 5.977507921863472802e+03 1.043269263721072775e+03 9.065516478414303492e+03 1.008309998697268202e+04 1.237705861692692088e+04 8.229466932150809953e+03 8.390906351861620351e+03
9.764401522425076109e+04 1.390494789079553739e+05 9.321275899449545250e+04 7.929117510274068627e+04 5.386571074677519937e+04 1.307832954515590973e+04 3.695421395677274268e+04 3.561431393879933603e+04 2.908330620923401148e+04 3.488531790761652519e+04 3.205529807452405657e+04 2.365189158270389453e+04 1.770856469899641161e+04 2.431135611945377241e+04 1.796799607381020542e+04 2.231877427984223687e+04 1.668585425465396474e+04 1.617479047020070357e+04 1.176995752410500063e+04 9.978481651225740279e+03 2.336746595091664494e+04 6.296305999588977284e+04 2.171876624649660152e+04 1.013066755593429843e+04 7.888921263651592199e+03 7.443736540699916986e+03 8.683521436256920424e+03 6.820864617395890491e+03 6.299875512570280989e+03 6.220812971295414172e+03 1.516781054002204619e+05 -3.302545309227926919e+04 6.340076354581092164e+04 3.071201429039555951e+05 1.276445598094888701e+05 -4.342113264866094687e+04 7.359214257171699137e+04 5.505458300801046425e+04 3.546325142992439942e+04 4.729181916209387418e+04 3.865499380954365188e+04 2.069453755630501109e+04 1.283315129712418275e+04 1.588327980095676321e+04 1.310653246333670040e+03 9.622018296658286999e+03 1.097354532614056552e+04 1.660745119447184697e+04 7.990283206337246156e+03 8.109297768447869203e+03 2.967061921059113956e+04 8.173436773403394909e+04 2.219140811738015327e+04 1.060650830494140428e+04 4.815476585087521926e+03 7.718595958948487350e+03 1.379166566614141811e+04 3.762863139506638618e+03 3.848613884717772180e+03 8.304001932383460371e+03
2.094985605831897992e+05 2.855659369318744866e+05 1.822746743592615239e+05 2.492858388769562339e+01 5.563842840913040709e+04 4.813764914409550693e+04 3.677274356616242585e+04 3.308238331051924615e+04 2.449881573060774826e+04 2.838172473448270466e+04 2.835519347524375917e+04 1.413789878301263343e+04 1.802568714147566061e+04 2.173829496266061687e+04 1.549540399895060727e+04 1.762398345508856073e+04 1.099515055572586971e+04 7.153757834789063963e+03 8.910808688542456366e+03 6.793867176882631611e+03 9.815361389275640249e+03 2.171876624649660152e+04 5.867717562065301172e+04 2.030496912692708065e+04 7.856489256786810984e+03 6.892842441545423753e+03 7.549255176993253372e+03 5.884099084682988178e+03 4.068672742866785939e+03 3.592157583090640856e+03 -1.890792026056035538e+05 2.548738875109108340e+05 3.162373182569900528e+05 5.293914224584718613e+04 4.377852453700779733e+04 2.078268900130442125e+04 4.173209129958883568e+04 1.928372126698691136e+04 1.963982683860009274e+04 3.387450985857001069e+04 2.677161611581953912e+04 8.131978725322793252e+03 1.341180222321835936e+04 -1.045606986358401855e+03 3.748238276887769189e+03 9.578973231030098759e+03 5.447922119552031290e+03 -6.338001925958975335e+03 6.208118676260124630e+03 7.982107045047576321e+03 1.026304195656918273e+04 1.843096515564933725e+04 6.943223313137081277e+04 2.318855377143156875e+04 8.276166704934386871e+03 3.118617020359048638e+03 1.066113747283046359e+04 6.576046090586498849e+02 4.861568111992209197e+03 7.489938243310280086e+03
-3.340932476593627507e+04 4.652390531196212396e+04 1.442761679559144832e+05 7.441175793709457503e+04 3.815446086291346728e+04 2.118961931040860509e+04 1.473330070244401941e+04 2.959827551163745375e+04 2.230613624277943018e+04 3.427906041743484093e+04 2.454341762761021891e+04 1.694277900459393277e+04 1.344207628398379893e+04 1.050260529456323093e+04 8.391318332407692651e+03 8.693920985189140993e+03 1.136251854586834270e+04 1.263763012245441496e+04 1.271101863757840511e+04 8.280077027525676385e+03 8.962169134425230368e+03 1.013066755593429843e+04 2.030496912692708065e+04 4.642171223291890055e+04 1.513376098550346796e+04 7.758868188795828246e+03 7.717532151437411812e+03 6.519617859589539876e+03 3.790797198114665662e+03 5.151612175757037221e+03 -3.673505392292245524e+05 -7.542697956254232849e+04 1.517922106122243858e+05 7.565823349044297356e+04 -2.914401406365271669e+03 3.249904527706004501e+03 2.366400595975798205e+04 1.933825088712388970e+04 3.239309469675564105e+04 5.038030729808140313e+04 2.793024777225971047e+04 2.676339153092892593e+04 1.420580191839687177e+04 2.812274400380591032e+03 1.864511869404200297e+03 3.206375894942460491e+03 4.040320186616660976e+03 1.023544858794503489e+04 1.356821679469440824e+04 9.992790254179557451e+03 6.560036573746572685e+03 9.874561030406959617e+03 1.813581459446870940e+04 5.785839740382740274e+04 1.418865492855073171e+04 1.002711507377286580e+04 9.674506039533331204e+03 4.275460450003511141e+03 1.986843786867512108e+03 7.488657565854933637e+03
2.293462703742845915e+05 2.170426380589030159e+05 2.190451334406799288e+05 5.712676037025948608e+04 4.376732731699344004e+04 6.236363873993518064e+04 3.832596962461664953e+04 1.389420411949522895e+04 6.495691551468151374e+03 1.781764636608465298e+04 8.612686349079629508e+03 1.309843612818169640e+04 1.236933302250304223e+04 1.141725161854466023e+04 7.432272624417878433e+03 9.853011354835411112e+03 8.917123206952308465e+03 1.046795027284839307e+04 9.286683679101466623e+03 7.266747144273545018e+03 7.835093788745023630e+03 7.888921263651592199e+03 7.856489256786810984e+03 1.513376098550346796e+04 4.386590078646341135e+04 1.737662629233844200e+04 7.214128763380997952e+03 5.651779709835200265e+03 3.928388158731782369e+03 4.916882439102712851e+03 4.541014813092665281e+05 4.256625301687887986e+05 2.896868580990463961e+05 6.185719831053756934e+04 2.651875053621690677e+04 4.190159652401057247e+04 1.475819226741844795e+04 -1.126989956963595068e+04 9.901205230173015934e+02 2.491095125266171817e+04 -2.646210241112381937e+03 1.218830018848672989e+04 1.808479579429204477e+03 1.781813903784908325e+04 7.948231319513606650e+03 7.629026589349079586e+03 -1.119980402173914399e+03 7.125655582903063078e+03 1.379032745008982420e+04 3.763984869259456445e+03 4.889020760533308930e+03 6.672058241993386218e+03 3.870355829757895208e+03 1.792205693067367974e+04 5.339195101649934077e+04 1.948618339699832723e+04 6.607967247925290394e+03 3.503920801044278505e+03 8.308507718095494283e+02 3.687182519821200458e+03
1.703854983127059240e+05 1.922221124564969214e+05 2.104431742249637609e+05 1.453494170455810090e+05 -5.330820614329003547e+03 4.144860977317234938e+04 3.759562767160009389e+04 1.178948546906919728e+04 1.198439979017142468e+04 1.412112325262438389e+04 1.341794042432699098e+04 1.586901922943224054e+04 6.669061781700643223e+03 1.232716871864542009e+04 1.018357083612671886e+04 1.510472012469766196e+04 7.958422789730811928e+03 9.078241010578647547e+03 9.433497406449007030e+03 1.074472753385054421e+04 6.204083070711444634e+03 7.443736540699916986e+03 6.892842441545423753e+03 7.758868188795828246e+03 1.737662629233844200e+04 4.067595260948064970e+04 1.348315714686434694e+04 5.193247376127966163e+03 6.263858669435837328e+03 4.782092061061836830e+03 2.767399455018765293e+05 1.177354142528961675e+05 2.645708301664546598e+05 3.110870934998190496e+05 2.969216272323601515e+04 3.284783327758193627e+04 3.623643149854444346e+04 -1.766854179442577151e+04 9.656202772908313818e+02 1.901736115110608444e+04 6.146916137184241961e+03 1.323997248921496248e+04 2.312319599701523657e+03 1.231920893530108697e+04 8.522298334972163502e+03 8.670081632152003294e+03 5.505548535184882894e+03 9.469633384877117351e+03 1.157053141993640747e+04 9.556657581673183813e+03 -9.483222462218620876e+02 -1.592251708011545816e+03 -6.434067409369641837e+02 4.112343407495915926e+03 1.671377910051444269e+04 5.198279973143796087e+04 1.457399000217356115e+04 4.422907886737994886e+03 6.804894718733541595e+03 3.693847775687510875e+03
