3.417173136045573354e+08 5.243960675478830934e+07 2.606690912757716607e+06 -1.211757773845017364e+05 -3.388570390926703112e+05 -1.111798542172635207e+06 -2.200366093311479490e+05 -1.805656777909788943e+05 -7.890390279625089897e+04 2.544307882343079109e+04 -2.719653485436250921e+05 -1.465221831586172630e+05 -1.833501419184212573e+05 1.201048309125899832e+05 2.538647137233808171e+05 -1.318617602790639794e+05 -5.716591601553562214e+04 2.870113571291691042e+05 2.682274744653009111e+05 8.625974489188083680e+03 -6.855911991158392630e+04 -1.799791829859154241e+05 1.005923794060921500e+04 -3.014864069650610691e+04 -1.005532836303162912e+05 -7.287535933063048287e+04 -1.180569231121443299e+05 -7.579393246479075060e+03 -7.073250438756955191e+03 -3.266579188024318501e+04 6.934978050163194537e+07 -2.923428825899066031e+07 -1.056053681035346538e+07 -5.816946828706731321e+05 -2.512130888421286072e+05 -3.373776605658137705e+06 8.262859436251085717e+05 -8.798765143890258623e+05 -1.757939171322160983e+05 -1.274391565672664205e+06 -6.872845859499494545e+05 -2.774005641483030631e+05 -4.937728054772795294e+05 1.965227204232226650e+05 -4.981144361654875684e+04 2.381860706466609554e+04 -3.408579059526462224e+05 -8.683316086713926052e+04 1.230765176605097367e+05 -3.925255306625957019e+04 4.357808170362317469e+05 -2.697614865161936032e+05 -1.501303482840424404e+05 1.041380658688594558e+05 -5.527435127199792623e+04 2.899042207069610595e+05 1.174666454266453802e+05 -3.792013277204455517e+04 1.457645316382655583e+05 1.594101728081728797e+05 -1.237105557161411969e+06 -2.952828140631142072e+06 9.499876550446959212e+06 -7.013343490545968525e+06 -1.569488454894844443e+06 -3.836923859847787302e+06 1.732715232774768723e+06 -2.503274712238641805e+05 2.792154228364801966e+06 8.315070961178557482e+05 3.336104984629369574e+05 -3.491733388362188707e+05 9.105738952196687460e+05 5.153025318004942528e+04 -8.166018006685774308e+05 6.883372166963118361e+05 2.930555705433687035e+04 -1.718769955614354112e+05 3.231336789523719926e+05 -4.789643569310462335e+05 -2.344323027015739935e+05 -1.297746299357451790e+04 -1.924206547996005102e+05 1.569646129207930244e+04 -1.100551163421008241e+05 -2.668294266235640389e+05 -2.627454955134675256e+05 -1.984671296961540938e+05 -2.079025973002660612e+04 1.950650364052646910e+04
5.243960675478830934e+07 1.197732594578533769e+08 1.155680077054313570e+07 1.764599466783167445e+05 1.806605263120845892e+06 6.961239244678865653e+05 -8.850079223284768523e+04 -1.693657686331276491e+05 2.792485871310770744e+05 -1.221579912774516924e+04 -2.120120501258122968e+05 1.623550170835824683e+05 -4.233543650895810424e+04 1.397055066910769347e+04 5.360037231136439368e+04 9.075495368965464877e+04 2.905804723832952004e+04 -1.988914875257430322e+04 8.551351377829916601e+04 8.636674181489650800e+04 4.884635944121989451e+04 3.707593707358212123e+04 1.521762240565457614e+05 4.709424543667802209e+04 -5.073365214730927255e+04 7.830459574440753204e+04 -4.438617431760212639e+03 1.832525333776302796e+04 -2.121680271013782840e+04 3.284258646110301197e+04 4.126223487638854980e+07 1.293862607662882507e+08 1.951688807945925510e+06 2.733261856915292796e+06 2.340759179554330651e+06 -2.462810010770520603e+05 4.720685040875978884e+05 7.151039081743558636e+05 1.042034545775131322e+06 1.840953782464245451e+05 5.961746438500384102e+05 1.617448971538367623e+05 4.689197507873967879e+03 2.877762264189132256e+05 3.518657085876598721e+05 2.967219951543370262e+05 -8.126281965783775377e+04 1.351395674342916464e+05 3.269528393891812884e+05 9.817910026173447841e+04 -2.164012167774498812e+04 -8.509687674447195604e+04 4.470251259700822266e+04 6.746184271468030056e+04 -1.346751442558151030e+05 1.911620989204343350e+05 8.252019800679107720e+04 7.710083578367730661e+04 2.106370956697349175e+04 3.497576597740170837e+04 8.499216468542592600e+06 -7.881459520262448117e+06 5.051778572142691351e+06 6.132258615384422243e+06 3.494352248692328576e+06 -2.387180652538509457e+05 -3.671737512224736274e+05 -2.948707485627952032e+06 -1.245636914537558565e+06 -2.859814241855522851e+05 8.443554471300261794e+05 -1.917121259480172012e+04 -4.199911193805195508e+05 3.877779143434814760e+05 -2.123660042512684595e+05 1.089924103885016812e+05 -3.071824900951649761e+05 -1.351251987979073601e+05 -1.154702284384065861e+05 -2.518506729119606898e+05 -3.026357997469383990e+05 -9.649305484375932429e+04 3.754737531210599263e+04 1.566243463510720539e+04 -1.928903413014910184e+05 1.373317203485415084e+05 -1.269416203276929591e+05 1.566708795593926043e+05 -3.817638283724193752e+04 -1.899418255633488880e+05
2.606690912757716607e+06 1.155680077054313570e+07 3.622431986751545221e+07 3.726176089290800504e+06 6.753457466410533525e+05 1.874672324792779400e+05 -1.622865413751073356e+05 1.346964784700831224e+05 2.062498767559482367e+05 -5.608681675045497832e+04 3.591185070101406745e+04 9.016393805638654158e+04 -2.609119184439811215e+04 5.763920402917072352e+04 4.460200331339105469e+04 2.476814614420575163e+04 4.452952915724434570e+04 2.287334236388196223e+04 3.573556707040961192e+04 2.147496414777329119e+04 1.262751340684454226e+04 4.485902955023339018e+04 2.039043263770257909e+04 5.529915403864473774e+04 3.931008085550717078e+04 4.943257447200798197e+04 -1.160796435578650016e+04 2.084121465905100558e+04 -8.668437474570509949e+03 2.336386139337278655e+04 -3.984656857839785516e+06 6.338518031606839970e+06 4.083661815750098228e+07 -2.278664946894711815e+06 5.818721125971688889e+05 6.989922625999693992e+05 -5.845538087879745290e+05 4.631302398079575505e+04 6.091291205654680380e+04 2.558875577921178774e+05 -3.517505365753969090e+04 -1.934082634322171507e+05 1.818398275604975643e+05 8.250725745664976421e+04 1.763647165204829071e+05 7.356785929430411488e+04 2.982053257311851485e+05 9.688804001278580108e+04 1.606950643959450244e+05 1.791736468624659665e+03 -6.353931585369224194e+04 8.910806714475405170e+04 1.715111345361677013e+04 7.693559781565537560e+04 -6.759942912473496108e+04 1.370449166719010682e+05 1.120725072055081364e+04 4.953645625970679976e+04 8.528359798939996108e+04 9.596908534442678501e+04 5.865060485500297509e+06 1.252186209983376227e+07 1.251057654598467425e+07 -4.408322292475886643e+06 1.807821395928052370e+05 -1.145539558677304769e+06 -2.511538591379236314e+05 -5.737915900669081602e+05 -3.381163375945494627e+05 -1.196261130080758448e+05 1.156016118923527974e+05 -2.336834848580696562e+05 -2.586735389153692522e+05 -1.154603459946117364e+05 -2.280705642279181920e+05 -1.156542333899317455e+05 -2.894502309297425090e+05 1.422537658864704645e+04 -3.430340181953365100e+05 -1.982526088974226441e+05 -5.401165183672132844e+04 1.168953188781375939e+05 7.694475009898908320e+04 -1.441680691043268052e+04 -2.689565603980259402e+04 1.257460744788161683e+05 -9.067577477643202292e+04 7.043631666822278930e+03 4.059888391427164606e+04 -5.211407821383454575e+04
-1.211757773845017364e+05 1.764599466783167445e+05 3.726176089290800504e+06 1.242034027483882941e+07 1.818827074797434034e+06 1.097961438807843078e+05 -1.468736218998889672e+05 1.016255196150405682e+05 2.623944189312664821e+04 -1.779806036551836587e+04 5.442880611975264765e+04 1.731750952372164102e+04 -7.334821099908972428e+03 -2.798709629580117326e+04 4.736807681674846390e+04 6.181847350685422134e+04 4.265291066427888290e+04 4.054267506251554732e+04 4.152471815347235679e+04 2.114527596510354851e+04 -4.321672662402739661e+03 1.247493252128755103e+03 1.120932719996075684e+04 3.581339228245130653e+04 2.095063504445200306e+04 8.643952330864740361e+03 8.430786843142561338e+03 3.058387597328099218e+03 5.415651778110327541e+03 2.551662638898519162e+03 -6.071821020552549511e+06 5.199343679810202448e+05 4.717676228302708827e+06 1.511759117889715172e+07 1.233532707201593323e+06 4.923346776667203521e+05 -9.009359939767910691e+04 2.899014244526302791e+05 4.433909114226996317e+05 -2.069022360291407094e+05 -1.837242412950120633e+05 6.437944100390787753e+03 1.268806692284023447e+05 -4.512657397546782886e+04 -2.009541245823349163e+04 7.675839988981713759e+03 1.860565463959567205e+04 -2.962294633853432606e+04 -1.992457488485910289e+04 -8.278901833414447901e+04 6.456407876614459383e+03 -1.855969988535774974e+04 -2.578791044592818434e+04 8.505879531566493097e+04 -9.307412297473749277e+03 2.973660658686586248e+04 2.134202680048328330e+04 3.049491515431181324e+04 1.268827063945501504e+04 2.175170736092441075e+04 -1.830148379899449414e+06 8.157515709906565957e+06 2.069864228738575708e+06 1.308074663001888199e+06 -9.055765670114534441e+05 6.867012953788765008e+05 -1.089847777027748816e+05 -2.059521700455298997e+05 -2.470193307808786631e+05 -2.132846757234154211e+05 -9.819670232863273122e+04 2.672295465229014735e+04 -8.827836459078158077e+04 7.108631532943538332e+04 5.131787472611518751e+04 -1.424961542123525287e+05 1.454761447949248250e+05 9.290780385749027482e+04 -1.312843081309310510e+05 -1.133314480443333741e+05 -7.096175256655318663e+04 1.747563104284831752e+03 -2.997138927235506344e+04 -2.274431124673363956e+04 -5.642076699218730937e+04 6.564630633554517408e+04 -8.304592798340338049e+03 1.389510614625056951e+04 7.563115355097947031e+03 1.506865593051268479e+04
-3.388570390926703112e+05 1.806605263120845892e+06 6.753457466410533525e+05 1.818827074797434034e+06 6.024937361776891164e+06 7.726665395174535224e+05 -1.030370449955906806e+05 -2.407501787312065426e+04 1.198754363511238043e+05 2.010750274832997820e+04 1.061390381858248293e+05 8.316152057453754242e+04 3.964209601975092664e+04 -3.781239359408937617e+03 7.391065572241317568e+03 1.703910152002088216e+04 -5.576351907501310734e+02 -3.123927273019617587e+03 2.662904292896807601e+04 2.135732874652403916e+04 1.522058435240489416e+04 1.957900023702379258e+04 1.013582553591105170e+04 -8.580054061189875938e+03 4.194706959031928818e+03 1.745401227682794706e+04 2.123126781872235006e+04 8.207897882802766617e+03 -2.481020003831805298e+03 1.693274618264062519e+04 2.991417880702492781e+06 6.860886627669914626e+06 -2.179477620135170582e+05 1.748718088050297927e+06 6.291897708034704439e+06 1.289961094663429540e+05 -1.738726359754691948e+05 -6.588034052310361585e+04 1.122179803662602062e+05 -5.306602762051790342e+04 1.230672857088909659e+05 1.462292805961755948e+04 7.715097118761304591e+04 3.006669517263442685e+04 4.159162434335860598e+04 3.398825826835675252e+04 5.023542099191977468e+04 3.608643891694267222e+04 5.327377815137861035e+04 -3.558258893169264775e+04 2.798414595285909672e+04 4.237622389744511020e+04 2.270949859536155418e+04 3.393650042989872600e+04 1.584669785207652421e+04 4.667033984210739436e+04 6.544044550977584731e+04 1.564922737000614143e+04 4.696099071800406819e+03 1.950443605270821718e+04 -1.978096804073418956e+06 2.078025346501111286e+06 -2.107393185009466019e+06 1.248563567717182916e+06 1.313519606773697073e+06 -1.470985285446391208e+05 3.733782814603453153e+04 1.800368049398591393e+05 -1.769041203362472879e+05 -3.269777211404042901e+05 -1.187329345268851321e+05 5.766275681348004582e+03 -2.633357354659429984e+04 -1.183298774696905166e+05 -4.511087105270243774e+04 2.313386622354505744e+04 9.639636005511753319e+04 1.215980583328977809e+04 1.867080001535405245e+04 3.051890645236405908e+04 7.384000115126177661e+02 -2.782628896881587934e+04 -3.040585795134290674e+04 4.243979102388892898e+03 -1.598439133350225165e+04 -2.358398155861378837e+04 3.315185751774633536e+04 -2.312111841777976952e+04 2.332316435874093077e+04 8.220219542902652393e+03
-1.111798542172635207e+06 6.961239244678865653e+05 1.874672324792779400e+05 1.097961438807843078e+05 7.726665395174535224e+05 2.579018390923134051e+06 2.682185739108928829e+05 7.748759957574462169e+04 8.873105384683918965e+04 -3.660244515486701130e+04 2.896190240063393139e+04 2.173352624855421891e+04 5.315718316258711639e+03 2.102583396918540893e+04 1.487046059571652222e+04 1.678663147518106484e+02 1.785762345797346279e+04 1.441081245236029463e+04 1.708424094501473155e+04 9.293794605013963519e+03 1.746145410569394153e+04 1.939189786897907106e+04 4.954294783078839828e+03 1.153081404902451084e+02 7.611608500849123629e+03 1.237733547190628269e+04 4.546094936895317915e+03 6.113935332207458487e+03 -1.816917629014403133e+02 1.510922562361551627e+03 2.610335979927602224e+06 1.424991976792344823e+06 2.190671312089003623e+05 7.417884624704003800e+05 3.518607362403521547e+05 2.388658163677963894e+06 -9.466179606402680292e+03 -1.396954786318245351e+04 -7.919139898235158762e+04 -7.318015060029330198e+04 2.578868653670423009e+04 -7.720869028821238317e+04 -3.003820920487983312e+04 5.781042146958508238e+04 7.893357250340010796e+04 5.079592392900840787e+04 -2.769345069313258591e+03 2.193398622839259406e+04 1.164163281546343387e+04 -5.958333909904498796e+03 2.901474765839848260e+04 1.139122181163101050e+04 1.892591500569429627e+04 1.126546657667174804e+04 2.670880418003557133e+04 3.278667604028343339e+04 2.016878760585221244e+04 7.818894890679630407e+03 -8.054734260535680733e+03 -2.305031846739162575e+03 -1.646436253404687392e+06 1.326612899312896421e+06 -8.599127484591052635e+05 7.359353139228492510e+05 -2.188750720209676365e+05 8.413109468066958943e+05 -1.567532759456825734e+05 -1.671675303896263649e+05 -7.553315757367221522e+04 -6.578551068323568325e+04 2.108344720839217189e+05 -2.697756957942176450e+04 6.508022488983692892e+04 1.090885022655055072e+05 8.295816407358484867e+04 -1.646087445101080675e+03 6.677475221805997535e+03 5.411039432769983250e+04 -2.380374697069735339e+04 -3.861929334177743294e+04 4.017234895135744864e+03 1.159396894627817710e+04 -1.286757663538960696e+04 -1.716799673924152012e+04 4.445733106045600834e+03 -3.119392993346419098e+04 -1.026791991121087085e+04 7.320091325029923610e+03 -6.192707410740680643e+03 -9.160121829497507861e+03
-2.200366093311479490e+05 -8.850079223284768523e+04 -1.622865413751073356e+05 -1.468736218998889672e+05 -1.030370449955906806e+05 2.682185739108928829e+05 1.609629865190426121e+06 2.733204139565621153e+05 -9.479979254032472454e+03 -2.611719418358686085e+02 1.946088632218134080e+04 3.144721346780540625e+04 1.604935896187326944e+04 1.597440802620968861e+04 2.158824528485497922e+03 1.341234968924520399e+04 1.888669707072072197e+04 1.071124309070035451e+04 1.512713506931545999e+04 8.580809165183194636e+03 1.892255645254881529e+04 1.001170459409724936e+04 8.447604049750632839e+03 9.231168385678343839e+03 5.051205725017737677e+03 1.651716404500747012e+04 4.872802313688079266e+03 1.680411268035755711e+03 9.127946156162715852e+03 1.771611014617899627e+03 8.089849770291513996e+05 -1.568730154343606904e+06 -4.890765738558602170e+05 -1.621129845484524558e+05 1.517699455657991639e+05 5.169451074014495134e+03 1.504636802798512625e+06 1.790083739901385343e+04 -2.398967163959640675e+04 7.494503257079501054e+04 6.499189405745123804e+04 4.699914159662055317e+04 -4.787655398659798811e+04 3.579912736583530204e+04 -5.102960943810374738e+04 8.900258141130778313e+03 8.780183627971273381e+03 -9.129722932302435368e+01 -1.527939948489912240e+04 5.956416668297798424e+03 -8.775322203937912491e+03 -1.107546169574761007e+04 -1.561497857575345552e+04 5.561441543167936288e+03 1.425704660771997806e+04 9.305336809841208378e+03 1.067330465906738709e+03 -1.489003113011738787e+04 -1.117930571218211117e+04 -3.966972173402971293e+03 -6.198888628756315447e+05 -1.963906629035381600e+06 -4.723222823328227387e+05 -2.655513043013241841e+05 4.012601614193281275e+05 -1.608855122652812279e+05 2.696093854383438011e+05 -1.379209937184975133e+05 -2.509918240288850939e+04 1.399744292755341849e+04 1.348458424831404991e+05 9.851007615650472871e+03 -4.020773358042209111e+03 4.461201551984890830e+04 -4.847167795560171362e+04 -1.769557508650990712e+04 -1.170585973715620821e+04 -1.735623453220947283e+02 4.178485195803496026e+04 1.497597614418711419e+04 -3.858538075567458873e+04 -4.265744844068609382e+04 -4.733934981296444676e+03 -1.642427081120144067e+04 -3.483966290978120469e+03 2.067399894344998756e+04 -6.736548231310794108e+03 1.275847739276663197e+04 4.049402664736860061e+03 -5.580462208826229471e+03
-1.805656777909788943e+05 -1.693657686331276491e+05 1.346964784700831224e+05 1.016255196150405682e+05 -2.407501787312065426e+04 7.748759957574462169e+04 2.733204139565621153e+05 9.732370468238116009e+05 1.386193041046589497e+05 -1.108477779677726858e+03 -1.344953474894698957e+04 -9.883433710498164146e+03 2.704619148708192370e+03 1.096569656725051209e+04 -4.897519973830952949e+03 2.073450141416563929e+04 4.521246660194445212e+03 -9.732943471069385168e+02 1.387776719046571270e+04 8.964749648743660146e+03 1.403392745048055622e+04 1.271314245053399281e+04 1.060418669857703662e+03 6.907848086274884736e+03 7.178184911750810898e+03 3.985639556788466962e+03 -1.029353972106987612e+03 -4.142223347934089475e+02 2.912968910052709361e+03 -2.977071415102562241e+03 -7.131711554889731342e+05 -1.936291975039445329e+06 7.891501920003049308e+05 1.284558382669054263e+05 7.168274348668439779e+04 -9.857703633099063882e+04 6.253960952053323854e+04 7.898503596029956825e+05 3.416567278794528102e+04 -3.612212591875609178e+03 7.242158929613688088e+03 6.825815424465427895e+03 7.696794224787394342e+03 1.654412056885804486e+04 -4.357567596565536223e+04 2.217007040692755618e+04 -1.552727810872213377e+04 -1.097634456303806655e+04 -9.081420814856510333e+03 2.570980308692743165e+03 -5.319587192077709915e+03 -8.748468276704556047e+03 2.881359953168017910e+03 3.985077528447711302e+03 -3.763838432394252777e+03 1.852119381681118466e+04 1.828529109096010143e+04 6.169784851055275254e+01 1.588371735961661579e+04 -1.761464689503264367e+02 1.185701561160879355e+05 -8.531684322103707818e+05 8.163133858802517643e+05 3.112308156315067317e+05 2.298122734887768747e+05 -1.365556260790418601e+05 -6.481764916746217204e+04 -8.534818426811751851e+04 -2.033936659359073965e+05 -4.945220939623751474e+04 4.153030499273010719e+03 -3.272355777646917340e+04 2.726313032250712786e+04 2.606884918458048560e+04 -1.290315642408652457e+04 1.420286059583609858e+04 7.602452449600261389e+03 -5.368955709969479358e+03 -2.120639831601994229e+04 -1.050350472374465426e+04 -9.576645257221685824e+03 1.367593463071312499e+03 -1.518388703848754631e+03 -8.916084356952585949e+03 5.561493493089560616e+03 2.013455195842223475e+04 -4.755870948132960621e+03 8.148684058812193143e+03 3.996972023096229805e+03 -1.596610468598469424e+03
-7.890390279625089897e+04 2.792485871310770744e+05 2.062498767559482367e+05 2.623944189312664821e+04 1.198754363511238043e+05 8.873105384683918965e+04 -9.479979254032472454e+03 1.386193041046589497e+05 6.238489895723077934e+05 6.229616998336075631e+04 2.164766159823070848e+04 2.416252047026626315e+04 1.684740383908189324e+04 9.221626760754881616e+03 2.303400839196431207e+02 9.915089368496486713e+03 6.729619667108378962e+03 -8.286320630265511227e+02 3.122143677977889638e+03 8.296262222675595694e+03 9.254932616982554464e+03 4.419523062101189680e+03 2.444947076396687862e+03 -1.986075954573442687e+03 1.527679679769772520e+03 2.645850066402537323e+03 -5.845677206146641538e+02 5.397521777276930379e+02 -2.042427412523765042e+03 1.964450832371910792e+03 9.150715186290405109e+04 1.557397333441899973e+05 4.490681310935713700e+05 1.442734297266389767e+05 -3.562661641061567934e+04 -5.755496294256771216e+04 -1.297042401540460414e+05 -5.172214111103299365e+04 4.996307916930336505e+05 -7.699324708280627965e+04 6.365770140062949940e+04 1.675021226549622588e+04 -1.403507341056069208e+03 1.948524847405129549e+04 5.708323780187951343e+03 -2.149641169907018138e+03 1.096452189078284573e+04 9.936690950354046663e+02 2.358378073395092724e+04 -4.391031513082547463e+03 -1.098298888500230674e+01 1.245541467666742756e+04 3.682653440894144978e+02 -1.166682469966150711e+04 -5.233546096400045826e+03 1.572402459037329390e+04 7.235134793519634513e+03 -3.786694515148041319e+03 9.182578419575633234e+03 -2.532062969397466532e+03 3.551187683618124574e+05 1.743095061413839576e+05 2.131788783965270559e+05 6.130300255921627831e+04 -9.185599540000859997e+04 -1.170587829035379546e+05 -8.677443936291587306e+04 -1.811563085003963497e+05 2.245728426764950200e+04 -6.380632157134999579e+04 -3.028979319268793915e+04 -2.666699880677637702e+04 -5.211424469912390487e+04 -1.165760256121023485e+04 -3.424176276295527350e+04 6.979687906883587857e+03 -1.442682648724847058e+04 1.881431846763860278e+02 -1.088313566425383033e+04 1.087670398007609765e+04 -4.960661620225736442e+03 2.164467434657118793e+04 5.034407334460029233e+03 -3.156408278695422268e+03 -2.572855663155937691e+03 -1.631519278927956520e+03 -6.480344793149422912e+03 -7.431314645302894860e+03 9.825954030670756765e+03 -3.805830498903321768e+03
2.544307882343079109e+04 -1.221579912774516924e+04 -5.608681675045497832e+04 -1.779806036551836587e+04 2.010750274832997820e+04 -3.660244515486701130e+04 -2.611719418358686085e+02 -1.108477779677726858e+03 6.229616998336075631e+04 3.510939563392144046e+05 4.056051390451904444e+04 1.505164333756841006e+04 9.424170486813289244e+03 2.453145492621490121e+03 -2.501297128657079440e+02 1.220451933118619081e+03 6.659836640833371348e+03 5.352037652371305740e+03 4.500585906986509144e+03 -3.117143618959147489e+02 2.681698604455294571e+03 7.134248017458353388e+02 1.725380000087469853e+03 -2.012135779508201949e+02 -2.631293203333091697e+03 -2.405330034204519961e+03 -1.134348365077217977e+03 -1.573608759629469205e+03 -5.856966672007327901e+01 2.010263595741537301e+03 -3.793402373140274722e+04 5.646279182611074066e+05 2.425237225361985620e+05 1.279780536267044954e+04 1.045443851533591805e+05 -1.749603070345426386e+04 -1.538933166284447361e+05 -8.225569459159937105e+04 1.394113059921216336e+04 2.602871327661836403e+05 -5.159508382326965148e+03 -2.165246307090532810e+03 3.038154644303939222e+03 3.133531736497050588e+04 7.267594540235669228e+03 2.376516685852949649e+03 6.137700620195963666e+02 7.514460561575011525e+03 1.489135892618264916e+04 -2.693098945073169943e+03 -7.625512512804837115e+02 -2.021445578351887207e+03 1.073793747151298476e+03 5.824554171765206547e+02 1.103155504847009752e+03 3.591444197582529227e+02 -8.889648500802953777e+02 -1.800573175789968445e+03 2.649344810299608639e+02 -8.768586626094631242e+01 1.036854689769539051e+06 4.270246363483811147e+05 -2.231846342920947063e+05 -2.224968753144679067e+05 1.559642884712734376e+05 6.257755969321463635e+04 -1.498217927967170544e+05 1.224087222959989413e+04 -8.829510869735891174e+04 9.948852641926740762e+04 -8.377928204001211270e+03 -6.116512284027004171e+03 -9.019758484173999022e+03 3.149854115346180697e+04 2.033262080533674236e+02 -2.221391946343303425e+04 -1.793173069914534426e+04 -1.469535223063346893e+04 -1.027674797648967569e+03 -4.378626299032184761e+03 -6.717582863282160588e+02 -2.167467149933349720e+04 3.905813669239320461e+03 -1.996058867781640174e+03 2.869871311112322928e+03 7.070837918469776923e+03 5.843875256722075392e+03 4.245840364620112268e+03 6.544593832157743236e+03 -1.398093039893985178e+03
-2.719653485436250921e+05 -2.120120501258122968e+05 3.591185070101406745e+04 5.442880611975264765e+04 1.061390381858248293e+05 2.896190240063393139e+04 1.946088632218134080e+04 -1.344953474894698957e+04 2.164766159823070848e+04 4.056051390451904444e+04 2.311403656220522535e+05 4.374599227866840374e+04 8.985454847249096929e+03 1.667057302080805675e+04 7.877708945992685585e+03 2.965427550754141521e+03 6.351287937786069961e+03 5.544052464787149802e+03 -1.624591539263467865e+01 -2.676427739816203939e+03 4.677260745145992587e+03 -2.653029367715071658e+03 3.118725774751513200e+03 -6.538256111482658071e+02 -1.107287009737920016e+02 -1.998548312007844743e+03 6.276826681024823529e+02 1.998665801219867717e+03 9.055561713424659729e+02 1.604768570689408591e+02 -3.534045108802052564e+05 2.138799191167753015e+05 5.737122072917536134e+05 1.474853380922660619e+02 2.120303445308832743e+05 -2.088813102276729842e+04 -2.840496131368916031e+04 -5.078549118696565711e+04 -2.452677049207470554e+04 1.819453822562957612e+03 1.590463889814245049e+05 4.469058071839211834e+02 4.172525228269801687e+02 2.568785284804433832e+04 -1.008725768169179355e+04 -1.337968944070723637e+03 -1.084926193100348883e+03 1.211748470011792597e+04 1.389545764434185548e+04 4.088718082943300033e+03 -7.015942717084797664e+01 -1.169023756806352321e+04 6.231869699037906685e+03 3.656479964000673704e+02 5.364335456435789638e+03 -8.141081995511040077e+02 8.165553227456851346e+03 6.580735358812014965e+03 5.200849772707477314e+03 1.206325937645609883e+04 1.315657688505226048e+06 1.943566162008245883e+05 -3.503656922211761703e+05 -4.219365239651809097e+05 -1.141898374192745978e+05 -1.201410624787846755e+05 1.745126823974968283e+04 5.085906193310443086e+03 -3.087120622482441831e+04 -1.970986297256303442e+04 3.837057356596292084e+04 -9.695053421225475176e+03 -1.977227986168556163e+04 -2.416227421410534646e+02 1.920268577448245560e+04 -1.417448450719026005e+04 -3.411340924626308606e+03 1.277385978859327588e+04 2.154651180608720460e+04 -1.620911047454228537e+04 1.004924617385560850e+04 -8.722144639715286758e+03 2.622378315543716781e+03 6.781714011619600569e+03 1.311854182971925184e+03 -6.635522245937919251e+03 6.978290743373569285e+02 1.299141704841100136e+03 4.490448534093554372e+03 2.286922988215451824e+03
-1.465221831586172630e+05 1.623550170835824683e+05 9.016393805638654158e+04 1.731750952372164102e+04 8.316152057453754242e+04 2.173352624855421891e+04 3.144721346780540625e+04 -9.883433710498164146e+03 2.416252047026626315e+04 1.505164333756841006e+04 4.374599227866840374e+04 1.915915617593904026e+05 4.278637563642737223e+04 1.783287779245555066e+04 1.327828104072377209e+04 9.689712881763329278e+03 5.992375736332369343e+03 8.590334733178984607e+03 -8.209797644701694708e+02 6.567310138223591821e+03 5.444520391452176227e+03 2.947579849969151837e+03 4.813799033467006666e+03 3.568632526134224463e+03 3.345764075302012316e+03 3.872450431376900269e+03 1.570351620153950080e+03 2.704254682433672770e+03 4.155022893204727552e+03 3.585890407764501106e+03 1.658873329843157553e+05 1.029394515833672602e+06 5.693712900701563340e+05 1.032410458481765672e+05 -1.582478201620470827e+04 -1.566839072752838001e+04 3.070362759870936770e+03 5.039522769694809540e+04 2.454805932270351695e+04 -2.132474511563443593e+04 9.374618392684142236e+02 1.284949492180652305e+05 2.849056090068705453e+04 1.959876375156124050e+04 2.171651857738450417e+03 -6.171390849841018280e+03 -3.818858152126857931e+03 1.394686001351535378e+04 -3.605713852498692631e+03 3.034340820015055215e+03 1.146796436112978654e+03 -3.521561702624775990e+03 -1.111214020578933560e+04 8.764044702074554152e+03 4.390552342301497447e+03 -6.466161074549205523e+02 7.109253302666043055e+03 2.044233562762189877e+03 2.649497731418517560e+03 6.429024416219510385e+03 -2.431495679213863332e+05 2.546594936681159306e+05 4.947699652108173468e+05 1.905592022125081348e+04 9.431706213966199721e+04 -3.394801917623931513e+04 -5.105560299606760236e+04 2.900262226216077579e+03 3.432401902332819645e+02 -5.828015494496072643e+04 2.977372815159286256e+04 1.963508641421892753e+04 1.894605759847339641e+03 1.462958007598366567e+04 -1.418155175246370618e+03 -7.587940671746721364e+02 -5.026445946162790278e+03 1.210865195646091524e+04 -1.053856288814231630e+04 -3.675370943282386634e+03 5.962101241032288499e+02 -1.043851053973879061e+04 -1.070943503287992826e+03 3.594346540953605199e+03 3.415493731420849599e+03 -1.121082865725177726e+03 6.435814807355013727e+03 1.120578774323360085e+04 5.258166342750390868e+03 9.244306548606964498e+03
-1.833501419184212573e+05 -4.233543650895810424e+04 -2.609119184439811215e+04 -7.334821099908972428e+03 3.964209601975092664e+04 5.315718316258711639e+03 1.604935896187326944e+04 2.704619148708192370e+03 1.684740383908189324e+04 9.424170486813289244e+03 8.985454847249096929e+03 4.278637563642737223e+04 1.466601359666904027e+05 3.494660193639973295e+04 1.186725165530779850e+04 6.138632960841040585e+03 2.052800138405536472e+03 2.361832958461535327e+03 8.155982987830730053e+02 6.188990955731431313e+03 7.248651945902441184e+03 5.232483164668518839e+03 3.805482192682965888e+03 1.010164126962610453e+03 2.088736868061581845e+03 3.973550186216949442e+03 2.787017322552925179e+03 1.031473589271506626e+03 1.024467558784839184e+03 9.697052099249181083e+02 3.933257221330618486e+05 1.721344776886816544e+05 1.350501350782776717e+05 2.294255051556172257e+05 2.579214025254870648e+04 -1.589546031220159239e+04 -3.222570147029203508e+04 2.356858494513474216e+04 2.753577972142105500e+04 -2.080292517893616605e+04 -1.181706678836559831e+03 1.532666235922213855e+04 1.047747073210491799e+05 2.062861565630949553e+04 1.314236799350079127e+04 2.252473840673701943e+03 -1.474494470597789405e+04 6.673152586335183514e+03 1.363167511930671390e+04 4.559694625579113847e+01 8.166115654876620056e+02 -3.780020577252565204e+02 1.819918678096638132e+03 -6.256987393723642526e+03 -5.363344647498025779e+02 -1.112017342876509474e+03 -1.156368870439631110e+03 3.712922401978066318e+03 3.483467982906932775e+03 -1.816363389108468027e+03 -1.756239721870862122e+05 -1.796319622234450944e+05 2.080428994619389996e+05 9.483341701655367797e+04 -2.282814662484971268e+04 4.666020667624515227e+03 1.044802105763513464e+04 2.804084198270275738e+04 -1.926047161951714224e+04 -2.339138358654353942e+04 1.657430321142909452e+04 -5.569626732234222800e+03 4.069785432179411146e+04 -1.520598415458545333e+03 -1.695440922697645510e+04 4.222728028362961936e+02 -2.108689017786558543e+04 -3.823180596209930627e+03 1.708475133649486907e+03 -6.208182588507499986e+02 1.079429199531998347e+04 5.521723250268682932e+03 9.994940776777442807e+03 -2.829908001371070895e+03 -8.411510093888895426e+03 1.159074491424632470e+03 4.359806772031025503e+03 1.074702423545254896e+04 5.567196654813567875e+03 1.245531185005385453e+02
1.201048309125899832e+05 1.397055066910769347e+04 5.763920402917072352e+04 -2.798709629580117326e+04 -3.781239359408937617e+03 2.102583396918540893e+04 1.597440802620968861e+04 1.096569656725051209e+04 9.221626760754881616e+03 2.453145492621490121e+03 1.667057302080805675e+04 1.783287779245555066e+04 3.494660193639973295e+04 1.102838211587189435e+05 2.737271782245980648e+04 7.913709704205421076e+03 6.488899699581993445e+03 3.897846283545209644e+03 3.192416269669902249e+03 5.006562084572836284e+03 3.837457269221288243e+03 1.890764349201826917e+03 4.306653451545490498e+03 2.741237808980121827e+03 -7.602701580708878737e+02 2.233193133524373025e+03 1.981237892555681356e+03 1.408925173147518990e+03 4.012572246715297297e+03 1.701371929543680153e+03 1.339481514618054789e+05 -1.014733452252303869e+04 2.254648948483693239e+05 1.748750931841342390e+04 -1.017161427516031399e+05 1.329341365131748944e+03 -1.296623060649533545e+04 2.328390387351827303e+04 1.235870432295589853e+04 9.745104558551518494e+03 1.691399240322104015e+04 1.106883704277159632e+04 1.078861256838853478e+04 5.316478787478707818e+04 1.153836480421536180e+04 7.127498196794208525e+02 -4.242749484381665752e+03 6.318013165983659292e+02 8.268668583659666183e+03 -4.011127417969064481e+03 -2.732718648145526913e+03 2.209050640408395338e+03 -7.624091934699982858e+02 2.651378003696115229e+03 7.054116989052495228e+03 2.516306088696862275e+02 4.781586382752552709e+03 6.862758705473859209e+02 3.503918133053447946e+03 1.090338378901089527e+03 -2.597723286786744211e+03 -4.771216376439238666e+05 -1.243813639140071464e+05 -1.343728818349541689e+05 -1.553288590240736667e+05 -3.701794806691361009e+04 1.460046223737732726e+04 2.628972349866207878e+04 3.606802142667329463e+04 3.627910522863196093e+03 -1.002076264289224855e+04 -4.126620710036793753e+03 -1.232282064578842665e+03 1.277965983047048030e+04 -1.747183777738326171e+04 -8.332381171750002977e+03 -1.441504428500962604e+04 -1.217121235816169474e+03 8.642666291379187896e+03 4.652314318089696599e+02 -1.976483911092684139e+03 -8.175256317288589344e+03 -6.384627243440628263e+03 7.057248766799355053e+02 -6.414024327516061703e+02 -2.016857247311985930e+03 -5.308375360341072337e+03 3.904460978080385303e+03 2.429520743077683619e+03 -9.914707076462532314e+02
2.538647137233808171e+05 5.360037231136439368e+04 4.460200331339105469e+04 4.736807681674846390e+04 7.391065572241317568e+03 1.487046059571652222e+04 2.158824528485497922e+03 -4.897519973830952949e+03 2.303400839196431207e+02 -2.501297128657079440e+02 7.877708945992685585e+03 1.327828104072377209e+04 1.186725165530779850e+04 2.737271782245980648e+04 8.418609167357036495e+04 1.990338519586906114e+04 7.677690497473137839e+03 8.581234458814940808e+03 2.706671492065779603e+03 1.299041903471159685e+03 1.161768525667253243e+03 1.805877156868184557e+03 2.333591839456587422e+03 -2.350741148519465469e+02 4.673100288223479311e+02 1.248832447988511831e+03 2.530033655096670827e+03 1.635155978789707660e+03 1.527161833091948893e+03 -3.567614652531536308e+02 2.997768239245556761e+05 2.516132708944776969e+05 8.684393601274845423e+04 9.406890746802523790e+04 -3.152141390136788323e+04 -1.176933901869448891e+04 9.177721111006250794e+03 1.856848822504347118e+04 7.866457699230225444e+03 1.827601806176444006e+04 6.213028164868746899e+03 2.109488705364034467e+04 2.128748433155805469e+04 8.595153973624308492e+03 3.313132919473381480e+04 -4.016741858512119961e+03 -7.425586035081276350e+03 1.906409550349683002e+02 4.844094507224245717e+03 1.163801556445921960e+03 2.510633033489360059e+03 3.749370308384364762e+03 -2.573638270209853999e+03 3.632205514635914369e+03 4.066912772058960854e+03 1.215328859782778181e+01 3.528213450156860745e+03 3.354743604101619212e+02 1.656264348204591897e+03 3.290787200198908522e+03 4.218298341714770067e+05 -1.163739898269857986e+04 -7.013477591804940312e+04 5.789018298798346223e+03 -1.020249074477031681e+05 -2.703726729072748276e+04 -1.005942079330504384e+04 -8.063107481178980379e+03 2.077960835871106246e+04 -4.088667252266134165e+04 1.082333915009481279e+04 1.443339082315720952e+04 -1.122960778149588441e+04 5.224212113282617793e+03 -1.201500301421132644e+04 -5.520113474102862710e+03 5.130614258047147302e+01 1.086619432936874773e+03 -4.374805472781858384e+02 -3.807985770435760969e+03 -2.104608403035258561e+03 -6.898333906889838545e+02 -4.809914064981966476e+03 -1.083793149450528119e+02 3.484013132990290615e+03 2.300782870485094918e+03 -4.190847154714238059e+03 4.777920904519100077e+03 -2.331292925103333573e+02 -5.172017073051265470e+03
-1.318617602790639794e+05 9.075495368965464877e+04 2.476814614420575163e+04 6.181847350685422134e+04 1.703910152002088216e+04 1.678663147518106484e+02 1.341234968924520399e+04 2.073450141416563929e+04 9.915089368496486713e+03 1.220451933118619081e+03 2.965427550754141521e+03 9.689712881763329278e+03 6.138632960841040585e+03 7.913709704205421076e+03 1.990338519586906114e+04 7.028541807629230607e+04 1.615893514459027028e+04 6.251472828071712684e+03 2.657041038352005671e+03 1.667561154831671956e+03 3.347100552180374962e+03 3.076698339449511877e+03 2.106697707083996647e+03 2.965913387185235024e+03 2.157758994407819046e+03 1.261058450199374647e+03 1.764281123331907565e+03 9.179390100405151998e+02 1.359726159521097316e+03 2.520724016144470170e+03 6.360669903312129900e+05 1.003486267832123849e+05 -1.481726916324230260e+05 1.689006325016276096e+05 5.322328546031165752e+04 -2.108888336486817207e+04 -1.380810967671953949e+04 5.073953119172297193e+03 2.153016896024801099e+04 5.780270929172329488e+03 4.074316942057485448e+03 2.221175261362899619e+04 2.937076062911569807e+03 -1.348309103987407980e+04 -6.111870934126184693e+03 2.853918306062052943e+04 -1.116915371355071329e+03 -1.306662520916656831e+03 -1.650589386656188253e+03 5.628076397082911626e+02 -4.122003078823359829e+03 6.175067189190708632e+03 -4.721238291056080016e+03 1.978646055174278615e+02 2.823776697325758960e+03 6.283168509212500794e+02 2.336113551149560408e+03 4.125185757263741380e+02 1.243791533475527331e+03 5.576098172790218086e+03 -2.937314475803469541e+05 -4.446114275294023682e+05 1.100421193972522160e+05 1.786747026262234140e+05 5.931007639209350600e+04 2.920813597969749753e+04 -8.170786055473089800e+04 -7.543662017288799689e+04 -1.327692324925048342e+04 -6.492403594396869266e+03 5.920127297738381458e+03 1.789929631502807388e+04 7.467533321022339805e+03 -1.117429835302761785e+04 -1.321194284318442260e+04 7.346351798959350162e+03 9.890074980838673582e+03 8.448859772664822231e+03 -1.425197330346235140e+04 -7.998812744978815317e+03 -6.216594723537450591e+03 1.524228169128016361e+02 -5.835684660870269909e+03 -1.800109410374620211e+03 -2.878148061159987719e+03 2.799990913917068838e+02 -1.693035649848617595e+03 2.890233125306890543e+03 2.271725745806297255e+03 -3.031981105299581486e+03
-5.716591601553562214e+04 2.905804723832952004e+04 4.452952915724434570e+04 4.265291066427888290e+04 -5.576351907501310734e+02 1.785762345797346279e+04 1.888669707072072197e+04 4.521246660194445212e+03 6.729619667108378962e+03 6.659836640833371348e+03 6.351287937786069961e+03 5.992375736332369343e+03 2.052800138405536472e+03 6.488899699581993445e+03 7.677690497473137839e+03 1.615893514459027028e+04 5.358537366647033195e+04 9.090318129894194499e+03 -2.843343647934344517e+03 1.587608795837415755e+03 1.486017162459983638e+03 1.374474058229621278e+03 2.432113002030463576e+03 3.617438140190324248e+03 1.225387038781439287e+03 2.622444513028581696e+03 -1.614098545108030862e+02 5.717039479530926656e+02 6.214377669625744147e+02 1.049250152298437115e+03 -3.919531986036271555e+05 1.633870892701773264e+05 1.462814268836213159e+05 2.822069746608124478e+04 -2.261080330085346941e+04 3.457796478836453025e+04 9.711341041607317948e+01 1.328657796071422354e+03 4.340167018287173050e+03 1.651746604579313498e+04 8.965631637608586971e+03 1.182360032408729012e+03 5.372370073946724006e+03 -2.423627995815975282e+03 1.569439392669496783e+03 2.487625996840816697e+03 2.128600112086737136e+04 -1.453810285109757615e+03 7.103161924286870317e+02 1.133464896302471288e+03 -4.760588357886569611e+03 3.116958093049474883e+03 2.056427596434132283e+03 1.501424437670476891e+03 1.291623003892484803e+03 1.105874113695276492e+03 -8.995566065459647120e+01 2.588043623479968119e+03 5.341121475464950663e+02 1.545024481131413722e+03 4.415007108428124775e+04 8.264656887427724723e+04 8.284305604107449471e+04 -9.372772420212641009e+02 3.104658804897399750e+04 -3.361852833828250368e+03 -3.263953031769124937e+04 -2.532044346635182592e+04 -2.216008849285116230e+04 1.745101756269041289e+04 1.448634919882691793e+04 4.795039988471567995e+03 8.161015749503341794e+03 9.711193517474566761e+03 -2.042955916636888333e+03 1.070607185872748232e+04 1.333010547017197496e+04 5.281464902563436226e+03 -4.585919526555973789e+03 -9.365518653744876474e+02 -4.232128098470187979e+03 -2.896117608468372055e+03 -3.151698996197278575e+03 -4.836323506559901944e+02 4.546868910904052427e+03 2.814952287442383295e+03 -1.435049957623281898e+03 2.848577583865033375e+03 2.666447270380292139e+03 5.488628331038474926e+02
