1.735230437927451432e+08 3.224084348561548069e+07 1.854757562963668955e+06 1.748312446519745281e+06 1.256574488546944922e+06 4.772637505383612006e+05 8.245603197830086574e+05 -5.374001572054087592e+04 1.479402111469118390e+05 -9.251975296703397180e+04 -6.734957101511402288e+04 -7.119685697634459939e+04 -1.205817442786742176e+05 -1.012238736886698607e+05 1.107391419284821459e+05 6.354245042563771858e+04 -5.873005924432934262e+04 -2.630269018567719104e+04 -4.994608924659970216e+04 8.761592387800561846e+04 4.471296630559011828e+04 1.407139858000244749e+04 1.847112947488621649e+04 1.050657135662647852e+04 -4.598626952223345870e+04 -4.280597862918885221e+04 2.893762580444605646e+03 2.641719861788014441e+03 1.138559891543231970e+04 -6.637885707547221682e+04 1.110323712619223632e+07 -1.379428836226370558e+07 -3.121845062410280108e+06 -8.262042285203876672e+05 -3.183263685235806624e+05 1.396851256536387838e+06 1.363584614158984041e+06 -6.728978780488270568e+05 1.852437036375977332e+05 5.584409981344370317e+04 5.609226920047408203e+05 4.913076970738304663e+05 1.867026366922303278e+05 1.181002983724062324e+04 -1.047965877944361564e+05 1.738236345060566091e+05 1.925530543655547372e+05 7.015396150860133639e+04 -1.879486763198866902e+04 -4.801057569040844101e+04 -3.181296434102149797e+05 -2.971487337740939256e+04 1.742160619939531171e+04 4.689854687305107655e+04 7.367016762700521213e+04 -1.132055934623802896e+05 4.814291453979357175e+04 2.218823762144896318e+04 3.196265796876317381e+03 -1.728182620343438466e+05 -8.149779575351020321e+06 -7.138004163215005770e+06 -4.561027885584671050e+06 -1.959993095664726803e+06 9.525001789110477548e+05 2.999338898182249250e+04 -2.956458678497857181e+05 -1.311878974667017581e+06 3.280341008971698466e+05 -6.130358355754484655e+05 -5.947383563973857963e+04 6.191076531123615569e+05 -6.432500750303243985e+05 -3.048398489111007657e+05 -7.458285710418055533e+04 -1.330805884909324232e+05 -1.767372811718726298e+05 -1.041388898154716444e+05 -8.793934516942162008e+04 -9.846856438366686052e+04 -3.591495422623202321e+05 -6.913591221524802677e+04 3.327266130879072007e+05 3.839345328771565255e+04 -1.219712251389273006e+05 -1.667694318814370490e+05 -1.104466730373556311e+04 -3.975928276176969666e+04 2.723904183977851790e+04 -1.204366236158152169e+05
3.224084348561548069e+07 6.093522984162974358e+07 9.520368891533700749e+06 8.001021438454652671e+05 1.238789326343614142e+06 2.544433585847053037e+05 3.692899165116614313e+05 2.573299909095849725e+05 2.307433902912155900e+05 5.847949124113456065e+01 1.787330183265249798e+04 -1.147721854350759531e+04 4.947618611315340240e+04 3.510225714156638423e+04 7.491132192735691206e+04 7.113430216952906630e+04 -2.289891681980695648e+04 -2.499519529759437864e+04 -2.118652701489962055e+04 2.383466385381709915e+04 3.354100254376780504e+04 3.262009862028263524e+04 1.938968900311381731e+04 4.544064381304493872e+04 2.071392229148184924e+03 2.845521732341673487e+04 1.086242261830635653e+04 -1.039291784174844179e+04 2.153115397225233028e+04 -1.638374575927378828e+04 2.474883847508454695e+07 4.985984384098201990e+07 -1.897542872136084596e+06 -1.927581016101541463e+06 1.858010642225408694e+06 3.018127741590520018e+05 3.446666146408625063e+05 3.039928220932724653e+05 -2.064608620865283592e+04 4.394525142934148607e+04 6.280324444035041961e+04 2.044422180252332473e+05 2.927311937398198643e+05 1.456730490101813921e+05 -1.363738872329012884e+04 6.929686248386284569e+04 6.673871263820141394e+03 -4.287392888158169080e+04 -5.177383142490520549e+04 6.011534303853048914e+04 -4.675290149280062178e+04 8.580232102340806159e+04 -1.860533404287539088e+04 1.081409380002608850e+04 8.783534241514494352e+04 -9.240686865769139331e+03 -4.212293828073338227e+04 -4.372669456297819124e+04 2.315656035446060559e+04 -5.887926671884147072e+04 5.914749834350979887e+06 -2.280487557206127793e+06 -6.878183723181007430e+06 -4.472320766895513982e+06 1.317085617148430902e+05 1.602361131074721226e+06 -6.345819873554856749e+05 4.347593131880873116e+05 6.058706047808235744e+05 -3.486063426038124599e+05 2.180076105061542767e+05 1.780609039157223888e+05 1.362767332071661367e+05 2.181010629638119717e+05 -5.790447211695362785e+04 -1.374194064556122175e+05 -1.344865125120290613e+05 4.111499290694540832e+04 7.133091260907340620e+04 1.329331763383347788e+04 -1.888389515819730586e+05 -5.666679649853638693e+04 1.356160416862484417e+05 7.197064287674950901e+04 8.120573655953699199e+04 -6.030736856976097624e+04 -5.498475757619128854e+04 -9.237140393032511929e+04 -3.133376396298657346e+04 -1.041041811511936103e+05
1.854757562963668955e+06 9.520368891533700749e+06 1.977416895408293605e+07 3.264128925036322791e+06 2.581919345970332215e+05 -3.001018720698444668e+04 -2.807762666542769875e+04 1.175386573423134978e+05 8.896137701667891815e+04 3.054157835143695775e+04 8.531096400838953559e+04 7.255627255134617735e+04 4.313989091001111228e+04 3.774354768365546624e+04 3.104935009095722853e+04 4.636628874146979797e+04 3.669958832456451637e+04 2.505365849111703574e+04 2.349558647389044563e+04 2.804075427187903188e+04 2.779837299137396622e+04 7.985839425360777568e+03 2.682083764228590007e+04 3.058490444766837390e+04 1.893595268907602076e+04 9.700200159959615121e+03 1.301047700543732026e+04 4.499667671322037677e+03 7.223803364758994576e+03 2.025667908492915785e+03 -3.597457463805042207e+05 8.433042762576609850e+06 2.006140053827954456e+07 1.248073643025896046e+06 5.823255008999010315e+05 -2.337613228325296368e+05 -5.194616770223507774e+04 6.527152257425537100e+05 2.257258232722762623e+05 2.302433969285905187e+05 1.331414332331779879e+05 3.515426260949056596e+05 4.471543131597614411e+04 8.835404454702607472e+04 5.542755523995726981e+04 9.335488735326445021e+04 1.328699116735454008e+05 1.121875080103390355e+05 6.705598244215175509e+04 3.447969446267442981e+04 2.453435296099678453e+04 -4.225746716712687885e+03 -4.994469553087711392e+04 2.351085693166149213e+04 4.468617275714730931e+04 -2.451844758960307809e+04 -2.637773611676670498e+03 -3.310621305018647490e+03 6.275540255996256747e+04 9.722074359014950460e+03 -1.384732148161851102e+06 -1.096990540392807918e+06 2.760519455088266637e+06 -1.960725295490501216e+06 -3.081621039917371236e+05 1.911871184862399823e+05 1.586311065480836842e+05 3.151091467951899976e+05 3.283848980793085502e+04 2.755066819166537607e+05 6.519108717096025066e+04 4.570330087073475443e+04 -1.495345606512264058e+05 5.579247225432331470e+04 9.229223549441499927e+04 -4.408277959585860663e+04 -9.237336893881116703e+04 1.471224268848306674e+05 1.044700625124503858e+05 7.555448903681685624e+04 5.252715389154523291e+04 -9.584104747378458342e+03 5.117767991846054792e+04 3.044326143011089880e+04 -9.569513317700106199e+03 -2.029344119704777404e+04 -3.094303739634495651e+04 -2.619439276622339094e+04 5.309964474324225012e+04 2.195272236879091724e+04
1.748312446519745281e+06 8.001021438454652671e+05 3.264128925036322791e+06 7.129438380473527126e+06 1.109878000088714994e+06 -5.907502400986260182e+04 3.951911984781754290e+04 4.001905513462280214e+04 -1.266897008488022402e+04 2.219998581774922786e+04 -4.374736509339016629e+04 4.237564652644717717e+04 2.181444261152744366e+04 -1.065915610403401814e+02 1.356768093179313291e+04 3.203464903548949951e+04 1.238653134429419333e+04 4.001776119596180251e+03 5.938980896380851846e+03 1.526685386231754092e+04 1.460776405476400396e+04 5.173665010213444475e+03 7.065148793014094736e+03 -1.021792406839593968e+04 2.624136068580752635e+03 3.433035101437012145e+03 7.408748704962865304e+03 1.900336347244995750e+03 1.403846645462192828e+04 1.082769428060277460e+04 5.889540269176204456e+05 4.980669574260454392e+05 1.963978242295522941e+06 7.919300939803020097e+06 2.949560680045996560e+04 -5.217996270760569605e+05 2.751387985608649906e+05 3.335861890158544411e+05 1.366415706413500593e+05 6.287379632743438560e+04 -5.715128474246631231e+04 1.233403223503468034e+05 8.614418812419657115e+03 4.562274756527089630e+04 4.541109466143076133e+04 8.808075249910818820e+04 5.650626429964794079e+04 2.207013577985564552e+03 1.508063580818645460e+04 4.973769076285841584e+04 2.712829298418688995e+04 1.854900043140790149e+04 -1.474034237574495637e+04 1.009936659353228606e+04 2.887364916892834572e+03 2.691644700747593015e+04 -2.662163700885940216e+03 1.084484397779444043e+04 1.345561584659411892e+04 5.181971197341339575e+03 3.338613867611576803e+06 2.111735932590487413e+06 -3.483404802928038407e+05 1.594480901037725853e+06 -1.338557937673826469e+06 -2.073393090814338066e+05 1.524985132153585437e+05 -9.416554810414787789e+04 -2.939437807218199014e+05 9.639206899947005149e+04 -1.017970601764489256e+05 2.170306731809728808e+04 -5.135323327387238533e+04 -2.245076075680147551e+04 -4.759749431968403951e+04 -7.329480558450612079e+03 -1.537945206060839701e+04 1.587563764658371110e+04 7.362179400313783844e+04 2.868921959433621669e+04 1.323190933431442136e+04 -3.155530202400570488e+04 1.111553083994795088e+03 -7.163799815909462268e+03 1.245934350478892338e+04 1.644934768210476977e+04 4.878232007944709949e+03 -1.142572491012301907e+04 4.164754268541224883e+04 -7.902401179132060861e+03
1.256574488546944922e+06 1.238789326343614142e+06 2.581919345970332215e+05 1.109878000088714994e+06 2.925536624759593047e+06 4.572372077339393436e+05 7.539524515812886239e+04 5.870241835980677570e+04 -6.368231786634966738e+03 -1.374743807920276959e+04 1.552210501720637694e+04 -4.181012969791814612e+03 2.773420567864945406e+04 1.324750334105084221e+04 2.027105879170223034e+03 1.025476826432678718e+04 1.282256140277234772e+04 -4.948974684245144999e+03 8.665700805441319972e+03 4.580945248552922749e+03 1.435868573494991142e+04 -3.192088808460676319e+03 1.443575359880966516e+03 8.029334412112788186e+02 3.440097078227637667e+03 -3.179407478570974490e+02 1.049130754790045285e+04 3.957613148929120598e+03 7.402790410477248770e+03 5.380376714477765745e+03 1.120682425639354857e+06 1.149172452190925600e+06 8.102624572645799490e+05 1.334104316835080273e+06 3.154328005852106959e+06 -1.392606343998824595e+05 -1.421849712206894474e+05 -5.336893599088616611e+04 5.166513413334966754e+04 -6.343202963961631031e+04 -4.270556397356922389e+04 1.402420719143675706e+04 1.674549583197199172e+04 2.620060710082275546e+04 3.584266294058122003e+04 1.059297910533512186e+04 2.934964154825565856e+04 3.860368939741813392e+03 -1.247072008048868338e+04 1.634550533857565097e+04 1.311495818872646851e+04 4.130592011616292439e+03 1.812672403262824810e+04 7.983675368727705063e+03 1.336667748591084091e+04 2.029815632185028517e+04 3.073113034926814635e+03 5.614441924447916790e+03 4.479675611725886483e+03 1.071250774002846265e+04 -2.516867202625865582e+06 -1.276666281937988708e+06 -5.389560567205214174e+05 8.988005347655187361e+05 5.481079493838236667e+05 -3.661008568108513136e+05 1.015075036838739470e+05 1.338051263576234633e+05 -1.626668417193267715e+03 8.875663311488471663e+03 6.318414102759095113e+04 2.426981217787404603e+04 4.220775758655343816e+04 4.682496179627514357e+04 2.707404371151760279e+04 -4.123349809533857479e+04 -1.796602007678410155e+04 -1.505568908076129628e+04 3.377647399250992021e+04 2.397357326776498667e+03 8.263956394458440627e+03 -1.825695174173402120e+04 1.406592582601520917e+04 1.688234870738135578e+04 -9.186447991030538105e+03 4.832324370370657562e+03 -6.376350330711936294e+03 2.203669758575807646e+04 1.348425134948733648e+04 1.321856049198002802e+04
4.772637505383612006e+05 2.544433585847053037e+05 -3.001018720698444668e+04 -5.907502400986260182e+04 4.572372077339393436e+05 1.533382601957489736e+06 2.928121196418061154e+05 7.447653204882863793e+04 4.235807119083966973e+04 4.045414739023930451e+04 9.867063139922202026e+03 2.564507598390217754e+04 3.122274037043656062e+04 2.042730380017239440e+04 7.614964225466508651e+03 1.310833341389961606e+04 1.043272154563699814e+03 -9.003634327878220347e+02 5.979612833142842646e+03 3.431911417679203169e+03 1.034306578516351874e+04 2.306945650489231866e+03 -5.454344626091561622e+03 -2.040010895050127829e+03 6.129729813624358940e+03 1.516097907623800438e+03 1.194518813220847051e+03 -4.185373634884653029e+02 6.576197766234196251e+02 -8.214731561274006708e+02 1.997353262252321583e+05 -4.040770279208726133e+05 -2.049267417153613642e+05 -1.388745597591515689e+05 6.499956533354615094e+05 1.617327621665163198e+06 2.020605212039003673e+05 1.256836218797464098e+05 2.161035743720527171e+04 3.448798932484648958e+03 2.426752044090229901e+04 4.877678436805660021e+04 5.174636271123208280e+04 4.282278778014893032e+04 2.553413948573475864e+04 3.293823498925194872e+04 3.364725966228871403e+04 2.176359734545658284e+04 3.847384090356032175e+03 1.887885397074775756e+04 2.379892288404974533e+04 1.085814565396154103e+04 5.747916738281745666e+02 2.639142071114479040e+04 1.560368703125935281e+04 6.180159335366487539e+03 3.954576156967089446e+03 1.499197373694968064e+03 1.039354974588406731e+04 6.582295260964772751e+03 -5.160997718844714691e+05 -7.851395003615111345e+05 -3.694881017220654176e+05 -5.600388754619671090e+02 -9.684282601276907371e+03 3.952802511279091705e+05 1.038343866686888941e+05 2.130093821129964490e+05 2.683375103931291960e+04 3.914852375089064299e+04 -1.043496665585450501e+04 1.536583317594296932e+04 2.142374167649618175e+04 8.790273539726615127e+03 2.663330647086954195e+04 1.541033518672575337e+04 -1.359959681178265419e+04 -5.450512042003846545e+03 1.589576475653092018e+02 1.667702291418091772e+04 1.244680682450517634e+04 1.931552733334346385e+03 3.756042342457154064e+03 3.666469914016984148e+03 7.750701387232288653e+03 1.853010132792548393e+04 1.196223123482006304e+04 1.293651191248626492e+04 6.824306773905001137e+03 8.865438217674418411e+03
8.245603197830086574e+05 3.692899165116614313e+05 -2.807762666542769875e+04 3.951911984781754290e+04 7.539524515812886239e+04 2.928121196418061154e+05 8.935911783096238505e+05 2.176806292802061944e+05 3.048442043400660987e+04 4.054551173353659397e+04 1.380213925326356912e+04 2.280686424503711169e+04 2.064429435680736788e+04 9.968015151845695073e+03 1.628436184417761979e+04 8.290462466148730982e+02 -1.279897322984672428e+03 4.488341283899522750e+03 6.525302897795839272e+03 7.807047886923644910e+03 5.122875369699761904e+03 1.697137942763393539e+03 5.623003328036655830e+02 3.246103928084692143e+03 6.782332338079089823e+03 9.691967579662888284e+02 -2.452759868519028259e+03 -2.752080718783219254e+03 4.523939429058658789e+03 3.780280720927577477e+03 8.414466082739286358e+05 6.251721322273109763e+03 -4.654213062784833601e+05 -1.142070976469241141e+05 -5.230697856662006961e+04 2.596969044060963497e+05 9.335905544936736114e+05 1.360716186306017044e+05 -3.397812863332132838e+04 2.277068309944562134e+04 6.268403728047588629e+03 4.253744938754907344e+04 2.508962750859461812e+04 2.132109009513808633e+04 3.208406296865552213e+04 1.482349512718699407e+04 1.044458559398431316e+04 3.433691499326487974e+04 -4.787814571314757814e+03 2.092268241440675047e+04 -1.299279899656856287e+04 -7.408943533920061100e+02 5.729257464081390026e+03 3.521397641300610758e+03 1.089445241389188595e+04 3.979183559242024785e+03 -6.193475139134082383e+03 -4.980044194698381943e+03 1.414579395452236531e+04 1.291231626740807224e+04 8.864735518779527629e+05 -1.875769076884911046e+05 -5.319602278163054725e+05 -3.191305037040810566e+05 -3.318536672751233564e+05 6.689282766373136838e+04 1.922321404441583145e+05 -1.153580122145950372e+04 7.713365366557666675e+03 -2.051064851675866157e+04 -2.318437914252869450e+04 4.976162340156261780e+04 1.239932566447907629e+04 -1.937402826501702657e+04 3.456232799573249213e+04 3.304086266031442938e+04 -1.957361735020627020e+04 1.771218664058578270e+03 -3.203457547830764815e+04 4.808688277316333370e+03 -1.624426145621968317e+04 2.619222222520580544e+03 2.865888846722509243e+03 -8.388344848603770515e+03 1.778732924319218228e+03 1.733165365326952451e+04 3.167493582884700118e+03 -6.378195255164939226e+03 -2.036991347300962616e+03 5.491541986534031821e+03
-5.374001572054087592e+04 2.573299909095849725e+05 1.175386573423134978e+05 4.001905513462280214e+04 5.870241835980677570e+04 7.447653204882863793e+04 2.176806292802061944e+05 5.076935228857219918e+05 9.464505543964193203e+04 2.158920848762675087e+04 7.915771274616554365e+03 7.176221453669038965e+03 5.668787221188737931e+03 5.770664627113748793e+03 1.086107146221760559e+04 -2.591530932767007016e+03 1.585250455877044033e+03 8.291573677312311702e+03 6.577577654935272221e+03 2.557696917665736237e+03 2.070846699602475383e+03 1.158336804164053319e+03 1.296463938252361913e+03 4.834390359081488896e+03 9.012961042134966192e+03 4.212954671684710775e+03 4.007046215471951200e+03 9.583083201744080952e+02 2.788873545318579090e+03 1.162845753819340871e+03 -6.219214968915992649e+05 2.618384019622579508e+05 2.446315185407272947e+05 -1.276657500977785821e+04 -1.637961878006978441e+04 -6.455170419740168290e+04 1.162081538559028704e+05 4.007056370913059800e+05 4.155411446667679411e+04 1.761115040825180586e+03 -7.202667115105291487e+03 2.026217847046886891e+04 -4.733049659010339383e+03 3.768184885800718348e+03 2.390361053502619325e+04 1.268383039056245070e+04 4.282332394004294656e+03 8.974752621444508804e+02 3.375511870326901317e+03 1.260663431482738451e+04 1.869843085214846269e+03 -1.618107877158274448e+02 3.576964225476023330e+03 9.385051403784615331e+02 4.715925488930433858e+03 3.803930497472686056e+03 4.530432480688347141e+02 -2.901152627454601316e+03 4.891479236022131772e+03 5.592929487266900651e+03 2.475368499087158707e+05 7.204343168881930178e+05 2.036807157988711697e+04 -9.351996232528235851e+03 -1.458868176251195837e+05 -2.607211426965897044e+04 2.445758090068984529e+04 1.073711998963726946e+05 -4.274696822556763800e+04 -2.092123087626223787e+04 -2.316670438408367409e+04 2.636064785704784754e+03 -1.916821142751638399e+04 1.931420390410065238e+03 3.036507989410698065e+04 9.082931047737332847e+03 1.629654157532243698e+04 8.286808814132838961e+03 -3.878157171882545526e+02 2.094475542020384819e+04 -1.506294105295221186e+02 -9.232640014962840723e+03 -1.372425564642974859e+04 -4.400996067937951921e+03 -5.961608904283945776e+03 2.206594002045120305e+03 -8.286901016081152193e+03 -6.188994645910835061e+03 3.036836826075681984e+03 7.830928307640187086e+03
1.479402111469118390e+05 2.307433902912155900e+05 8.896137701667891815e+04 -1.266897008488022402e+04 -6.368231786634966738e+03 4.235807119083966973e+04 3.048442043400660987e+04 9.464505543964193203e+04 3.332997367823109962e+05 7.773952995909641322e+04 1.814907848955142617e+04 3.535175118450353239e+03 4.594244659717139257e+03 7.638180464378277975e+03 1.206463407189287136e+04 3.611410285013953398e+03 1.131587409545802984e+04 9.783050853262579039e+03 9.038205898590062134e+03 5.781539913045252433e+03 3.521553990961791897e+03 1.096807258312608582e+02 2.611344547782854079e+03 1.021432105089811330e+03 4.578591340973138358e+03 2.370646733396637046e+03 2.938625806540550002e+03 1.906960128025431914e+03 3.033710759389224222e+03 2.205749531078846758e+03 -6.544089341621825006e+05 1.530505904903082992e+05 -2.077697333359174081e+05 -1.677114034010559553e+05 -1.277524016453962104e+05 7.658752147597119620e+04 -1.570999550671460383e+04 -5.182782071193827505e+03 2.617257939041321515e+05 1.439098633392902047e+04 2.637920215678463592e+03 -1.589512867336058662e+04 6.707264683343921206e+03 2.606512949697730073e+04 1.669199540776377398e+04 8.668731261089725422e+02 -5.201873217996894709e+03 6.899275171381148539e+03 7.192660322536345120e+03 1.380075951236927540e+04 1.143654702284053019e+04 -5.419601165848181154e+03 -5.464252744931512780e+02 -5.277975420818035673e+03 4.313730716091176873e+03 -4.260850123901039410e+01 -1.500556695549868664e+03 -3.138473572646806133e+03 4.234424429279200012e+03 3.871400927643254363e+03 6.300950020259753801e+05 7.623491733970344067e+05 -1.405224096666527621e+05 -1.921165482215905795e+05 -8.649354379036890168e+04 1.067106368884521944e+05 -3.169205298777015560e+04 -2.690638746573122626e+04 4.827428614781701617e+04 -2.858907533047474135e+04 -5.141852442273690940e+03 1.124023903678366332e+04 -1.465260593924114619e+04 -3.021145698180995532e+04 -8.611524523470234271e+03 7.947282681251837857e+03 8.817551871335184842e+03 2.590760868094257603e+03 3.018374834961476154e+03 -2.125577956219845873e+03 1.000501846544615660e+03 -1.667791493254378656e+04 -1.278398798451260518e+03 -8.820222691906266846e+03 -2.798729483624531440e+03 4.675554107166651193e+03 6.456292481429788495e+03 2.172422014470014346e+03 2.600473792353848694e+03 -1.349087726416358919e+03
-9.251975296703397180e+04 5.847949124113456065e+01 3.054157835143695775e+04 2.219998581774922786e+04 -1.374743807920276959e+04 4.045414739023930451e+04 4.054551173353659397e+04 2.158920848762675087e+04 7.773952995909641322e+04 2.077701303445630183e+05 4.537186812659184216e+04 8.078177372933552761e+03 5.386593147693782157e+03 7.513795758676306832e+03 5.793424391186089451e+03 4.123147221143395655e+03 5.314924460117085800e+03 7.234317824170049789e+03 2.309737160396927720e+03 2.178521564690503055e+03 4.508067808939123097e+03 1.429220388718930963e+03 3.019173935607856947e+03 1.253497047913408096e+03 4.057170656239780783e+03 1.076158209798222515e+03 1.051094348188994900e+03 1.619371335123297968e+03 2.674384920225335009e+03 1.670575922361834728e+03 -4.756570058097117580e+05 -4.483827848009826266e+04 1.383720285994099686e+05 1.211929369343460712e+04 -7.294074922709094244e+04 2.129956498753195774e+04 1.373128528366626961e+04 -2.753092171077879175e+04 4.069608092672208295e+04 1.665359129507154285e+05 6.853034193484137177e+03 5.686556314967180697e+03 4.502799012074353413e+03 7.686915341507138692e+03 1.371275858641686136e+04 8.272822022797643513e+03 -8.503128233831957914e+03 4.746879115404921322e+03 5.641564571246485684e+03 4.542309140347681932e+03 3.741260383317886863e+03 -1.605631911272964771e+03 2.041071931408013370e+03 6.570681130321935370e+02 1.026747323918419352e+04 -3.402300473135433549e+03 -1.881558650464462744e+03 8.303154563115890596e+02 -2.054871643282740934e+03 3.626324545397686961e+03 3.880662323363459436e+05 3.621856679886663333e+05 -9.465428241708592395e+04 7.020054368559599425e+03 7.687247228466522938e+04 5.500990742297004908e+04 -2.038945313393115066e+04 -3.439343459363230795e+04 2.108150635324677933e+04 3.836599438348069816e+04 -2.568091813913416263e+04 -1.094328308675705728e+02 -3.362652975025118849e+03 -1.239074602815977414e+04 1.229046044828690356e+04 -6.363247376006338527e+03 -2.778362016386635332e+03 -4.249213926274343976e+03 -7.808060514308926940e+03 7.368895578975887020e+02 8.537279725586931818e+03 -1.151457401617925279e+04 -1.517414845426302236e+03 -3.334241158812680624e+03 4.613219093757285918e+03 -4.459600491864307514e+02 1.314439294987961375e+03 3.412621129221168303e+03 2.334441780761730115e+03 -5.600819926315303974e+02
-6.734957101511402288e+04 1.787330183265249798e+04 8.531096400838953559e+04 -4.374736509339016629e+04 1.552210501720637694e+04 9.867063139922202026e+03 1.380213925326356912e+04 7.915771274616554365e+03 1.814907848955142617e+04 4.537186812659184216e+04 1.324976846032621397e+05 2.436887204888250562e+04 6.784952624807057873e+03 5.771572155488241151e+03 5.139804588034494373e+03 3.597068368626285064e+03 5.075219806814671756e+03 6.019749315269491490e+03 1.873079982399335449e+03 3.285046038197478538e+03 5.781311592381465744e+03 2.088758695433122739e+03 2.737444078867132248e+03 1.838924846554524038e+03 1.030826246329454307e+03 -3.370632091295760091e+01 1.665631366130409560e+03 6.918369846803784640e+02 7.149959042747804006e+02 1.348259809719633949e+03 -4.229619395398697234e+05 1.740752482029254897e+05 2.267184010336376086e+05 3.217527996983635603e+04 3.446079932171904511e+04 -1.031024690449108857e+04 8.676803656925201722e+03 1.075316801610661059e+03 1.868034487115926459e+04 1.357983901692588188e+04 8.425833838173010736e+04 -5.232668294298538058e+03 4.169117503768783536e+03 1.497611631601749195e+03 8.363235687554100878e+03 2.491522900602026311e+03 4.338709026366896978e+03 5.881098287568912383e+03 -8.169894534703679483e+02 3.912027496042467646e+03 6.851116169994201073e+02 -4.306693340265645020e+03 2.169167692904616160e+03 3.343714358495994475e+03 -3.236811043963587508e+03 -2.633921508224551644e+02 -2.237819874277003692e+03 1.709386098373911636e+03 4.231225382603334992e+02 1.458247571078416058e+03 3.469469424117138842e+05 2.617279583302751707e+05 -1.375466042466680119e+04 -9.318776589793292806e+04 -4.025310590331599815e+04 -9.544935728429050869e+03 3.805176567193998198e+04 -3.524883617831867741e+04 1.360274160004945043e+04 5.842923141996625418e+03 -2.990111612550478185e+03 -2.341495329823655993e+04 1.093646221569218142e+04 6.013271665661709449e+03 1.574506284043515916e+04 1.030804401808037437e+04 -8.303429742010963309e+03 -1.717709475795225217e+03 -3.738371933733758397e+03 3.848461313783415790e+03 9.568490407548319126e+03 -1.179085361117473667e+03 3.083670497965519530e+02 1.968937934821268755e+03 -1.052524164915619167e+02 -7.823896491920575045e+02 -2.055091566975679598e+03 8.840467950422961394e+02 1.637791712489759846e+02 3.422738135212976431e+03
-7.119685697634459939e+04 -1.147721854350759531e+04 7.255627255134617735e+04 4.237564652644717717e+04 -4.181012969791814612e+03 2.564507598390217754e+04 2.280686424503711169e+04 7.176221453669038965e+03 3.535175118450353239e+03 8.078177372933552761e+03 2.436887204888250562e+04 8.903337088982219575e+04 2.374987585132459571e+04 1.383826388722510728e+03 4.539302173239881085e+03 4.040094699992630012e+03 2.830120841557555650e+03 3.092677056046474718e+03 4.258571205066145922e+03 2.172115101699924708e+03 4.467860695831141129e+03 1.357259996583733027e+03 3.024255885233271783e+03 2.766464369276955040e+03 1.352738104074566991e+03 9.151357417553326741e+02 -2.936286779397715918e+02 -2.433166762208632861e+02 1.429965108145143859e+03 -3.902059577163655035e+02 -3.707281613002822269e+05 2.611639035947169468e+05 1.350812577585264808e+05 1.949460149405737684e+04 -4.142631672529263597e+04 2.328358087164653625e+04 8.171786499169340459e+03 2.131054701861969079e+04 1.183557243242688673e+04 2.169664637018918256e+03 -4.505295008360877546e+03 5.916875823707786913e+04 4.899991936258609712e+03 -1.292820708290833500e+04 -3.413642761388449344e+03 2.403528722167746764e+03 -1.714934815726536499e+03 -7.649292621035051525e+02 -9.125338028059895805e+02 3.273106693893024840e+03 3.844234637847527210e+03 4.395467468099288453e+03 1.748087239722992479e+02 4.134947850362052122e+03 1.251078040684274129e+03 -2.217208286878667707e+02 -2.438529232986548323e+03 1.264162130522814635e+02 2.160097992902613896e+03 5.192244184941904450e+02 3.496941130766863935e+05 2.264232993606135133e+05 -1.805915460916097436e+04 -4.054253313788061860e+03 -5.284113940896881104e+03 -4.601054291187802301e+04 -1.305081554718578445e+04 6.093073365696206565e+03 1.426623117950193773e+04 -5.929166489727344015e+03 -1.582869152036308878e+04 1.250199896163071935e+04 2.394293389524604834e+02 3.031496745058285796e+03 1.714745847841314026e+04 4.153648686822481068e+03 -6.382798530746044889e+03 -5.827093780043545621e+02 1.813453034885331192e+02 -7.348139473239174322e+02 2.821197268354412245e+03 1.628816193136955690e+03 3.351387830012742484e+02 2.012858142225190250e+03 4.263433144403501501e+03 3.890799967875601396e+03 1.457117170870935183e+02 -1.539443377332861246e+03 -2.744120013770913715e+02 7.431901344064948489e+02
-1.205817442786742176e+05 4.947618611315340240e+04 4.313989091001111228e+04 2.181444261152744366e+04 2.773420567864945406e+04 3.122274037043656062e+04 2.064429435680736788e+04 5.668787221188737931e+03 4.594244659717139257e+03 5.386593147693782157e+03 6.784952624807057873e+03 2.374987585132459571e+04 7.566321730922578718e+04 2.010577975628749846e+04 6.671530197653871255e+03 3.650653599154151834e+03 1.525152414815594739e+03 3.104089946327672351e+03 1.439154205886680529e+03 2.167187711282430882e+03 1.125635004651994223e+03 2.412123474453110703e+03 1.271387636858993346e+03 3.132543901317197651e+03 1.416498319809313443e+03 1.687442613346620192e+03 7.510153340712593035e+02 6.862966855399909605e+01 1.854569154845509047e+03 5.249684641484102485e+02 -3.400992343366431305e+05 2.069013557368678739e+05 7.298953278989561659e+04 -3.138561319718011509e+04 -4.046078909265915718e+04 1.812228739001454016e+02 9.937413891453203973e+01 -1.651994964345691915e+04 -4.939475675029310878e+03 -4.798609248903991102e+03 -9.557981031165587410e+03 -1.569825388224513881e+04 3.519449568124527286e+04 5.262161868730264359e+03 4.401745587085152692e+03 -3.646856847656473519e+02 -1.811316376193541828e+03 2.430644887089486929e+03 -1.146678803676147254e+03 4.019254733576774925e+03 1.659716828194717436e+03 -1.772116936634473063e+02 1.145445022217233827e+03 3.781637434577590739e+03 1.387101478332445595e+03 6.819909480898630818e+02 1.326543495860194980e+03 2.422843395202883130e+03 1.708039303701436211e+03 -2.551328501996475097e+03 3.471203590723774978e+05 -4.024061908000867697e+04 -1.757994349808483676e+05 -8.892109916273024282e+04 -6.809531342028283689e+04 -3.142371009681335636e+04 1.703256857138495252e+04 6.759916385152813746e+03 1.987056412421664936e+04 -2.248074211016375193e+04 1.083901270922667209e+04 -1.348058929412014095e+03 9.593940650516004098e+03 -1.357231062694460343e+04 1.078187194012371947e+04 2.274934606217854707e+03 -5.993846662660487709e+03 4.604529570926657129e+02 -3.133132224950405771e+02 3.063020999165300964e+03 -1.367163137775807627e+03 2.814022740787559997e+03 3.045623707895214466e+03 1.406763184008985945e+02 -2.389934184320003112e+02 1.762448594392752739e+03 4.543831681229234164e+03 3.556210373438996157e+03 -5.595221035836075316e+02 1.963719132663882874e+03
-1.012238736886698607e+05 3.510225714156638423e+04 3.774354768365546624e+04 -1.065915610403401814e+02 1.324750334105084221e+04 2.042730380017239440e+04 9.968015151845695073e+03 5.770664627113748793e+03 7.638180464378277975e+03 7.513795758676306832e+03 5.771572155488241151e+03 1.383826388722510728e+03 2.010577975628749846e+04 5.252296853325582197e+04 1.262607057939644255e+04 3.392920289548997062e+03 3.078510175589985920e+03 3.465762529940590412e+03 2.913244247845545033e+03 2.229503552883096290e+03 2.055008855103763381e+03 2.503425756343433022e+03 1.747350376546781035e+03 1.378195751695050376e+03 1.791084866867188111e+03 5.949686152183213608e+02 8.589296805908503529e+02 1.159245578358311604e+03 1.538755708206019335e+03 6.369691360275382976e+02 1.622217151112033753e+05 9.440098449475581583e+04 1.443062624062037212e+05 4.724543601998744998e+04 1.302113202443701994e+04 -1.626388811739860785e+02 3.522095216931287723e+04 -8.847670224127316033e+03 1.401025250492020859e+04 -3.994366044241189684e+02 -1.443917318504694776e+04 -1.078709608341506464e+04 2.625564385912064154e+03 3.396401233100279205e+04 7.816902818027283502e+03 2.006586328615580214e+03 4.174138490603311766e+03 1.233379276835106339e+03 5.531223981185465277e+01 1.646162351360641424e+03 3.934293840171155807e+03 2.919052211421571883e+03 -1.348783259032095202e+03 2.451531808663592528e+03 1.171713717470863457e+03 1.742148759970119727e+03 6.474879471509141240e+02 -2.131648687539919592e+03 -1.112442537415056222e+03 -9.362093375607380494e+02 1.233712394497392233e+04 -4.514027906590327621e+04 2.107566652949892523e+04 -7.411957017113988695e+04 -3.802881700932985405e+04 -5.305659717204942717e+04 2.780579251418067361e+04 -1.411059950345246762e+04 1.417215028055216499e+04 2.863941125312390795e+03 1.237924324138960799e+02 2.632681141750195366e+03 -5.394057064720954031e+02 2.458343128358677859e+03 -1.512720107029897918e+03 9.111517575593372840e+02 -1.892842489328810643e+03 -4.227206755476534454e+03 2.727296752499135437e+03 -8.620406267238162172e+02 1.734394356799903335e+03 -1.690751736539560397e+03 -4.561559288799807291e+03 2.926641636044866573e+03 -1.620958792405664781e+03 1.180827674231935589e+03 1.567197492945294471e+03 -6.766702551827058869e+02 -7.565815031758953637e+02 -9.137472300177887519e+02
1.107391419284821459e+05 7.491132192735691206e+04 3.104935009095722853e+04 1.356768093179313291e+04 2.027105879170223034e+03 7.614964225466508651e+03 1.628436184417761979e+04 1.086107146221760559e+04 1.206463407189287136e+04 5.793424391186089451e+03 5.139804588034494373e+03 4.539302173239881085e+03 6.671530197653871255e+03 1.262607057939644255e+04 4.289731538715062197e+04 9.518204413953095354e+03 1.973429523849167936e+03 3.908991418037692256e+03 2.073974743171834234e+03 2.932378144958740450e+03 1.616889371520114992e+03 1.189293441325678259e+03 1.172719735989398487e+03 1.385125723673885659e+03 6.005038884455667585e+02 1.098329114272632978e+03 9.554859262117943217e+02 3.828445687638950972e+02 1.465756908500434065e+03 4.326016870329497692e+02 -1.188459975207910029e+05 1.101999030859214690e+05 1.215212181296026392e+05 2.691916233767956146e+04 5.116054019983579201e+04 3.683855654442868399e+04 2.028971460660937009e+04 -1.496700943648957718e+03 9.174307579068574341e+03 6.174261847640255837e+03 2.984712215029584058e+03 -1.301081924664837516e+03 2.995944513247183750e+03 4.246777027490198634e+03 2.866552208125482139e+04 -1.099071865256807541e+03 1.510694384236476481e+03 3.647591511339073350e+03 -7.379019519151854638e+02 2.551799735170692657e+03 1.320053661752835978e+03 2.854083834618850688e+03 2.175539433469378309e+03 2.864089476684245255e+03 1.933478117463377430e+03 5.272372101936642963e+00 -4.592678915028288884e+02 -1.082359584063016428e+03 5.724283953152106506e+02 -8.473805078308384964e+02 -7.325190622090129182e+04 -8.511579259293875657e+04 1.268588743921990863e+04 -6.546071430986085761e+04 3.343619405136472051e+04 3.267468792180013043e+04 1.226628859891408138e+04 -2.603131853962790046e+04 -6.533366750848784250e+03 4.925650038130607754e+03 7.973805750418433490e+03 8.570401576199894407e+03 1.008371382697331137e+04 6.049704285647055713e+02 1.510566149267711626e+04 2.736343246598054975e+03 2.053768155801273679e+03 -2.034120427395792376e+03 2.105489700931196694e+03 1.265333115646519900e+03 1.808374690361437388e+03 -7.782104669803673858e+01 6.642854446418573389e+01 3.620544951982189104e+03 2.109811046068480209e+03 3.589885322078945137e+03 -1.419792041487012284e+02 3.619301493690457505e+01 9.621366696869350790e+02 1.139723282801502592e+03
6.354245042563771858e+04 7.113430216952906630e+04 4.636628874146979797e+04 3.203464903548949951e+04 1.025476826432678718e+04 1.310833341389961606e+04 8.290462466148730982e+02 -2.591530932767007016e+03 3.611410285013953398e+03 4.123147221143395655e+03 3.597068368626285064e+03 4.040094699992630012e+03 3.650653599154151834e+03 3.392920289548997062e+03 9.518204413953095354e+03 3.344913605038046080e+04 9.727402826098999867e+03 3.328618425236966232e+03 2.239498636625856307e+03 2.696930819277511546e+03 2.184387247995277903e+03 1.294119072089767315e+03 1.833517466353126338e+03 1.573983254175596585e+03 2.811134490217748976e+02 9.127195119027693408e+02 5.686652956382649791e+02 9.627698360179522297e+02 8.072232435341347809e+02 8.979533442811359691e+02 -2.837655023009195575e+05 7.859201021544021205e+04 5.933970975289287890e+04 7.100585336775550968e+04 1.132264507263652740e+04 4.292752511448488076e+04 4.013033623994238587e+04 -2.763392728809666551e+03 1.269795339771364888e+04 4.860653884171534628e+03 -4.693400395801379545e+02 -7.370386011833400062e+02 2.032162709894791533e+03 -1.011137733211556224e+03 5.428847733380965110e+03 1.799788653905626052e+04 1.435235140766914128e+03 -5.581336846243827949e+02 7.343731865257626623e+02 3.132213827793308155e+03 2.418273050030790728e+03 7.345963348426477069e+02 2.054223992511865617e+03 2.553722573298516636e+03 2.208111158780163805e+03 2.405011285310135008e+03 1.026280733463804381e+03 -9.433887094704999754e+02 1.855700865496717711e+02 -5.356047464195156635e+02 1.992889951245281263e+05 2.043996312800611486e+05 -5.137984165261426097e+04 4.801573036429873900e+04 1.440575436443310355e+04 6.021938824846155512e+03 3.421440095966569788e+04 1.685176267233764520e+04 1.062677837060276579e+04 9.402794498157194539e+03 5.581413682199206960e+03 -2.469077729681880555e+03 -3.383485893536396816e+03 -2.162582985420697241e+03 3.536977912190216102e+03 9.003418521398914891e+03 -4.237216206543703265e+02 -3.815147044924533930e+03 4.573578884932180699e+03 2.499252205343628248e+03 1.667336682081102026e+03 -4.503664450980278161e+03 3.570401695802129893e+02 5.547321084680297787e+01 1.334014553772292402e+03 2.403375828264312076e+03 1.269377897741120023e+03 -2.225665027524085531e+02 -1.319685414561437256e+03 -1.508552403647443725e+03
-5.873005924432934262e+04 -2.289891681980695648e+04 3.669958832456451637e+04 1.238653134429419333e+04 1.282256140277234772e+04 1.043272154563699814e+03 -1.279897322984672428e+03 1.585250455877044033e+03 1.131587409545802984e+04 5.314924460117085800e+03 5.075219806814671756e+03 2.830120841557555650e+03 1.525152414815594739e+03 3.078510175589985920e+03 1.973429523849167936e+03 9.727402826098999867e+03 3.048251924749973114e+04 9.285693238798237871e+03 2.786742049362556827e+03 2.415521951849264497e+03 1.929450090243032946e+03 9.930558181334820347e+02 2.010076824400082842e+03 1.448251362510332910e+03 1.132045564790445724e+03 1.426586310423831037e+03 1.222912227278491628e+03 9.307623672747321280e+02 7.650294390299297902e+02 1.167691881343891502e+01 -2.305050334341665075e+04 -8.593660361948162608e+04 6.560018987907686096e+04 8.023005308858258650e+04 1.186012516221346050e+04 3.922838565084899892e+04 -5.946741593397639008e+03 -3.165558965748817627e+03 1.776624074706244937e+04 5.364255222124320426e+03 8.710037654891024431e+03 9.559219999967421245e+03 3.648198915504000524e+03 -4.768662286330223310e+02 -1.325554829373622397e+03 -8.203721817229310318e+02 1.447915956301854203e+04 -4.530107616042313907e+02 -9.205286004503814183e+02 -6.552169454242154245e+01 -8.569047431523283649e+02 1.915921379327720388e+03 3.892397752036316092e+02 6.474774019254324458e+02 2.380794606888044200e+03 2.400452653616140196e+03 8.050804789222088402e+02 -2.593005391773990596e+03 6.020125267928116273e+02 1.108985664461114084e+03 1.270092035352324456e+05 -1.288331827058905765e+05 3.155451860860630768e+04 -1.828350357654313848e+04 4.580566969551535294e+04 1.132554830552159956e+03 -2.147358354338536083e+04 2.468689172751529441e+03 2.046469892966726547e+04 5.328720012547084480e+03 1.280476070873854724e+03 3.314804864207185801e+03 8.010157024705780714e+03 4.514221474122561631e+03 2.893014754352576347e+03 4.654351096005021645e+03 3.237668655656816554e+03 3.361214059433069679e+02 -2.606117898688360697e+02 7.041615781621004544e+02 -1.134648505893943877e+02 -9.579759319397142008e+02 -1.825197833025035834e+02 1.043668683341886663e+03 8.976750723436919088e+02 2.732785363277725082e+03 4.050108151818175884e+03 -1.509171041408379779e+03 4.282092106090324819e+02 -1.495646438026046553e+03
