3.628362268696519732e+08 1.475625480640016496e+07 -2.225224624670333287e+05 3.274857852549153380e+06 -2.130220838323695585e+06 -2.135077189765785821e+06 2.846317781057801913e+05 3.192445953556594031e+04 -4.692948892409737164e+04 4.371848916915883892e+05 -4.664346839858372114e+05 -1.718893508479449520e+04 4.854763539265287545e+04 -4.102161730262009951e+04 1.356279559900232125e+05 -2.491551459370985976e+05 -2.992345173243311729e+04 3.345849823266643216e+05 2.429470563714565651e+05 2.301626308286280619e+04 -8.743334536371915601e+04 -1.550930218987014669e+05 6.989243207830394385e+04 -4.766857555040408624e+04 -1.164819422708568163e+05 -5.408643022091437888e+04 -1.191484143739003339e+05 -1.001283414349473314e+05 4.141895560558311263e+04 -1.194765424537441431e+05 -1.045332465258912444e+08 -4.666228151033960283e+07 -4.086478611685064156e+06 -6.816351993887994904e+05 -3.624102610636522062e+06 -2.560578533578052185e+06 3.416284114668879658e+06 -3.663016626966350595e+05 8.390574059242415242e+05 -8.536743430825277464e+05 -1.408796185380596202e+06 -5.540443380293744849e+05 2.133330661248545221e+04 1.370218382571809634e+05 2.571012968563708419e+05 1.338060655497833795e+05 -5.789195281588255602e+04 1.368224525799511175e+05 8.905291683997459768e+04 -4.292383240427850978e+04 2.792367253659605049e+05 -7.413957015665011568e+03 -1.042623880812357529e+05 -1.594457507943658275e+05 -1.554080021082089515e+05 1.485371293107918173e+05 6.994025164942468109e+04 -5.424627826180419652e+04 4.662842628683234216e+04 1.634279530031076683e+04 -9.011279356314985454e+07 1.992635219679574296e+07 -1.773110013627185021e+06 -1.366049282272937521e+07 -1.879089221766220173e+06 -2.888579896833301522e+06 2.998214881580031943e+06 6.873539375567686511e+04 1.574971829268495087e+06 2.672026518033835455e+05 -2.961381712496757391e+05 -9.930543633759820659e+04 1.042171443985836697e+06 -5.212807189243731555e+05 -7.248038190407846123e+05 6.913373471055902774e+05 -1.813415972664564324e+05 -2.565354867715438595e+05 -2.311590999551085988e+05 2.708869216412138849e+04 -2.867576809566682205e+05 1.070394057839678862e+05 -2.691499831213888829e+05 2.596078944314801483e+05 -4.855988751162088738e+04 -2.725940234122591792e+05 -1.539213500476598274e+05 -5.652507785096530570e+05 9.987033448965815478e+04 2.203060814638684969e+05
1.475625480640016496e+07 1.211107089988572299e+08 5.984647757425057702e+06 -1.105780566237399355e+06 1.697069965981974965e+06 1.868386510513531684e+05 3.962563731003616704e+05 8.684316025278171583e+04 5.246638053091414040e+05 -1.482219665178877403e+04 -1.371825265464592085e+05 -1.175431423987765993e+04 -5.101585278874162759e+04 -3.436591740955140722e+03 3.495702234426230279e+04 1.486533605574600224e+05 6.456988013593230426e+04 -3.377137485992125585e+04 3.830413760545389960e+04 9.244240989368145529e+04 1.133848925901917391e+05 3.139359675626972967e+04 1.183598179985581664e+05 1.070384174474345346e+05 -9.515295974989452225e+04 7.155222034755926870e+04 -4.951414010278137721e+04 -2.994616904290410821e+04 -3.498294976080069318e+04 3.264351349938601925e+04 -7.498061549908293411e+06 6.322991692803265154e+07 -6.648895777705571614e+06 -1.351950103386655974e+05 3.531957325791144744e+06 -9.754614564529964700e+05 1.836525765836053062e+06 -4.951485410673819570e+04 1.197967327783744549e+06 -4.482766900028758100e+05 5.133281566989794374e+05 1.889589826390971721e+05 -7.426989122342165501e+04 1.457166474011754035e+05 2.304284191760355316e+04 1.951328941658732656e+05 -9.231712921998661477e+04 3.729275917509287247e+05 1.182216176929111389e+05 1.452314051430460240e+05 5.372296231981331221e+04 -1.751759100886190718e+05 1.243394548931340541e+05 1.899544307076813129e+05 -1.540070799877966638e+05 2.163891373585216061e+05 1.194160226791072346e+05 1.904361973612190341e+05 5.684017466370079637e+04 -5.038105221884509956e+04 -1.897346388838726282e+07 -5.728499655261196196e+07 9.035795048791075125e+06 3.114911195625189692e+06 6.470985748261368833e+06 -1.415466070361675229e+06 -9.864200891448201146e+05 -1.858467180514294887e+06 -1.146423905087220483e+06 2.095795251536450523e+05 -2.021703418233224147e+04 -2.615499516119871114e+05 -9.767997307163161167e+03 4.655044020679831156e+05 -4.438868380656021764e+05 -5.346098306717129162e+04 -5.924483496466096258e+05 1.062429860093762400e+05 -4.881193309489054955e+05 -2.808113469336083508e+05 -3.465707614572097082e+05 4.075560556624304445e+04 1.036927021204369958e+05 5.164409624291375803e+04 -9.946605606725241523e+04 2.437269664024145750e+05 -1.177160795819744089e+05 2.253128045689666469e+05 4.208625053252556245e+04 -1.410160113103071635e+05
-2.225224624670333287e+05 5.984647757425057702e+06 3.696220952784902602e+07 2.469395203830854502e+06 6.038323078623590991e+05 2.128955730593980115e+04 -2.963260700631022919e+05 3.941279689658632560e+04 6.953268058600959193e+04 -1.594072078982858511e+05 -5.346334777157688950e+04 -8.946511256045983464e+04 -8.182510847212841327e+03 3.723724566165673605e+04 4.075909908452932723e+04 3.641837743644362035e+03 4.143605439970547013e+04 1.682709396918993662e+04 2.093911964109162000e+03 1.007365248191289356e+04 2.374453882945533769e+04 2.215343911825945906e+04 3.687215153325155370e+02 -1.008006223798179417e+04 4.341918894365554479e+03 2.553345720835939937e+04 2.270468834115608115e+04 3.402219638810296146e+03 9.011904021794211076e+03 1.647022942052313738e+04 -6.104643076301959343e+06 2.553675687428854872e+06 2.739628755351823568e+07 -9.177399546232261928e+05 1.415889723729188088e+06 2.265151083793330763e+05 -6.519480785581867676e+05 3.605450387407026719e+05 8.526914160187385278e+04 1.518635901238939259e+05 -1.352855979997905379e+05 -2.305794298317127977e+05 8.269333626970960177e+04 1.339725652047978947e+05 2.850220380916833528e+05 6.474904155487252865e+04 2.147829336825452338e+05 8.272454567379529180e+04 1.627578563008538040e+05 3.506037670860921935e+04 -7.578168538549562800e+04 6.682221056841706741e+04 5.043793355042207622e+03 1.621763044764243568e+04 -1.085788637330890051e+05 1.472703686730401241e+05 1.106399314443033109e+04 8.789379427957945154e+04 7.749676620718408958e+04 -4.535462812410576589e+03 1.138355084245761111e+07 5.976090352129247040e+06 -6.559931976574466564e+06 -1.924998947785768658e+06 7.499462954735994572e+04 -8.241053550669066608e+05 -8.847046625178044196e+05 2.609714942305972727e+04 -1.662939802398370230e+05 5.608147562139059301e+04 1.701782744332731527e+05 -9.225149755029038351e+04 -5.984738864284805022e+05 7.415763648602178728e+04 -1.866200514425879810e+05 -3.120924128434782033e+05 -2.926918226652616868e+05 -6.970892067521996978e+03 -3.849881467206287198e+05 -6.954137646546687756e+04 -5.757442774373247812e+04 1.245418006170907902e+05 2.004536771565783420e+05 3.494710028574793341e+03 -6.504744965807195695e+04 7.843939856649053399e+04 -1.206478916982527153e+05 -4.205707367492062076e+03 1.068398999573329347e+05 8.706820500717809409e+03
3.274857852549153380e+06 -1.105780566237399355e+06 2.469395203830854502e+06 1.392515181766598858e+07 8.506104134630132467e+05 -1.536945975148052676e+05 -1.678137748954195995e+05 1.399722390243148548e+05 5.550189316123549361e+04 -6.898407487610317185e+04 5.793432727055904252e+04 1.831505601643269529e+03 -2.499256846490244789e+04 -3.195187528513515281e+04 1.109754793714189145e+04 2.710103266575026646e+04 1.493039460320542275e+04 4.964398104762985895e+04 1.225343238763189765e+04 -1.177789397020205979e+04 -2.037291415126132415e+04 7.500940799745664663e+03 2.084827432286145722e+03 3.213772489773482812e+04 3.544070765548088093e+04 2.650236960509505934e+03 -1.966862916913940580e+03 1.343359976995644320e+04 7.232269277131648778e+03 2.008468073661464814e+03 -4.606804611920519732e+06 -1.181764736281602178e+06 2.854870013342519291e+06 1.217104609871695749e+07 6.049598025768402731e+05 7.004332348487208365e+05 -1.168597905315018807e+03 1.324606101587662706e+05 6.003949670794887934e+05 -2.604781808396919805e+05 -1.235679200820960396e+05 -1.351274116241577431e+05 2.414976841713336180e+05 -1.796340509511375276e+05 -1.394591816295191165e+04 -8.332448523394060612e+04 -1.665879992436270868e+03 1.739876339072223709e+04 -6.213179190021099930e+04 -4.041166020621171629e+04 -3.070816925137757494e+02 -5.311140846122574294e+04 4.793337260577399093e+02 6.545585238149014185e+04 -8.820646071178465718e+03 3.453987232449758449e+04 4.568267362786516605e+04 -5.643569274262094950e+03 -4.863454649110488390e+03 2.401758950235113298e+04 8.291924307879160624e+05 4.792234452181762084e+06 1.564957576824434567e+06 -2.282727451933758799e+06 -1.026389526328715612e+06 7.472597706826386275e+05 -3.913129807976035518e+05 -7.309382661493561463e+05 -1.776701190703464672e+05 -2.463770603518101270e+05 7.349802887355898565e+04 -5.357365229269410338e+04 -1.878133567865033983e+05 8.365892182595485065e+04 2.965672315962005450e+04 -8.332038141292682849e+04 7.207372926254766935e+04 7.392476527602941496e+04 -1.294876594978331996e+05 -1.068370002015849896e+05 -1.272342067367722302e+04 -2.289461785788486304e+04 -5.144447260838986040e+03 -8.753803151304553467e+03 -8.882758051169173268e+04 9.024386875176418107e+04 2.671421151697468667e+04 -2.674859329850382346e+04 4.640926108409725566e+04 -3.859510514221489575e+04
-2.130220838323695585e+06 1.697069965981974965e+06 6.038323078623590991e+05 8.506104134630132467e+05 6.734070898373055272e+06 3.865572351392459823e+05 -6.315095384799618478e+04 -1.012785491852641280e+05 -9.048208806365157216e+03 -1.692868497301930620e+04 9.749148087465524441e+04 7.363443847144609026e+04 4.150894296475246665e+04 1.060449977653456517e+04 5.665431666603411941e+03 2.321935490298753939e+04 1.698135322683795312e+04 1.384684220188133622e+04 2.229160359195081037e+04 1.535412735043772727e+03 1.357907765254521837e+04 1.210003632978291716e+04 -2.377329634047937816e+03 -2.967309754517768306e+04 1.085109604848068557e+03 -1.338531318145289333e+03 1.102372016922868170e+04 1.321710862483353776e+04 -3.499607032413004163e+03 1.683686376649801241e+04 2.058918638787438162e+06 4.483696944787278771e+06 -5.441640843718645920e+04 1.158598027016688138e+06 5.636825855964329094e+06 2.287246464700912475e+05 1.081091119893039286e+05 -7.875661325992421553e+03 -1.960026923724659810e+03 -1.251517853203043051e+05 1.547629631081045372e+05 -7.879814795845368644e+04 1.457439057056677411e+05 -2.277504570422011238e+04 -2.520633270133997576e+04 4.043392099320190755e+04 6.814321425184603140e+04 2.417778328157358919e+04 8.388121151258479222e+04 -7.730355171931997575e+03 5.169644714782934170e+04 3.704302497376831889e+04 2.905732867134006665e+04 3.937780721207991883e+04 -4.496271356542686590e+03 7.394960283823811915e+04 6.338557744590670336e+04 8.477173988080578056e+03 4.411240445583898691e+03 1.340114115066263003e+04 2.253477462443365715e+06 3.916082069965651026e+05 -1.652216347143830499e+06 6.800249109408411896e+05 -3.934985714588094852e+05 -2.225181562558632868e+05 1.875965289843257924e+05 3.117852440587250749e+05 9.070610564810178766e+04 -3.416662556302283774e+05 -1.597902008069588628e+05 2.880453435249656309e+02 -5.913914598307378037e+04 -1.147905791570354486e+05 -8.025441331398236798e+04 4.791940569614608103e+04 7.689138233531432343e+04 9.263764860281818983e+03 3.896278425915531261e+04 2.291786455400759951e+04 -2.127049786710015906e+04 -1.656552898442885999e+04 -2.002881040706839121e+04 3.305746973568933754e+03 -1.527593018895094247e+03 -4.583537483188023907e+04 6.158943824134243187e+04 -3.524985027758926299e+04 1.885774737375814948e+04 1.091944214530876707e+04
-2.135077189765785821e+06 1.868386510513531684e+05 2.128955730593980115e+04 -1.536945975148052676e+05 3.865572351392459823e+05 3.058003587171243038e+06 6.405359585548913310e+04 6.844872424765415781e+04 1.209710011187660421e+05 1.006048203662827109e+04 8.862055972483120058e+03 2.131923837760067545e+04 6.658505300059713591e+03 9.168099630191782126e+03 1.306594521319584055e+04 -1.278354696906031677e+04 2.103445090783249543e+04 1.754482170751512240e+04 1.812835215146540577e+04 1.197272451573617400e+04 1.791254948364554730e+04 2.616879539126216332e+04 2.354447568029787874e+02 9.411454502115626610e+02 1.563259539426619995e+04 1.695980229217366286e+04 8.497973496430189698e+03 8.520875017096064767e+03 1.352880555234115718e+03 7.996760920912927759e+03 2.033932783964818809e+06 -4.464489606522493705e+04 -1.333140304668020690e+06 9.514289228311937768e+05 4.993063954042275873e+04 2.241424011995657347e+06 -2.092571553758440423e+05 3.247254990707704928e+04 -1.174007312180192821e+04 -4.483809639131935546e+04 3.416491216607315437e+04 -8.292058690327488875e+04 -1.363822459824006728e+04 4.706576979393360671e+04 5.296197528589158901e+04 4.530009746708764578e+04 -4.097119634334660805e+04 2.264582497743441854e+04 3.256779762200131154e+04 1.544916484183318425e+04 3.000341689156711595e+02 -2.810283593953502077e+02 4.255927193969471773e+03 8.303184556435289778e+03 2.856403796467928623e+04 1.507399345800230549e+04 -1.202715483131987185e+03 1.510590692045543437e+04 -1.797988032655725692e+04 -1.138138367733890118e+04 4.282252941032333911e+04 -1.063658197664270701e+05 -1.335408520688116550e+06 1.049875879439035896e+06 -1.668500301263781730e+05 1.867477482931817212e+04 6.009030150920694723e+04 -5.081505503398489964e+04 -1.502209492468730023e+05 2.137780266428178584e+04 1.395419196071168117e+05 -2.122919249760142702e+04 9.156583758701343322e+04 1.697086441828220559e+05 4.815175447848351905e+04 -3.052045831612555048e+04 -1.585182840066119024e+04 5.163978065276117559e+04 -2.509862695539249034e+04 -1.067745172822946370e+04 3.377898549396292765e+03 2.661507175295230627e+04 -1.599611206054127251e+03 -5.991328290535721317e+04 1.886290185730096027e+03 -7.854025043405785254e+03 -1.715261341149837608e+04 1.834324347056907573e+04 -1.834559721770521037e+03 -6.197955527001557130e+03
2.846317781057801913e+05 3.962563731003616704e+05 -2.963260700631022919e+05 -1.678137748954195995e+05 -6.315095384799618478e+04 6.405359585548913310e+04 1.883674068320331397e+06 1.817150057323724031e+05 -4.191805314621362777e+04 1.221575991204555794e+04 2.245492507764821858e+04 2.569424630256338060e+04 4.002130851060079294e+03 1.556224339542112102e+04 1.181959945007344686e+04 1.903987351168888563e+04 1.781490038120921963e+04 1.037560063864861513e+04 1.921291662287045983e+04 7.456326516925691976e+03 2.689246190395723534e+04 6.758319528539364001e+03 3.404185103994080691e+03 4.356771721303860431e+03 6.273850146588779353e+03 1.675051480449983865e+04 1.740676350841083149e+03 5.792224020195361845e+03 8.306814773399046317e+03 -8.733999970193241325e+02 -6.110879703969653929e+05 -1.213685495994598750e+05 -7.454946650078403763e+05 2.311107953577497392e+05 3.034431694787017768e+05 -2.351199299291993520e+04 1.411110713053634623e+06 6.472488382733601611e+04 -1.224860191012762079e+05 4.019188249874404573e+04 8.304861553614093282e+04 5.463980437807267299e+04 -2.634530044434015144e+04 2.208916854346184118e+04 -4.941458071207467583e+04 1.477777026436512824e+04 1.167622863721863268e+03 2.886944251339739822e+03 -1.508930769295082428e+04 8.281911435064930629e+03 -2.248979849038703105e+04 -1.604977448121148336e+04 5.815867124085338219e+03 4.077169141593818722e+02 1.680886816959781572e+04 7.146377218747573352e+03 -1.043278007890161098e+04 -1.568096499789602422e+04 -7.061599145987475822e+03 -1.698807767894371136e+04 1.547136972643667832e+05 8.809577298414193792e+05 -1.170893434948984301e+06 -2.699435130343166529e+05 4.798549286645629327e+05 5.838135867966972728e+04 1.645345712928510329e+05 -8.085832317665846494e+04 -1.267066070246351883e+05 3.976671828564925818e+04 8.539761302558441821e+04 -3.596654254612774821e+04 -6.785155123926326632e+04 9.193295611619301781e+04 -2.381496675474823496e+04 1.742463692934212304e+04 4.625720203482281067e+04 -7.695442597630615637e+03 5.407030539603461511e+04 8.905541039748924959e+03 -2.776961679516810182e+04 -3.495665497323109594e+04 -2.347769120763551109e+04 -3.395504611679555819e+04 2.519044256718444103e+03 2.006095905743424009e+04 -2.845251057775546087e+03 2.115135212963858430e+04 1.477935721975177512e+04 -1.474314654954107391e+04
3.192445953556594031e+04 8.684316025278171583e+04 3.941279689658632560e+04 1.399722390243148548e+05 -1.012785491852641280e+05 6.844872424765415781e+04 1.817150057323724031e+05 1.123807054288721876e+06 1.191106008939417079e+05 -1.668937374962354852e+03 -3.229288721880628259e+02 -1.707956771523540010e+04 -3.829341595878795033e+03 1.068233772960288843e+04 -8.416032896976064421e+02 3.346641146592320729e+04 5.476703396948438240e+03 -1.134061758034792547e+03 1.289790181773083714e+04 1.204672164693121704e+04 1.103237333113840396e+04 8.415908015490173057e+03 1.067538835228059042e+03 1.179246646234342370e+04 1.098753433810464958e+04 2.512667894914605313e+03 1.162438245366417817e+02 1.570961625095629870e+03 4.643731984310114967e+03 -5.359114263229653261e+03 -1.033134950043095974e+06 -8.715136222406021552e+05 4.719670813437056495e+05 2.659107893399369204e+05 -8.746585939026786946e+04 -3.348010098754461796e+04 7.009460956619973877e+04 7.918564523838970345e+05 9.125434251964480791e+04 -2.912533596180478708e+04 -5.419014640983928075e+02 4.622304533556494425e+04 3.792151016895689827e+04 6.975373233917127436e+03 -3.625130675172962219e+04 6.604954998886239082e+03 -6.566714433437202388e+03 -3.499959406290491188e+03 2.305924238954218708e+03 9.916376763267788874e+02 8.907796535310038962e+03 -2.059480158562151337e+04 -6.856271861460592845e+03 -9.328377402278585578e+03 1.491329924612914738e+03 2.283249796975507343e+04 1.202865494217505511e+04 6.732035894814441235e+03 1.006715013505448951e+04 -1.959331254244170850e+03 1.314738835151280276e+06 -4.626524574839598499e+05 7.306371230227726046e+05 3.347099253658289090e+05 2.941328459397122515e+03 1.219168586976912593e+04 -1.351150101779248507e+05 -2.663881097764965962e+05 -1.420608241426666500e+05 2.269841948173581477e+04 -8.706984069739186452e+03 3.970688837750483799e+03 2.610213454323909900e+04 6.203869280220477231e+04 1.776669845585663279e+04 1.578408994793760576e+04 3.219168737302454247e+04 -3.050720755531235045e+04 -1.672085473947471110e+04 -1.565663475255559570e+04 -2.648952303131380631e+03 1.867956236880998517e+02 6.608465034878638107e+03 -3.398776545159762009e+03 2.831307699771101761e+04 1.488660535691966834e+04 -1.529315668032893200e+03 -4.794016474814086905e+03 3.733680144051460957e+03 1.123392940161315209e+03
-4.692948892409737164e+04 5.246638053091414040e+05 6.953268058600959193e+04 5.550189316123549361e+04 -9.048208806365157216e+03 1.209710011187660421e+05 -4.191805314621362777e+04 1.191106008939417079e+05 7.489729301761476090e+05 4.400001926778170309e+04 3.021233639834751739e+04 1.910947879662275227e+04 2.152324897129477904e+04 2.816061180115430489e+03 7.090850027146622779e+03 9.216087764140382205e+03 5.366553378719584089e+02 6.825099456840322091e+03 -1.391921307576580148e+03 9.274270070137108632e+03 7.032599998465049794e+03 6.526804708725488126e+03 1.599316370790470728e+03 -5.620197313616082511e+02 3.163351541200167048e+03 6.263213237039313753e+03 -8.852890499521151924e+02 1.543807556999616963e+02 5.521855086800160279e+02 4.719766159900861567e+03 -4.002656195267996518e+05 1.993721603150590963e+05 4.513255288396296673e+05 1.284241075704739778e+05 -1.123614476978062739e+05 2.153447475379506159e+03 -1.972197803801367118e+05 -6.527307520204874891e+04 4.699261877979990095e+05 -3.657358496833092067e+04 3.524410213317647867e+04 2.133590984753358498e+04 -1.327406429527780574e+03 3.268096228264279125e+04 2.774454502708318614e+03 1.656838355887938633e+03 1.980469389410724943e+03 -2.357584092623232664e+03 1.930495084207254331e+04 -1.372352092641102718e+04 2.128377627887407016e+03 2.492359497594814093e+04 3.521663518874426245e+03 -1.097385787394335966e+04 -2.942971961386275325e+03 8.110824165745822029e+03 1.258333398353790471e+04 -3.843768837905260625e+03 6.393745843802676063e+03 -9.576041988820838014e+03 -1.028182394237026601e+05 1.477272757395748049e+05 7.127135861862768070e+04 2.358459151905351609e+04 -1.445935259779713233e+05 -2.900806004336343030e+05 -1.337501250537809101e+05 -2.459335012345306750e+05 1.234478160469144314e+04 -8.900497435906153987e+04 -5.954032566034679621e+04 1.070075551304820510e+04 -1.176203179218921578e+05 -1.154746910930370359e+04 -6.856422853612629115e+04 1.585368294358070489e+04 -3.118601476268658371e+04 -2.251766259638454721e+04 -4.606667047209529301e+03 -1.856569176680161399e+04 -1.703678897855324976e+04 2.145084751254654111e+04 -3.391947375809796995e+03 7.778777596391025327e+03 7.268101500757586109e+03 -2.616373713690587010e+03 -1.626135698702688160e+03 -6.993188302390210993e+03 5.551021564026782471e+03 -4.462162929213577058e+02
4.371848916915883892e+05 -1.482219665178877403e+04 -1.594072078982858511e+05 -6.898407487610317185e+04 -1.692868497301930620e+04 1.006048203662827109e+04 1.221575991204555794e+04 -1.668937374962354852e+03 4.400001926778170309e+04 4.282694701903756359e+05 2.616930955164910119e+04 6.485622398437456468e+03 9.104189261848634487e+03 -6.882157476696770573e+03 -6.110073634906522784e+03 5.484290199177446993e+03 3.943508318645284362e+03 9.954829248491178078e+03 4.288074790420679960e+02 2.119666717629711002e+03 4.513677331735139887e+03 2.993279118355357241e+03 1.607916363007299879e+03 1.528591316237367970e+01 -4.845160529808440515e+03 -1.234700286352530611e+03 -6.986049636346833722e+02 -3.669010317269199277e+03 1.036799210925677244e+03 2.282434005328353123e+03 -8.952098658342476701e+05 5.016712143445140682e+05 7.286273708598753728e+04 -2.441411335767807032e+02 1.133598062368724495e+05 -5.685586214886101516e+04 -1.636596858410446730e+05 -6.812829810805265151e+04 1.903050032624540472e+04 2.626489887349015917e+05 -1.087318096618745403e+04 -9.662414630868524910e+03 -3.650520340298306837e+04 4.527539735370463313e+04 1.218854260731051545e+04 1.618540808932187792e+04 8.775818131430485664e+03 9.152932004547079487e+03 8.593815516751956238e+03 -7.554848667753702102e+03 -5.048225639168711496e+03 -4.178483294319171364e+02 -4.765866668822170915e+00 -3.377310524852679919e+03 -3.715333872388175109e+02 3.125070601384051770e+03 1.345100535390566165e+03 5.901409700013565498e+02 -4.751108053581828244e+03 2.760299445330252183e+03 7.310778115106910700e+05 8.412581424920837162e+04 -3.956611994140091119e+05 -5.618762733541365014e+04 1.744570651669555518e+05 1.366787163325400907e+05 -1.286984850339855329e+05 2.015866616838552363e+04 -4.222821807768062718e+04 5.730961941187754564e+04 -1.077087179731283322e+04 -2.911045089859579821e+04 -8.737583850539353080e+03 6.305806165367455833e+03 1.216803034799648776e+04 -5.427079951404956773e+03 9.689811960954845915e+01 -1.594589253427451695e+04 7.998246564122500786e+03 -3.511898040400208174e+03 -3.825161162466505402e+02 -1.924342253226766479e+04 5.504508736013625821e+03 3.003747456408770631e+03 1.199889950665700962e+04 9.783010342511988711e+02 1.053106839280937129e+04 3.332306091216523782e+02 7.950070603191227747e+03 -3.727290625213592193e+03
-4.664346839858372114e+05 -1.371825265464592085e+05 -5.346334777157688950e+04 5.793432727055904252e+04 9.749148087465524441e+04 8.862055972483120058e+03 2.245492507764821858e+04 -3.229288721880628259e+02 3.021233639834751739e+04 2.616930955164910119e+04 2.752445104424564634e+05 2.359646468036330771e+04 8.578654302959097549e+03 7.327755593094529104e+03 1.307494745859248360e+04 7.268003720930320014e+03 2.953741270208217429e+03 8.442376956083699042e+03 3.175465250905127959e+03 2.526212156386921833e+03 5.743929118153660966e+03 -1.886205440537218237e+03 -3.117655966250750680e+03 -4.842141828267754278e+01 3.468594097061296907e+03 -2.058731178677358457e+03 1.046133738147552634e+02 3.945430516284930491e+03 4.671922118813534325e+03 6.603928301809246477e+02 -4.261285057974265073e+05 -1.738452212621489307e+05 2.670916653115858790e+05 7.079886610015523911e+04 9.496265216236903507e+04 -2.455600585084562772e+04 1.642182541030799257e+04 -4.205128207369679876e+04 -3.295915166715053056e+04 2.230293409400241580e+04 1.213009592098307912e+05 1.023226597965238216e+04 -5.362169579010437701e+03 1.545923100828806309e+04 -9.253722824095268152e+03 1.181347181011294197e+03 -1.128383590695499697e+04 7.800538818573364551e+03 1.681767953559989837e+04 8.800690793496938568e+03 3.349991786943592160e+03 -1.506226561818511618e+04 7.341147610231228100e+03 2.721307260388895429e+03 7.484754917129073874e+03 1.473883448877971205e+03 2.113797235557242402e+03 4.110687331162307601e+03 -1.049034293387423133e+02 1.003943632732204242e+04 2.193378049696963571e+05 5.846827556392141851e+05 -3.092554039976480999e+05 -3.279537350291946786e+05 -1.194588322798581939e+05 -5.886689751671282283e+04 1.823527609957655295e+04 1.322938462062098733e+04 -4.542261138291185489e+04 -2.023589871904303800e+04 -8.189624622852135872e+03 -7.214852035164813969e+03 -8.265781081630726476e+03 -6.000935135643664580e+03 -2.341079164674388267e+03 -6.313396533431494390e+03 -8.137114990956598376e+03 1.581359831081330231e+04 1.419953414172313023e+04 -2.777231637767226493e+04 9.312580846694545471e+03 -4.333814468480773030e+03 -2.278512097886298307e+03 1.055534000006631322e+04 6.308275442544462749e+03 -7.714418067472690382e+03 -3.474219519096763520e+01 -5.743192880610938118e+03 1.001665702758339876e+03 7.883177401386087695e+03
-1.718893508479449520e+04 -1.175431423987765993e+04 -8.946511256045983464e+04 1.831505601643269529e+03 7.363443847144609026e+04 2.131923837760067545e+04 2.569424630256338060e+04 -1.707956771523540010e+04 1.910947879662275227e+04 6.485622398437456468e+03 2.359646468036330771e+04 2.252019252931375522e+05 2.724021777332432612e+04 1.377467627761957192e+04 1.131858189611127818e+04 9.671979476657497798e+03 5.613271201276184001e+03 3.932580398775467529e+03 -3.758435505796059260e+03 4.908107023922389089e+03 5.519796611031655630e+03 1.485138085919449622e+03 3.082606817977450646e+03 2.181455905097313007e+03 2.375816802344962525e+03 1.458952500901924623e+03 2.875962966734077781e+03 1.037428382048654839e+03 4.427691407691444510e+03 1.859338199976604642e+02 7.731211266243286664e+05 5.638694993261569180e+05 2.467783292875514308e+05 2.009898285461307969e+05 -3.833671584043770417e+04 6.997765309035737300e+04 2.277915973324297011e+04 7.586164773681259248e+04 1.806925755304238919e+04 -3.572620760319261171e+04 7.384880862624588190e+03 1.264321234729275166e+05 2.930396705023615505e+04 2.140483628669730388e+04 5.770211836767252862e+03 1.184070567066153856e+01 -1.152897953310514822e+04 1.693073541883820144e+04 -6.363272361524313965e+03 1.070414634495440987e+04 5.219057537155882528e+03 -8.765885276940520271e+03 -9.447861329131976163e+03 6.641746462694448383e+03 -2.709700652662508674e+03 -2.581567062970039387e+03 8.153687928557735177e+03 1.852402372699905982e+03 2.362667629976646822e+03 1.188705285840116858e+03 -7.264186550273876637e+05 -3.088665377354294178e+05 -9.360195707743686216e+04 3.804301887418372207e+05 4.379395421973455814e+04 -3.727062881507805287e+04 -4.515655023368039110e+04 3.042323995197116528e+04 -4.657953071398442989e+04 -5.701923408916513290e+04 6.290169883261268842e+04 -9.711371018004627331e+03 1.607929806440684297e+04 -1.533777961951441739e+03 -1.549637302835937044e+04 -3.133691555858962602e+03 5.981181815425273271e+03 1.761633663820918446e+04 -6.654256427857956623e+03 -1.006642385388716320e+04 6.387208767667859320e+03 -4.205582372699009284e+03 -1.530952510610953595e+03 2.878498955226722956e+03 4.192058558294454087e+03 3.287159430441787663e+03 3.727241367332287155e+03 7.094369737758413521e+02 7.476079965940204602e+03 1.093402866970061586e+04
4.854763539265287545e+04 -5.101585278874162759e+04 -8.182510847212841327e+03 -2.499256846490244789e+04 4.150894296475246665e+04 6.658505300059713591e+03 4.002130851060079294e+03 -3.829341595878795033e+03 2.152324897129477904e+04 9.104189261848634487e+03 8.578654302959097549e+03 2.724021777332432612e+04 1.734471126087327139e+05 2.601861372239594493e+04 7.191414584774387549e+03 3.709842725553547552e+03 1.514344502973690624e+03 3.198711432951389270e+03 2.825681628487948728e+03 3.084223790470367476e+03 7.252987485082779131e+03 2.708682289434273571e+03 4.409395806844134313e+03 7.327122309821327235e+02 2.470798722287101100e+03 4.464839078918060295e+03 1.619818261183378354e+03 1.773611875272909174e+03 -1.578182655531197156e+02 4.309052495505389970e+02 2.928251370609204751e+05 -9.168286535137132887e+03 6.192596318229108147e+04 2.511927611188760784e+05 5.493319697263592388e+04 -3.945786084249498526e+04 4.135288690737820616e+02 1.230707761255833248e+04 4.556382285895934911e+04 1.894134890422161561e+03 3.996075912425790648e+03 2.701909748355333431e+04 7.524155157817892905e+04 2.531469903242179862e+04 1.569737488297554410e+04 3.446144234976959979e+03 -1.494061247272353830e+04 -7.611437172584426207e+02 9.626506912605980688e+03 1.377437440476248014e+02 -1.070028883301830319e+03 6.218962681228761539e+03 -3.720696356075965923e+03 -4.065394499018666465e+03 1.382162590278809830e+03 -1.378414833636609046e+03 3.004978330902075072e+02 2.043608043512008180e+03 1.071109573952091068e+03 -5.150827279298970325e+02 -1.370311067702206201e+05 -3.400896424687372928e+04 3.311908109117692948e+04 4.983908935221326828e+04 -4.669471335651223490e+04 -1.579779481022215123e+03 9.560721030426868765e+02 -8.989049033182309358e+03 -3.652708585983583180e+04 -1.373475115743279093e+04 -9.963563603878870708e+03 -1.989640273854195402e+04 3.264916924527276205e+04 8.549412731741824246e+03 -1.794470808691915227e+04 2.084790391978828666e+03 -7.419185546379103471e+03 8.006628910890082125e+02 4.219404812912259331e+03 -2.589104464489613292e+03 8.208694589887480106e+03 8.940404853029789592e+03 1.527817483505124983e+03 -2.964874784032928119e+02 -3.888081064157746368e+03 1.106374123741045068e+01 7.247548690574803913e+03 3.862905530144884779e+03 7.909144409172309679e+03 2.602113609474875830e+03
-4.102161730262009951e+04 -3.436591740955140722e+03 3.723724566165673605e+04 -3.195187528513515281e+04 1.060449977653456517e+04 9.168099630191782126e+03 1.556224339542112102e+04 1.068233772960288843e+04 2.816061180115430489e+03 -6.882157476696770573e+03 7.327755593094529104e+03 1.377467627761957192e+04 2.601861372239594493e+04 1.312754807839521964e+05 1.571030492388978746e+04 8.363968827590191722e+03 6.441848048186392589e+03 2.082099223914351569e+03 3.526794790955249027e+03 2.299844202935029898e+03 3.453304009632999623e+03 2.420223911330040664e+03 5.128273155863324064e+03 2.379018308219979190e+03 2.256814460047755801e+02 8.057125145626155245e+02 9.264538703275168245e+02 1.367425025449646228e+03 3.200906029289713842e+03 1.578463606062557801e+03 -5.769556837693334273e+03 3.401336336235399358e+04 7.833476829738837841e+04 1.467308070179439965e+05 -1.999104263838208135e+04 7.815851915118587385e+03 -4.106688111764542555e+04 5.091972717966431810e+04 3.397450929898600975e+02 -1.134822600926650011e+03 1.512590240141511276e+04 2.177169035723355046e+04 1.220223809667483692e+04 4.416874598574845731e+04 1.774163546691838565e+04 -5.280226104231865975e+03 -9.459984464981856945e+03 2.240291262597010700e+03 8.348157343509426937e+03 -2.260979237512025520e+03 1.995070748422534962e+03 2.889588915577758144e+03 6.986689447892940734e+02 2.823190521962607136e+02 4.618027461725479952e+03 -3.455493778449693423e+02 2.569666373264157755e+03 5.243378735807094017e+03 5.526730759944322017e+03 9.332207847852949953e+02 -3.608366294019795168e+04 -4.180950680912001408e+05 -1.500385819055107131e+05 9.481549624041779316e+04 -1.091599781075139617e+05 -3.031191828484053258e+04 2.392659296559726863e+04 1.634620277550406900e+04 1.859682607987980009e+04 1.282296888896826385e+04 3.020910736810833441e+03 1.420523273602983500e+04 3.766460112104179643e+03 2.192463527060200704e+03 -1.374624573691820115e+04 -4.913257512055042753e+03 -3.970284772474111378e+03 -2.899755003604867852e+03 1.364345530996411617e+04 3.231512116615867399e+03 -1.679612365702988200e+03 -1.262629743656593382e+04 -4.170003841574470243e+03 6.470936999565471979e+02 -1.393496887246858023e+03 -6.921629710013932709e+03 -5.770596870390068943e+03 2.493033553667288288e+03 2.676506613838061185e+03 7.031195348279352686e+01
1.356279559900232125e+05 3.495702234426230279e+04 4.075909908452932723e+04 1.109754793714189145e+04 5.665431666603411941e+03 1.306594521319584055e+04 1.181959945007344686e+04 -8.416032896976064421e+02 7.090850027146622779e+03 -6.110073634906522784e+03 1.307494745859248360e+04 1.131858189611127818e+04 7.191414584774387549e+03 1.571030492388978746e+04 1.005475803122831858e+05 1.320801291666148973e+04 5.164127075442605928e+03 4.712394452309435110e+03 3.184796056002793648e+03 1.442008539092038575e+02 1.942597853063556386e+03 1.814478388162757255e+03 2.279190907776943732e+03 -1.118282094987689334e+03 9.394241157601535406e+02 -6.953466877218058926e+02 1.988830625439961523e+03 1.696936873468948306e+03 1.297983003600190614e+03 -4.807539416832795496e+02 1.258026065558141418e+05 7.390273369325209933e+04 -3.970065808491241478e+04 1.556795993825874575e+04 -4.422224438722522609e+04 4.883807830995355289e+03 4.415549588677480642e+04 1.610509185678567883e+04 -4.093181377460507065e+03 1.179711901631795990e+04 1.095495658870740226e+04 1.745464139582535063e+04 1.021407637691201671e+04 1.506144852217294283e+04 2.706990061420673374e+04 -4.027012585145368575e+03 -1.002599717989108285e+04 -3.644427221780545096e+03 1.896091140947490203e+03 1.922519890709884066e+03 2.727268805914894529e+03 5.705053808763899724e+03 -4.318895848063943959e+03 -8.475967366576898030e+02 3.450364348299763151e+03 9.885587980180314389e+02 1.702707573250173937e+03 -2.152049516369816956e+03 2.124271332334339149e+03 1.558274976602628840e+03 7.635223347059219668e+04 1.044601257882200734e+05 -2.129684047325872234e+05 -1.008539499963016860e+05 -1.071839161108502885e+05 6.688736092480908155e+03 -1.528081943926042186e+04 -3.554465971523546614e+04 1.086852183654353757e+04 -4.283417263235405699e+04 -3.909317014414788900e+03 5.116802734342586518e+03 -2.240681682828943667e+04 3.894601965742912398e+03 -1.901987197755486341e+04 -1.161429578734901042e+03 3.863047962183341610e+02 3.247668958064406524e+03 -6.381342723221137021e+03 -4.450375556674576728e+03 -2.264255976460800412e+03 5.225363445112404406e+03 -4.310329848488540847e+03 -6.821498510835354864e+03 9.590600414253408417e+02 2.989065807788658276e+03 -2.563348048655701405e+03 1.834482142008342180e+03 -1.065641357097419586e+03 -3.284130780464558939e+03
-2.491551459370985976e+05 1.486533605574600224e+05 3.641837743644362035e+03 2.710103266575026646e+04 2.321935490298753939e+04 -1.278354696906031677e+04 1.903987351168888563e+04 3.346641146592320729e+04 9.216087764140382205e+03 5.484290199177446993e+03 7.268003720930320014e+03 9.671979476657497798e+03 3.709842725553547552e+03 8.363968827590191722e+03 1.320801291666148973e+04 8.125745861063584744e+04 1.250714892379892262e+04 4.450059874544095692e+03 4.102313963719941057e+03 1.694349892641740325e+03 7.583433438570511953e+02 1.320964207898078939e+03 2.298064180964838670e+03 4.128426670513093086e+03 2.566652300068013119e+03 -1.409527884741759785e+01 1.633527655647741767e+03 -6.644223338939039536e+01 9.126252866802319659e+02 1.418777227999862134e+03 6.334291520206698915e+05 8.543330088801698002e+04 -2.630342478983838810e+05 8.624841618995089084e+04 5.434716008133942523e+04 -1.978688559608020296e+04 -4.099935312288413843e+04 1.181095052010395921e+04 2.508382239881976056e+04 1.221652622609153241e+03 -4.919271968470178763e+03 2.546445571123653644e+04 -6.962703155153109037e+03 -1.211565097418952791e+04 -3.348634258926378152e+03 2.129629276596821728e+04 -1.082440628821211021e+03 -1.850120555503066498e+03 -1.759228916781897567e+02 1.191170261118668122e+03 -2.503806923894553620e+03 4.606118166969378763e+03 1.092466262290954774e+03 -2.416911671025219221e+03 3.539176297281130701e+02 6.072920235691655080e+02 5.287172855291255473e+02 -2.921116625119183936e+03 -1.996841171885947233e+03 6.405865315095722508e+03 -3.085209471661028801e+05 -1.752725609132534300e+05 -9.933723337268318573e+04 2.352493737556603155e+05 2.702415633982776490e+04 6.037676864676882542e+04 -1.453616198534992582e+05 -7.543575864513694250e+04 -3.058386739345048409e+04 -3.318403733203204524e+02 -9.117546735435209484e+03 2.075275403041283425e+04 8.754763354011456613e+03 -1.462937565802930112e+04 -1.843113791467493866e+04 -1.704060805251928059e+03 8.086316734737646584e+03 2.229922070853997411e+03 -1.653892477558169776e+04 -4.625726519560435918e+03 -4.427621721260205049e+03 6.064066646111779846e+03 -1.718285444824121214e+03 4.534003559446699001e+03 -2.981007130013563255e+02 1.085918507589226692e+03 3.161840059669629682e+03 1.732379135020687727e+03 2.557615008900081193e+03 -1.970673949693523639e+02
-2.992345173243311729e+04 6.456988013593230426e+04 4.143605439970547013e+04 1.493039460320542275e+04 1.698135322683795312e+04 2.103445090783249543e+04 1.781490038120921963e+04 5.476703396948438240e+03 5.366553378719584089e+02 3.943508318645284362e+03 2.953741270208217429e+03 5.613271201276184001e+03 1.514344502973690624e+03 6.441848048186392589e+03 5.164127075442605928e+03 1.250714892379892262e+04 6.583275359167829447e+04 3.466796025311369249e+03 -3.705516825525617605e+03 2.718029012210941346e+03 -2.277645056737468963e+02 -2.178948887936602659e+03 2.333769409512055063e+03 2.737068148165353705e+03 5.262646465646455454e+02 2.312168039480153311e+03 -9.801275201130046071e+02 6.760323516086187965e+02 1.735408967010509514e+03 1.615973132205900356e+03 -3.216795899070416344e+05 3.491553216579535510e+05 1.254970985935850622e+05 1.360326577761490080e+04 1.103260891358905428e+04 5.088411756834423431e+04 6.854753647513417491e+03 1.555054931265244704e+04 2.924063589219760161e+03 1.960105611533052797e+04 -3.869777146577246640e+03 -3.934381408929234112e+03 6.884268524642722696e+03 -1.229014363461282846e+04 1.060118571898597338e+03 2.038757283697753167e+02 1.772446975988733539e+04 3.213987701135656152e+03 -1.501686010858711143e+03 5.139420295576318495e+03 -7.455530510380212945e+03 -1.771944143595949754e+03 3.738553940878360208e+03 3.571591970233296706e+03 2.201379554655204174e+03 1.645128346050494201e+02 3.633390933755068204e+02 3.445601261655117469e+03 1.090945588780360254e+02 4.010098135617579828e+03 3.319987266653631814e+05 1.974690568873997254e+05 -3.259976782883270516e+03 3.316555354017914215e+04 9.014889315735067066e+04 7.154925735907599119e+03 -4.229069399519098806e+04 -7.412027374849700436e+02 -3.927121790083805536e+03 9.651906647722697016e+03 4.301023707319626737e+03 7.661700414528712827e+03 1.130818633845710610e+04 9.354034208137054520e+03 3.339262837919728099e+03 1.115322677277294133e+04 2.710804394080352267e+03 8.959693291996763946e+03 -4.184011346737359418e+03 2.228962633496047147e+03 -4.448013835711935258e+02 -1.450951525418601250e+03 4.282294463863021861e+02 -9.409989576020884670e+02 5.135313843135835668e+03 3.841501917869440149e+03 1.706309110932355111e+02 1.174957725849684266e+03 2.523624825260324542e+03 -8.162698099775768696e+02
