4.597663295919653028e+07 9.054527207483306527e+06 1.501838741256352048e+06 9.351818068626617314e+05 6.757705147400788264e+05 2.057855748186156270e+05 -3.043498432395561395e+04 -1.235738237538740796e+05 -5.034276613665745390e+04 1.901391641902271658e+04 -1.240062055594759659e+04 -6.287889984874556831e+04 4.722304324050621290e+03 -1.605355567112457720e+04 2.659658244050249778e+04 2.249110066443869073e+04 -1.224193459921511788e+02 -1.825838439063786791e+04 3.478100093657567868e+03 7.127433629404481508e+03 -2.915266968319139050e+04 3.021372226888051955e+03 1.801503172461513168e+04 2.688860183583755315e+03 7.394873610319273212e+03 -1.663106981900173923e+04 1.021055626097230379e+04 7.632109300037182038e+03 -1.241855719312268411e+04 -4.652923230559478725e+03 -1.094375566574102826e+07 -3.074462398681532126e+06 -2.115838066883743741e+06 -3.839090631371936761e+05 8.792847611117889755e+04 6.103935787338820519e+05 1.340795037720228138e+05 -3.212066699698644807e+05 -1.126956501028731509e+04 -1.484941164427135664e+05 -1.375859121167482517e+05 -1.040980668417859561e+05 3.828173430771318817e+04 -7.012239470745887047e+03 -9.404180222483423131e+04 8.645781701553414678e+03 -1.165090293633312103e+04 2.066257218538555026e+04 -5.849769940356140432e+04 -6.377954757130790676e+04 -6.301623272206370893e+04 -5.220506919163708517e+04 -3.000936924178229310e+04 6.160260169036429033e+03 8.677847733768370745e+03 4.826514809804893048e+03 -2.060802361650274179e+04 -1.931709394983135280e+04 -4.362304047653171438e+03 -1.723740903183738510e+03 -1.018339382187924348e+07 1.900902389831452398e+06 2.062513915516522247e+06 8.042414173362201545e+05 -3.898536816205981304e+05 4.978977839361246442e+05 1.508457518639035407e+05 -3.974741215427044081e+05 2.479379107978544489e+05 2.330586257646356826e+05 7.843636518755389261e+04 3.154927282436641690e+04 -1.027813788851872814e+05 7.432512115782070032e+04 4.177389425902542280e+04 9.170868635839888884e+04 2.388626027839328162e+04 1.255795543508016126e+05 -5.597478043850003451e+04 -2.519934006303633942e+04 -9.150832664265748463e+04 -2.511082146935440687e+04 8.079028573203006817e+04 1.004730972273506777e+05 8.955533281426083704e+03 1.253821418214871665e+04 -1.008264503335569088e+03 1.722860917260076531e+04 -3.175570895368821948e+04 1.809095247585746256e+04
9.054527207483306527e+06 1.510223567679889128e+07 3.201853893762816675e+06 6.415065422393812332e+05 4.404806508917791652e+05 1.556627204059165670e+05 9.001035053690648056e+04 8.527112133831515166e+02 -3.888836111478439761e+03 -2.521928232135292092e+03 2.371519046276117660e+04 1.350441260469181725e+04 8.627579726305861186e+03 3.226914403437444707e+04 7.061717870306465556e+03 -1.359831900952927390e+04 -9.984030157987881466e+03 -5.370495810819137660e+03 -7.919642180195501169e+03 1.013658954638735486e+04 -6.161841584284205055e+03 5.863326118689688883e+03 9.362068308988131321e+03 -8.745519757577218115e+03 1.697412789396188828e+03 5.754092828984172229e+03 3.140211005792773449e+03 -3.897782162768044714e+02 5.265571233155990740e+03 2.114712906858811039e+03 1.509250941422434524e+06 7.814249439931056462e+06 3.936851071890211897e+05 -3.163827789155409555e+05 2.348121798220094352e+05 2.526677119287276873e+05 1.727339103647627344e+05 -5.172177470344981703e+04 5.363886896093920222e+04 5.520285537142548492e+03 8.864618298089847667e+04 5.118942626557929179e+04 -4.386305042719768608e+03 4.682059757660080504e+04 -1.219351158642377959e+04 3.759462111329684558e+04 -2.910310723929153028e+04 -8.034440287064738186e+03 8.958901198489504168e+03 3.470471396708610700e+04 3.473327541397605819e+04 -1.158912318962625977e+04 -2.548494774687008885e+03 6.551374349667205934e+03 2.180645746544540089e+04 5.741062285929567224e+03 -1.104833801382021193e+04 -1.438419863630547661e+04 -6.911430242065261154e+03 1.083989738767245399e+04 -2.572341490654629655e+06 -4.569361692900420167e+06 -9.942608474112445256e+05 8.130017702059337171e+04 2.347989062810779142e+05 2.027750398872503720e+05 -3.776956624597230111e+05 -8.190805981530122517e+04 2.393896818082014797e+05 1.401753278563621861e+05 -3.537118564526965929e+04 4.733186498286861024e+04 -2.034238797330719171e+04 8.014024065104947658e+04 5.175856025869383302e+04 1.801744753287424464e+04 3.233504190445841004e+02 5.036375278305803658e+04 4.326995857163000619e+04 -8.430452775952153388e+03 -4.739525441930741363e+04 8.722107788988214452e+02 1.712215730504490421e+04 -1.318766787909653658e+03 -8.822802883103649947e+03 -5.018831776035204712e+03 -6.883339510996870558e+03 -3.153170794883678900e+04 -1.837919641166357178e+04 4.873668688565501725e+03
1.501838741256352048e+06 3.201853893762816675e+06 5.143844024159671739e+06 1.265049784427155042e+06 2.334361792455678515e+05 8.217232667156661046e+04 2.793683535626278535e+04 1.417634682192743094e+04 3.724398185650342202e+04 2.777635791985553806e+04 2.782812159494100706e+04 1.436141156702323133e+04 5.566718636103597419e+03 8.601259670932702647e+03 1.321316279949095951e+04 1.934925480293092187e+04 2.563212724803054698e+03 1.757867094925413994e+03 -8.586001473173013437e+03 2.345611026692506130e+03 1.872763605977826046e+03 5.282729566646862622e+03 3.357562260992779102e+03 2.120212013795995517e+03 3.355806967982699916e+03 2.065320298952819030e+03 5.611776211727089503e+03 4.168994175070339224e+03 4.140397100659351054e+03 1.415690506374804727e+03 -2.435914558177016806e+04 1.910512267774105305e+06 3.880524226110710297e+06 5.149681905934248352e+05 1.644772485554233135e+05 -6.752390409574093610e+03 1.656676584966999508e+04 9.956031123794165615e+04 1.158539856111013214e+05 6.849131201990070986e+04 3.140179312329445020e+04 1.354100415365327899e+04 7.004008721477690415e+03 1.098694637659908221e+04 4.088879435088508035e+04 4.311500819972749014e+04 1.299395043150588208e+04 1.931033591537489701e+04 -5.452374855501476304e+03 -1.278686400453695114e+03 1.670847026413656567e+04 1.384664191902808170e+03 -2.480259468562233087e+04 -1.305926184146048945e+04 -1.323153482550733133e+04 -4.722752865165662115e+03 -2.028761557977593475e+04 -1.265947383329604963e+04 -8.207733909395838054e+03 6.602375519825735864e+03 -7.128289421712777112e+05 -1.028240429698194261e+06 -1.047581052888213773e+06 -5.592822927251694491e+05 -7.821727295873167168e+04 -1.395428002450719359e+05 -1.815540552003254707e+05 4.885142507962340460e+04 1.528943417929274146e+05 -8.382433326269726967e+04 -1.771322912499589802e+04 -7.702700560284783933e+03 -3.021488617451643222e+04 2.852497198046420453e+04 5.095556194778346980e+04 1.012109420936902097e+04 -1.194392775930633616e+04 2.531136485256490414e+04 -1.184406056592239474e+04 -7.876894483029809635e+03 -2.317901730457156646e+03 -6.064098999585119145e+02 -3.105641084220943867e+03 -2.101074091334207696e+04 -9.963359345125925756e+03 6.705939912516595541e+03 6.089695755685721451e+03 -1.682083895984249102e+04 3.628406162161506472e+03 2.853220689527488958e+03
9.351818068626617314e+05 6.415065422393812332e+05 1.265049784427155042e+06 2.222768377925511450e+06 4.539679405385298887e+05 4.423305539522836625e+04 2.161920676848079529e+04 1.897554836403381159e+03 -1.379591014916925587e+03 1.846732493266248639e+04 8.319724040049262840e+03 1.635066291518946002e+02 -2.645368672269322815e+03 -1.259638473462256570e+03 2.559821671105349196e+03 1.102935427296408125e+04 7.139603853090356097e+03 3.211204035534525246e+03 -3.844796502892006174e+03 7.473235107241844162e+03 8.152032681200365914e+03 3.821655617962941051e+03 1.966843306092363491e+03 3.134090877042948478e+02 -2.706760666564325106e+02 1.807483289352922156e+03 1.581390311541365008e+03 6.154190285828080050e+03 4.314807053853748585e+03 2.885424595671299812e+03 -3.344412847449695109e+05 1.844829372591266874e+05 7.620717360735283000e+05 2.007181618715001503e+06 1.719826838332842162e+05 -1.136286652119555511e+05 -1.114515532056414486e+04 2.705194699859091997e+04 3.750110814799319633e+04 7.493394187008267909e+04 1.604097610869631171e+04 1.025006518895764020e+04 1.440665281383450383e+04 1.295566300084006798e+04 3.231827140933950432e+04 7.336205583581264364e+03 1.319774180648202127e+04 2.037824180241363138e+04 -2.505583467389483303e+03 9.910524911171189160e+03 9.767735028414703265e+03 -3.250061000904127013e+03 -5.071227462369408386e+03 -3.172077195073883104e+03 -4.048168065857895272e+03 3.658728597463628375e+03 -8.271676692052642466e+02 2.901037321170514133e+03 1.513132801649680914e+03 -2.363995695749310016e+03 -2.313624028762491944e+05 -2.036754181805546104e+05 -2.276662069268371124e+04 -5.973891996985516016e+04 -4.802044632121660979e+05 -1.757495966714266106e+05 -7.858368079229821160e+04 -7.446006825619457231e+04 -1.108491605588464881e+04 2.143115827424711097e+04 2.898836434559525878e+04 -5.815517252979163914e+02 -1.412693831176524145e+04 1.997376050024809228e+04 2.126651970894652550e+04 1.078567677789183290e+04 -5.684457685356678667e+03 7.347985532511275778e+03 -2.194892968617385122e+04 6.629209656943845403e+03 4.600986628385277072e+03 -4.604539499156956481e+03 1.489461915213537168e+03 -1.749262444459634207e+04 -1.206000077949717706e+04 1.061875706781735516e+03 6.855442767942907949e+02 -1.572232856706181519e+04 -7.519717869047544809e+03 3.333599349214596259e+03
6.757705147400788264e+05 4.404806508917791652e+05 2.334361792455678515e+05 4.539679405385298887e+05 8.957049917961449828e+05 1.939481791183353635e+05 7.255603473852573370e+04 2.823396464222177747e+04 -2.939971785563473077e+03 -5.139402249420370936e+03 4.519050216901819113e+03 3.116659148835120504e+03 5.225113573907334285e+03 1.361853016917495552e+04 1.324800464326502697e+04 1.308917156646670992e+04 1.111635988836034448e+04 7.219559935419938483e+03 3.802839773369476461e+03 1.918201692598429190e+03 3.628934891374505696e+03 4.038908372436035279e+03 4.397634010950003358e+03 -4.299596522368804585e+02 1.204083060313492069e+03 2.390904006108677095e+03 4.643045830977502192e+03 5.745987986501198066e+03 1.622082952582445387e+03 1.807975473027698399e+03 -7.925432397890853463e+04 4.504247585382683901e+05 2.658146791745263035e+05 4.223702590789507958e+05 7.888539751388489967e+05 4.902393914573136135e+04 -2.442504358686521664e+04 3.664527817274515110e+04 1.659508415361379593e+04 2.390159276837294965e+04 -2.761911870656720566e+03 -2.504054414393146999e+03 1.042144619117722323e+04 1.204090147658805836e+04 8.922371867816376835e+03 -1.498466073251262287e+03 8.187950607025481077e+03 3.540441699375453481e+03 -1.150951400213393026e+04 -1.158449622766227094e+03 2.929441214525240412e+03 7.562902294406037072e+03 -2.473391723495021324e+03 2.221285428845164006e+03 5.147472261039269142e+03 6.311958302380107853e+03 5.721975460270327858e+03 2.358915573467938430e+03 -2.150652315525539507e+03 1.225904873101590738e+03 -2.665960298074714956e+05 -2.902240515235607745e+05 2.858223306357983165e+04 1.312009780711911153e+05 1.392771916708216304e+04 -1.799593690538466908e+05 -7.959077470796549460e+04 2.765303035392485981e+03 -7.065332416029892556e+03 2.525260988294146591e+04 2.534470981299792766e+04 3.079785736273333896e+03 1.700899183596214471e+03 6.451048879447467698e+03 1.638168116100719999e+04 5.414881331858175145e+03 -1.522804860472256223e+04 -1.974008679921027579e+04 -8.809969360625960690e+03 3.046951511601010679e+03 -4.819499111726388946e+03 3.801579360028247720e+03 2.060590378129503279e+03 -4.740361890309327464e+03 -7.423745147493695185e+03 8.192268897599280535e+03 -2.653700143344070057e+03 -3.407559027942225839e+03 -1.346146669609199762e+03 5.829917380735881125e+03
2.057855748186156270e+05 1.556627204059165670e+05 8.217232667156661046e+04 4.423305539522836625e+04 1.939481791183353635e+05 4.660749473706806311e+05 1.002688742666230100e+05 2.954683463577761722e+04 1.099466301012744043e+04 4.606009554726182614e+03 5.094948528480582354e+03 2.763528569984713158e+03 2.337513117182887072e+03 7.512391584414155659e+03 4.833033418740579691e+03 7.449026932623013636e+03 4.518742412571945351e+03 9.108385988604160275e+02 4.556439711812276983e+03 1.673425770142028114e+03 2.420801842622354343e+03 5.073747736105648983e+03 3.623930146562310711e+03 -7.073627824527289931e+02 8.565773653557106400e+02 3.644675311261728439e+03 1.769448952046345312e+03 2.065965514003983571e+03 -3.703910743323541510e+02 8.576164368408061591e+02 2.273114651703783311e+05 -1.850139439726285491e+04 -9.218868483194224609e+03 -1.489303659842676461e+04 1.728802613104582997e+05 4.535950921929462347e+05 4.772408816955188377e+04 3.957887134720586346e+03 -2.495689447903116161e+04 -1.117874308894259411e+04 9.142368324835406383e+03 1.156450422248682770e+02 1.439822207758672994e+04 9.391698919894344726e+03 5.626253525629836076e+02 -2.203614591477029592e+02 1.339585700262888622e+03 -2.239919246737448702e+03 -4.296796235270138823e+03 1.581699486541609758e+03 1.474966962802411217e+03 2.390020955929516276e+03 6.877880774954662684e+02 -2.176305812881016209e+03 -9.323762204716202859e+02 2.191898415780981850e+03 2.265734864131628001e+03 2.915629319447161834e+03 -2.445515056138378895e+03 -5.350102751314186662e+02 -8.251934016323655669e+04 4.704650704934279929e+04 1.762312017099969380e+05 -3.847510334674891055e+04 -2.039982822046940419e+04 1.128514805388457025e+05 -6.356578058163594687e+04 -1.926835669637901083e+04 4.098306117830920994e+04 4.697003312185005598e+03 8.286228317820477969e+03 -2.321546402646223214e+03 2.367069206662074430e+04 2.166406651181223788e+04 1.662491621863690671e+04 1.434373333167399869e+04 -4.208012721149054414e+03 3.875639730882900949e+03 4.195501258492839042e+03 -1.258561616715572654e+03 -3.973831872361427031e+03 -3.685831084794048820e+03 4.999633067412894889e+03 2.161931104879877239e+03 3.938852279870736311e+03 4.238746007133124294e+03 3.080620013394857324e+03 8.612690840571350464e+02 -5.567368750355781231e+03 3.893651473822602384e+03
-3.043498432395561395e+04 9.001035053690648056e+04 2.793683535626278535e+04 2.161920676848079529e+04 7.255603473852573370e+04 1.002688742666230100e+05 2.579485945353675343e+05 7.333498761140242277e+04 1.564520752508780970e+04 1.674894934105942639e+03 -2.275695302226688000e+03 6.198434585223296381e+03 3.129642759839005066e+03 4.654681914701734968e+03 4.318603301035722325e+03 1.617383939804041574e+03 1.989267149918889800e+03 -5.013903487348918020e+02 3.658210441369971704e+03 1.238274537496328321e+03 2.600705747404305384e+03 2.319542804495448763e+03 1.567144041713456318e+03 1.650523066397289995e+03 2.388092208742764342e+03 3.576900814291200277e+03 1.855024836728129230e+03 9.400367886888318480e+02 -5.279485487155438932e+02 1.920564005004823912e+03 6.510029972337224899e+04 2.522854400201001772e+04 -1.118884569360321912e+05 6.241311484843583457e+03 9.768360334285321005e+04 5.719865837084976374e+04 2.341373072550181823e+05 4.758403956793138059e+04 -2.330457058575489100e+03 -1.804180156416355203e+03 1.857339788194895846e+03 7.498994425032207801e+03 -2.221655673561820095e+03 2.148521604237757288e+02 1.351400112495904068e+03 -1.376009648733523363e+03 7.150701262391147566e+02 1.711417795415157116e+03 4.944176398989283371e+03 5.891362103953515543e+03 1.439708286505783008e+03 2.224903846128941495e+03 3.574244569194647738e+03 -1.227790039868320804e+02 -2.096610072863747689e+02 1.316637187121670195e+03 -6.570314067575360468e+02 3.831362661537506483e+03 3.093612692173343930e+03 1.321976881948758944e+02 1.139749262485395593e+05 -6.648022563425108092e+04 -1.595362752051576972e+05 -9.505802393764624139e+04 -1.860307374985075876e+04 -2.019743772688693753e+03 1.193627438652691126e+04 5.003309344624412006e+03 -1.602389155630149071e+04 -1.548859168005867559e+03 1.820836260554439650e+04 2.966978396766030983e+03 -6.859533703372563650e+03 1.119878356063893989e+04 1.634572368376093800e+04 9.333842886093038032e+03 -4.875839325660955183e+03 -1.551998653148540143e+03 4.397710118971172960e+03 8.384552998162056610e+03 4.860002667818645932e+03 6.256109402076409424e+03 5.414733045224684247e+03 -4.459866996826462128e+03 -6.828948195079459765e+03 4.704307316560316394e+03 3.991061015593973593e+02 3.083017400380300387e+03 -5.019273314643878621e+02 2.217712911486550638e+03
-1.235738237538740796e+05 8.527112133831515166e+02 1.417634682192743094e+04 1.897554836403381159e+03 2.823396464222177747e+04 2.954683463577761722e+04 7.333498761140242277e+04 1.770444460640374746e+05 4.915415939188831544e+04 1.451477065464017141e+04 3.429849432628438535e+03 3.404026186213110577e+03 1.124662595058852048e+03 3.913776795302017035e+03 2.397860593338143190e+03 2.687732807495013276e+03 5.485546138157027599e+03 2.147014480863892004e+03 2.477956123081196893e+03 2.967267484090659309e+03 3.908157931710013145e+03 2.285175551670406549e+03 2.112327726603042265e+03 2.095858115423438448e+03 1.662535646404717454e+03 2.141156774895062426e+03 1.035163856339476752e+03 1.072099806665920141e+03 1.416692310356981807e+03 1.022612063615432589e+03 -1.101503901579901576e+05 4.382876883619603177e+04 -3.968565512042917544e+04 -1.038011000760363822e+04 1.658334440648016607e+04 1.246194675410931632e+04 6.183231063724546402e+04 1.515079031855191570e+05 3.940581196776361321e+04 7.952926269441121804e+03 2.475013885882586692e+03 1.242544654352104226e+04 -1.384694512404840054e+02 4.878807943423328652e+03 -5.435562862168650099e+03 -8.333131538785459270e+03 2.852263715629231683e+03 1.034726881730284504e+03 1.262605866865898406e+03 3.107625269278899395e+03 -2.854801080696957797e+03 2.283935882582193813e+02 1.556122659194439393e+03 1.063323342585866158e+03 -4.185286739616612977e+02 2.262634816481498092e+03 -9.370286663718445652e+02 1.620019838244684024e+03 1.178834312024572384e+01 8.431271794910791186e+02 -2.614565555319867417e+04 1.316130143830185989e+05 -4.056890594789078023e+04 -3.809758795302986982e+04 -6.418974673611385515e+04 -2.162876013632389004e+04 -6.486934208713870248e+03 4.611994126864375721e+04 -7.518555682543943476e+03 3.347885859392347811e+03 4.458353127961592691e+03 -5.888655253582860496e+03 -1.270927034743939294e+04 4.271063247470357965e+03 1.074272551072188980e+04 3.894574676260686374e+03 -6.940410043330278995e+02 -5.520434265058234814e+03 6.641664811927754272e+03 8.006432995510014052e+02 -1.503733947477191123e+03 -9.212144612285459289e+02 4.054831647484143559e+03 2.099137581994572884e+03 -4.045088971656434751e+03 3.403074321175271052e+03 -3.955079240456001344e+01 8.196309196068732490e+02 -4.831923020691206716e+02 -2.211285064796330062e+03
-5.034276613665745390e+04 -3.888836111478439761e+03 3.724398185650342202e+04 -1.379591014916925587e+03 -2.939971785563473077e+03 1.099466301012744043e+04 1.564520752508780970e+04 4.915415939188831544e+04 1.075960378262820741e+05 3.300907473415833374e+04 9.197273165391487055e+03 2.213215395226635792e+03 1.914462617218229525e+03 1.636383729277285283e+03 2.642081543995152970e+03 4.958495256179890021e+02 2.553466424976151302e+03 5.415286172955491111e+02 9.467079632497280954e+02 2.230932440536987087e+03 2.067377671162802926e+03 7.162637817142416452e+02 8.623567706969345181e+02 8.998193532001190533e+02 9.532687361755665734e+02 6.246745913068644995e+02 1.196045180724201600e+03 9.285051222814417997e+02 6.304452212554469952e+02 1.439878221523614684e+03 3.008513879054785866e+04 4.114129760448463639e+04 -9.483514676486134704e+03 1.231437541080885694e+03 -2.765568890540367192e+03 5.762735455596621250e+03 9.206134643827546824e+03 3.137170345868331060e+04 9.495854397070004779e+04 1.543657285265621795e+04 5.322810928599965337e+03 -3.102000902246720671e+03 -3.896686419102558830e+03 -2.294149133866792909e+03 -2.214218636436525003e+02 -3.300701802338700190e+02 1.474486886261337986e+03 -1.507764714669069008e+03 -3.106647087698478117e+03 -1.237732284558944230e+03 -8.116403919744209361e+02 1.438199117315177489e+02 2.226873179193645683e+03 -1.168956315430264112e+03 -3.966814960023372691e+02 -1.009755823750938248e+03 -2.324340635341719405e+02 1.974250215537580516e+03 -6.677405513099877226e+02 7.111918717438097701e+02 1.050248327483451867e+05 5.250062739810843050e+04 -4.660590727751381928e+04 -7.517976178374147275e+04 -4.065908796041509777e+04 1.048910365374158027e+04 4.885916602610497648e+03 2.246017151368264240e+04 1.673510709059064538e+04 -1.894705308979435722e+04 -1.186392499500183658e+04 -1.003367572728808227e+04 -1.574542837995481023e+03 1.437624850897360886e+02 7.034773222515648740e+03 3.768193955199885295e+03 -7.975239290138180195e+02 -5.284067822904358763e+03 5.386097857917027795e+03 4.058614344339463855e+02 3.640295639385812478e+02 3.903047989259293900e+03 4.421731913410158086e+03 1.248482581695153470e+02 -1.875940742991449724e+03 9.163285050414393709e+02 -2.198173050857534747e+02 1.675204507577378081e+03 -8.923131449596519360e+01 2.181343356546305131e+03
1.901391641902271658e+04 -2.521928232135292092e+03 2.777635791985553806e+04 1.846732493266248639e+04 -5.139402249420370936e+03 4.606009554726182614e+03 1.674894934105942639e+03 1.451477065464017141e+04 3.300907473415833374e+04 7.229621825289586559e+04 1.985326432685512918e+04 5.812054149095026332e+03 2.328397758552110190e+03 2.388794306298387710e+03 2.058406838412457091e+03 1.919563328416393688e+03 2.833745891156773723e+03 6.967538523179629237e+02 1.407900920196814468e+03 1.254382804939752077e+03 4.722837468514954935e+02 9.242596078012393264e+02 6.548119478293490374e+02 4.472110608191194387e+02 1.070954438392731618e+03 9.322823235373758735e+02 5.394525520292262399e+02 8.248113482464297022e+02 4.870900419692716810e+02 2.554424920681596234e+02 -1.695945083357087060e+04 1.489836210796211381e+05 7.968568410510753165e+04 1.194284877471996333e+04 7.799530532034194039e+03 -6.886107077209103409e+03 9.415668005196966988e+03 1.780768511823917834e+03 2.899588165829290301e+04 5.637449971448477299e+04 4.054981078955504017e+03 -5.164557897366697034e+03 -3.307664282461834773e+03 -3.333328435336716211e+02 1.998968275992421795e+01 2.253764482823171420e+03 4.953522565392059732e+03 -2.421910556982748233e+02 4.652314908392618804e+02 -1.540008292320220846e+02 -5.347875074227775940e+02 -1.039518871865115415e+02 1.271841744663384134e+03 -4.410718307137384500e+02 -9.594398348000469241e+02 -5.847654673760714559e+02 3.443738698080318272e+02 1.164365194875422958e+03 -2.135857671093530826e+03 -7.275998211447904396e+02 8.899601275060207627e+03 3.735196696684079507e+04 -5.080784412949810212e+04 -3.916931726056596381e+04 -1.319428493691191579e+04 7.236797646887479459e+03 9.862671295858450321e+03 1.704379983150216140e+04 9.144491608167780214e+03 -4.283277565367414354e+03 -1.545397293282589271e+04 -9.037484123737449409e+03 -1.382280746936000469e+03 -3.334112013914315412e+03 1.286990940621815753e+03 3.690971398493100878e+03 2.631851411628201276e+03 1.863216370070661469e+03 1.088401347156609518e+03 -1.081240306135992341e+03 -7.683155602087462910e+01 1.998407118797336580e+03 2.026264045422342406e+03 -1.151131430540673364e+03 -5.188875604836844104e+02 1.710428782676712217e+03 3.122673799931024519e+02 -5.563436638810697588e+01 1.658198585412520288e+03 1.810731698508686804e+03
-1.240062055594759659e+04 2.371519046276117660e+04 2.782812159494100706e+04 8.319724040049262840e+03 4.519050216901819113e+03 5.094948528480582354e+03 -2.275695302226688000e+03 3.429849432628438535e+03 9.197273165391487055e+03 1.985326432685512918e+04 5.051853399253665702e+04 1.443090807975151256e+04 4.240411085158905735e+03 4.441223141420057800e+03 1.188034822702656811e+03 7.056504864455513371e+02 1.492410364301049867e+03 7.635810521935831048e+02 3.704500299861868484e+02 9.398800501348246144e+02 1.187359237922561533e+03 1.205409002516218152e+03 9.644392936657850441e+02 6.211429229830051781e+02 8.992647439102258886e+02 1.263817262560437712e+03 9.051101746961970775e+02 6.080820138282848575e+02 8.722377796687499085e+02 4.261326752031635579e+02 1.494442111823056803e+04 -1.056092148380173967e+04 4.640397369530284050e+04 1.316015916044822188e+04 1.296666939080224802e+04 8.879943288934488237e+02 -7.651519690034660016e+03 -1.068419594568862158e+04 7.046730261278647731e+02 9.242578784506778902e+03 3.365109395839562058e+04 4.264792268759538274e+03 -4.195188230986810595e+03 -2.152711707873168962e+03 1.386785286380410525e+03 1.221566631117810630e+03 9.480825632018680835e+02 7.948289389815586219e+02 -2.032766607344763088e+03 -5.287552224187523962e+02 -9.045000442509210643e+02 -6.342406917225474672e+02 1.823899444726977890e+03 -1.153831695567143015e+03 -9.057891970551488612e+02 -1.457158856422105828e+03 -8.648650976308730378e+02 -1.441399749415024445e+01 1.473631148476297994e+03 1.521547338542887246e+03 -3.108457225828195078e+04 4.693888963337303721e+04 7.877031332781778474e+03 -4.956088127533281295e+03 2.723520088596656569e+04 6.445088440365520910e+03 -1.516727873605523564e+04 1.261078186106411886e+04 1.181593654016021537e+04 8.158336048715507786e+03 7.735557349590758349e+03 -2.189260162813769966e+03 1.141533471891908448e+03 -2.560188526630581691e+02 1.706595439387799161e+03 9.532675790421540114e+02 1.972373123145677255e+03 3.793978518863652312e+02 -3.496154241550226288e+03 -2.621513763584283424e+03 6.862613280909495188e+02 8.489222997251116567e+02 5.020724023634014657e+02 2.589137137332261887e+02 -1.835533199017880861e+03 6.167251877313052546e+02 2.124004735524968339e+02 -5.573044596592852713e+02 1.359041176187751034e+03 8.636671521946663006e+02
-6.287889984874556831e+04 1.350441260469181725e+04 1.436141156702323133e+04 1.635066291518946002e+02 3.116659148835120504e+03 2.763528569984713158e+03 6.198434585223296381e+03 3.404026186213110577e+03 2.213215395226635792e+03 5.812054149095026332e+03 1.443090807975151256e+04 3.530193848150744452e+04 1.082320676729441220e+04 3.203476398387637346e+03 1.320833891808141743e+03 1.213093829504032783e+03 1.010890686071564232e+03 -8.676270649368098020e+01 9.523904568790542271e+02 1.117051558394687845e+03 1.401543726307794259e+03 7.800125018895786297e+02 1.030416917685412727e+03 7.992303446048528031e+02 7.144817911723964698e+02 8.855606725908027101e+02 8.060353181947104986e+02 9.984316726053484672e+02 7.700261502255242476e+02 7.404716440556555881e+02 1.010276996746328768e+04 8.480411917242259369e+04 6.619311557210418869e+03 -3.880964169647969811e+03 9.312319890220236630e+03 -1.098442271654215801e+04 3.618759295581814058e+03 7.943134640456344641e+03 2.133267614572762341e+03 6.784547697831292680e+03 8.183785837478574649e+03 2.980074460507721960e+04 3.957308514736073448e+03 3.899007175684120057e+02 4.807024272526845721e+02 -2.279824856608921664e+02 2.143510300773378276e+03 1.412640052232332209e+03 1.308686670972643469e+03 1.553430698876293945e+03 7.107815305237899111e+02 1.465812908635858321e+03 1.810931895511844004e+03 1.328070070596667165e+03 2.171525596804883662e+02 -1.189697759972071708e+03 -4.145366934035466215e+02 -6.577586807459198326e+02 1.901981569674370007e+02 3.810849829166534732e+02 -8.115460194065490214e+03 4.430601866384391542e+03 3.029954624721196160e+04 2.591899255631749838e+04 -1.906753539793077834e+03 -1.212909636083001169e+04 1.149150516069577679e+04 2.282427652952991411e+04 -7.454358154295409804e+03 2.607875754255273932e+03 5.507344961143935507e+02 3.344539264706994345e+03 -2.388226678358504614e+03 1.288046631707119104e+03 3.550071251396653679e+03 -3.913529323539273264e+03 2.090018752853984097e+03 -1.012663495428969718e+01 -3.282334444609699858e+03 -3.471160325294197719e+03 1.609186774185549893e+03 1.338301145812089544e+03 2.839461619547647047e+02 -1.027022030458751090e+02 -2.214328221982986236e+02 4.879267211126274901e+02 -1.898212115050091313e+02 -9.175972071640056811e+02 1.306611888035272841e+03 -5.461621650459146622e+02
4.722304324050621290e+03 8.627579726305861186e+03 5.566718636103597419e+03 -2.645368672269322815e+03 5.225113573907334285e+03 2.337513117182887072e+03 3.129642759839005066e+03 1.124662595058852048e+03 1.914462617218229525e+03 2.328397758552110190e+03 4.240411085158905735e+03 1.082320676729441220e+04 2.874935320690045410e+04 8.068101804909245402e+03 1.950391116429953854e+03 2.012689727331409586e+03 2.410419153756540254e+03 1.634534121875358096e+03 1.199325406551911783e+03 1.476350194767014955e+03 1.131626969240678363e+03 9.855653355651937773e+02 3.304552981991522529e+02 1.111010798881381589e+02 6.119899791408317924e+02 2.187975685136165964e+02 5.808767998604097329e+02 1.025376164662013252e+03 7.391932230553029513e+02 3.893495634248184842e+02 8.328759509867407905e+04 8.243926161901262822e+04 2.821019227686913382e+03 -3.323300479051676666e+04 -3.967520441548061626e+03 1.192518866360126992e+02 -3.181864468474571822e+03 -2.120709937602832724e+03 2.554513503274818504e+03 1.632655251128466034e+03 3.358087275324700016e+01 6.402302035056191016e+03 1.368299253885855069e+04 1.787595696360925558e+03 3.457806397195710133e+02 1.828430113683520176e+03 4.341014276732454391e+02 -4.306705149850079550e+01 3.071705135499568655e+02 1.626948690072263844e+03 -4.975642034909824929e+01 -1.907886493641360630e+02 1.116533845792641273e+02 -5.853892654497442436e+02 -1.263230926825917550e+03 -1.672301626428099553e+03 -2.451132111118155521e+01 -5.439165996298239634e+02 -3.825327063131618388e+02 5.698477203831266706e+02 -6.971920171709673014e+04 2.534725338662028207e+03 -3.220371863282976847e+04 -1.324917622277618830e+04 1.662312387440995371e+04 -4.276179765228342148e+03 1.522127111867413441e+04 7.056805736795671692e+03 -1.049567840020632866e+04 -2.127722605132535136e+03 3.291834573823799929e+03 7.812464840706375981e+03 5.777357576752031491e+03 -2.529770373522124828e+03 2.592275673052663478e+02 -3.431671105532465731e+02 7.106352247530240902e+02 -3.363244724439488778e+02 -1.153368877429433041e+03 -6.985417465449106658e+02 1.055738628067690115e+03 1.560947286455071662e+03 2.968034888243978742e+01 -1.316909452352129392e+03 -2.433727457505929124e+02 -1.540049889059548605e+02 -6.702632242686624977e+02 -1.573773851228435205e+03 8.183937538424590912e+02 6.016375043001332870e+02
-1.605355567112457720e+04 3.226914403437444707e+04 8.601259670932702647e+03 -1.259638473462256570e+03 1.361853016917495552e+04 7.512391584414155659e+03 4.654681914701734968e+03 3.913776795302017035e+03 1.636383729277285283e+03 2.388794306298387710e+03 4.441223141420057800e+03 3.203476398387637346e+03 8.068101804909245402e+03 2.331950891184877764e+04 6.707816369859852784e+03 2.825624510390876367e+03 1.752800777201236087e+03 1.595523064041907446e+03 1.994211231085045711e+03 1.561352643900438579e+03 1.321263510425085315e+03 1.259837628050732519e+03 1.296590207799133850e+03 7.475048852703770308e+02 9.694333109777381878e+02 4.592387700243517656e+02 9.845650911265139484e+02 6.482309296253711182e+02 1.534705870172245170e+02 2.009459572800107026e+02 2.234874797404641868e+04 -1.008526020110600075e+04 -2.177912092930808649e+04 -2.942493553727290418e+04 -3.134188927202938430e+03 5.623227148642750763e+03 2.339426966990305118e+03 6.220379533909168686e+02 6.367523704180533059e+03 6.777931125164262767e+02 -9.757905266226385947e+02 -1.784934085931446589e+03 2.365678620414140823e+03 1.420252139142537817e+04 4.057127004728616157e+03 -4.060626004899048098e+02 -4.186037915371322811e+02 5.543901874764213744e+02 8.811654914988098426e+02 1.231659073521190749e+03 5.538591762462492625e+02 4.623422792956225749e+02 1.044256622486072274e+03 2.852661962992792724e+02 -7.556965776907386498e+02 -5.721511731463972410e+02 -1.730673468057496507e+02 -2.110121300447362103e+02 -3.420673354652903981e+02 -1.854176243206801757e+02 -1.792812401014630814e+04 -7.044639339217246743e+04 9.087059292592823112e+03 -3.264366408857843635e+04 2.665218807054198805e+03 -4.354443790933428318e+03 2.539439347827933489e+03 2.461980951559969526e+03 -1.065072939384200708e+03 -1.467897668769675875e+03 1.858553417128474905e+02 -2.335963231993174759e+03 -9.941831113477439885e+02 -6.102614865690264878e+02 -2.547282913205629939e+03 -2.832206767828555257e+03 -2.559173084108740113e+03 -6.290531121240112498e+02 -2.323130612607264993e+03 -6.042889592985451372e+02 -7.265618759186689886e+02 -1.457092356167169328e+03 -7.766743316685606260e+02 -1.707399255338611965e+03 -4.300308172381165832e+02 -2.693655585715281404e+02 -1.266593181471223488e+02 -9.845416137846567608e+02 -5.551936295236089336e+02 -7.398428449471401791e+02
2.659658244050249778e+04 7.061717870306465556e+03 1.321316279949095951e+04 2.559821671105349196e+03 1.324800464326502697e+04 4.833033418740579691e+03 4.318603301035722325e+03 2.397860593338143190e+03 2.642081543995152970e+03 2.058406838412457091e+03 1.188034822702656811e+03 1.320833891808141743e+03 1.950391116429953854e+03 6.707816369859852784e+03 1.733383021586897303e+04 5.590705507888250395e+03 1.718450358588698691e+03 1.130370826566739652e+03 1.443331196817629007e+03 1.496348374859084515e+03 1.048010215781432635e+03 1.128914007492923929e+03 9.914837548783536931e+02 4.154142901831646100e+02 4.696961767041528333e+02 2.210546886097070853e+02 9.781394214054297436e+02 7.027108580436964758e+02 3.435076164315462393e+02 3.619602810803696116e+02 -6.698766744803443726e+04 2.328785556715921848e+04 -5.112807832037765365e+03 -1.280350663576698025e+04 4.068387070729591414e+03 1.366145134628857704e+03 -4.878406086672730453e+03 -4.053324051090329249e+03 2.763247376513736526e+03 2.246260935297782908e+03 1.240201810447561996e+02 -1.277987147391810822e+03 3.572824754243552547e+02 4.344375295586139146e+03 1.007524544264844735e+04 -3.029685296730648361e+02 1.570985551104220974e+02 -1.874869901715503673e+01 -2.233891613431417795e+02 3.793808997118061370e+02 1.088908707629495211e+03 8.035947024219922241e+02 -1.482110944354001845e+02 3.402494583166662778e+02 -2.462674821836212402e+02 -2.764785694591035394e+02 -3.492362905301686169e+02 -4.912477367774475283e+02 -5.664558488202960262e+01 3.929049693434925530e+02 3.350860239835455286e+04 2.897583514717334765e+03 -2.550560314489027951e+04 -8.617008389664340939e+03 1.656191344726421903e+03 3.315870404515595965e+03 -7.908111319632777167e+02 -1.570759163939406335e+03 -1.914321010742402450e+03 -1.680713836967766156e+03 1.931987974214271162e+02 -8.372148239586042564e+02 1.111901405187903720e+03 6.019101780035429101e+02 3.223087932642933993e+03 -3.279816764312050054e+03 -3.343707446251933561e+03 -2.058272286521456408e+03 -1.680838509147106151e+03 7.501389095241779614e+02 -4.302791800748344144e+02 -1.031240576731137935e+03 -1.502526867704764868e+02 -6.451950959189628065e+02 -6.608310292601963738e+02 -5.233715216276377902e+01 5.659845482783246098e+02 -5.274025008327462274e+02 7.050742652396307903e+02 -5.222423205740183221e+02
2.249110066443869073e+04 -1.359831900952927390e+04 1.934925480293092187e+04 1.102935427296408125e+04 1.308917156646670992e+04 7.449026932623013636e+03 1.617383939804041574e+03 2.687732807495013276e+03 4.958495256179890021e+02 1.919563328416393688e+03 7.056504864455513371e+02 1.213093829504032783e+03 2.012689727331409586e+03 2.825624510390876367e+03 5.590705507888250395e+03 1.471647222948033050e+04 4.448135700578829528e+03 1.807661512147443318e+03 1.605584299342531494e+03 6.744199154960259648e+02 7.219888730783694655e+02 9.062777794582058277e+02 8.383552892121849709e+02 5.160246198507882127e+02 6.823258415077431209e+02 2.944165018816078714e+02 6.111204805051594349e+02 8.213879039612256747e+02 4.646282033530222293e+02 1.385981993410502469e+02 -4.712302008514996123e+04 3.371154722548514837e+04 5.354087620765814063e+04 1.313842381950723211e+04 6.708791204310936337e+03 1.466500257169495490e+04 6.841724231511760081e+03 6.078574477930684225e+03 2.327796929819709476e+03 2.085801929196642504e+03 -4.927450871163384249e+02 3.847605995726341348e+02 6.136023164361633917e+02 2.469611495251745055e+03 1.293372224397115815e+03 7.116709475445325552e+03 1.835362456541785377e+03 -7.254457351214480241e+02 2.626878706918960802e+02 1.389416982623930153e+03 9.736985051505138244e+02 1.076241388675218104e+03 -5.730849896925863050e+02 2.160427388983972037e+02 1.890209340335875652e+02 -3.039494956914468275e+02 6.094911848091637694e+02 2.903810457331390467e+02 2.264140411438804961e+02 1.601042973846761583e+02 3.160733379109269299e+04 4.029241989432607807e+04 2.957030154633993789e+03 -1.185245820136012844e+04 -1.768631015581391330e+04 -1.264025209145975896e+04 -6.902841309740801080e+03 -5.155846861045009973e+03 -1.063541694248220301e+04 -3.989649222832073974e+03 2.971450635731803686e+03 -3.806488429270468714e+03 5.098712729845506715e+02 9.454923359537497163e+02 1.070375250646417726e+03 1.163280734079150761e+03 -1.562498254824671449e+03 -2.637831132515665558e+03 -5.648982851553029150e+02 6.527863703927447432e+02 6.619487575429819799e+02 -4.363869998908010643e+02 -3.087634801756736351e+02 -6.618494179092451759e+02 -9.864911366564949731e+02 -4.886563442734379237e+02 1.020690618179469880e+02 5.700308090898340652e+02 5.181093781313254567e+02 -3.476188313904451661e+02
-1.224193459921511788e+02 -9.984030157987881466e+03 2.563212724803054698e+03 7.139603853090356097e+03 1.111635988836034448e+04 4.518742412571945351e+03 1.989267149918889800e+03 5.485546138157027599e+03 2.553466424976151302e+03 2.833745891156773723e+03 1.492410364301049867e+03 1.010890686071564232e+03 2.410419153756540254e+03 1.752800777201236087e+03 1.718450358588698691e+03 4.448135700578829528e+03 1.167802568703812176e+04 3.716958819912223134e+03 1.756180035292361936e+03 1.119094345213100951e+03 6.699980263923454231e+02 5.833363308546502140e+02 4.372209040027409515e+02 2.649219536273035374e+02 3.115450749510999913e+02 3.287800820152314714e+02 6.358573070072726523e+02 5.131062247478821519e+02 1.446025604482717881e+02 3.179279849830350599e+02 -1.745494895650845820e+03 3.221623526829716866e+04 -1.481466404786542626e+04 1.205995629387067675e+04 7.875528566825022608e+03 5.348049553932633899e+03 5.325727450267942231e+02 6.442058360818276014e+03 5.608097110454466019e+03 5.006827449854353290e+03 3.228102314701340674e+03 2.989211309363551663e+03 2.082456850692670287e+03 1.962329835922802772e+02 1.099825443266567390e+03 5.895579745093140218e+02 7.411157831488954798e+03 2.762519457862273384e+02 -4.252016942082045148e+02 9.063571240212827718e+01 4.180444345946064573e+02 6.845285508708053612e+02 7.653317105544081187e+02 1.631115069768191717e+01 -3.966956374963351095e+02 -2.968982991412514139e+01 9.766393410740264471e+02 2.976131336885176779e+02 1.677990155582309342e+02 1.763436340506050612e+02 2.667667306351919615e+04 3.658806490418464091e+04 -7.767692619557111357e+03 -4.018194757994279644e+04 -9.466820701261858630e+03 -2.113034784679533004e+03 -6.264682754601880333e+03 1.873032346790635529e+03 -2.567911481286038452e+03 -2.804246618631069396e+03 2.729272372124461526e+03 2.273546217924244502e+03 2.165727128969822388e+03 9.666808632981814071e+02 2.042739520532528331e+03 9.885327178279508189e+02 1.877763115169605726e+03 -3.463660666417889047e+02 -3.258397574639370475e+01 8.903034643686739855e+02 3.122028713381703824e+02 4.663557113827311014e+02 4.949483494259361009e+02 5.050745502899866324e+02 -1.612398491042915794e+03 1.989724192249466626e+02 7.725622913185312655e+02 -7.867836805475958784e+01 6.815425849529399329e+02 5.573877770986050564e+02
