2.343902475292772949e+08 3.124182183385498077e+07 2.483968777125212830e+06 -1.270787287389589706e+06 4.102879751240809448e+06 1.087411667195348768e+06 8.261503929968255106e+05 -2.678328054113700637e+05 1.777568523289229779e+05 -2.328667810750891222e+05 -9.285763572511031816e+04 7.713015184100819170e+04 -2.030972315373303136e+05 -2.685844368896614833e+04 -4.012909005971852457e+04 1.186203063624201459e+05 -8.582041939521253516e+04 -9.381478330128024390e+04 -3.902865510714479751e+04 6.537161487639643747e+04 -8.159839497327085701e+04 4.134191806490544695e+04 3.468977704056083167e+04 -3.018004934335017970e+04 -4.806408356646304310e+04 -3.605270184214553592e+04 -1.962841781565119618e+03 -1.109464975739388683e+04 -1.936587183513150740e+04 -8.647251538826734759e+04 8.889560286937940121e+07 -1.202395543021930009e+07 -1.294183112570215599e+05 -8.880803407814146951e+06 5.069386492401308380e+06 6.123323530799753498e+05 4.231645319227101863e+05 -1.520431361453323625e+06 6.390821345744526479e+05 2.707197043122230098e+05 -8.160441289086050529e+04 1.045114982317461399e+06 -9.538381846008304274e+04 2.595653787512394483e+05 -1.822431135329540703e+05 -8.481735607119591805e+03 2.044648105354534055e+05 7.268908369603594474e+04 -3.146408434731828747e+05 -6.129683110840047011e+05 -6.839622441050043562e+05 -1.259272058042322024e+05 8.647705914576508803e+04 7.684727209685763228e+03 -2.997144251411414589e+05 -5.566932655107186292e+04 4.517029146355113335e+04 1.710079213318947950e+04 -2.229638577503855049e+04 -2.711170281152873649e+05
3.124182183385498077e+07 1.278456603337464929e+08 1.474976338079627790e+07 -2.427741203383209941e+05 2.290682251913221553e+06 -1.305458561306503543e+05 7.229887577699361136e+05 5.299912122941083508e+05 -1.548608248737081522e+04 -3.135925039124610485e+05 3.126242348706864868e+05 2.270782836799966171e+05 1.321589966391094495e+05 8.025344571888202336e+04 9.018278748857344908e+04 1.317221470018874970e+05 -6.463621408132333454e+04 -7.113170099929698335e+04 6.018237015019221872e+03 6.033446780685380509e+04 -3.559785722342227382e+04 6.059721698095710599e+04 1.744171620141218227e+04 -4.916759618084567046e+04 5.435537127008778043e+04 1.074413486635565641e+05 -7.873582481645706866e+04 5.602267471342800036e+02 4.468486072905327455e+04 -4.123631669588608929e+04 2.043168855423929170e+07 1.216364843075669408e+08 1.245525301228558645e+06 -4.534705263731556945e+06 1.412362274597262731e+06 2.698148463663671631e+06 4.705330755684221513e+05 1.775938031987936003e+06 6.424219311583242379e+05 -4.547838696872754954e+05 9.911736407516883919e+05 8.977454400010668905e+05 3.991007519119021017e+05 1.261684237552205886e+05 2.747837353566329693e+05 9.306520791186146380e+04 5.759390813743477338e+04 1.683886456412840562e+04 3.866062218987204687e+03 3.551676986362203752e+04 -3.359267434656740515e+05 3.510614941010727489e+04 -2.259510243886854732e+04 -7.370988006320706336e+04 1.738524877611522679e+05 1.122653518845618091e+05 -1.622248818740166025e+05 -1.705986266703976435e+05 3.509244930121409561e+04 -1.683068495210364345e+05
2.483968777125212830e+06 1.474976338079627790e+07 5.017433901336152107e+07 4.808796982105023228e+06 9.145912671564873308e+05 2.114050093221319548e+05 5.316264237006675830e+04 2.740874557615306112e+05 1.084087218934040138e+05 3.337047834606998367e+05 2.445960252316851693e+05 4.578024659732685541e+05 2.067398294951308344e+05 1.014118108535916981e+05 1.136064948045007477e+05 2.220901306727751216e+05 1.382496830562175019e+05 1.282476152835691755e+05 5.519110290321701905e+04 4.534845869247736846e+04 2.725334718006835828e+04 3.528759139580486953e+04 6.634227322155822185e+04 2.550947159842388282e+04 5.106197240815008263e+04 -5.957808752119432938e+03 4.087610867143918585e+04 -3.471026312488768781e+03 2.850428328486030659e+04 1.068698809577746943e+03 -3.808603842371079372e+05 1.706912629227676615e+07 6.314784572216757387e+07 9.268551456969488645e+05 1.043027819484620355e+06 5.840275684680570848e+05 7.919533340168410214e+05 1.260253255949032027e+06 1.647823098084366939e+05 6.176806966355042532e+05 3.050449270238390891e+05 8.493644968204223551e+05 9.298828696690277138e+04 1.806740940205902152e+05 3.147628216791669256e+05 2.314282231883374625e+05 2.321488494171893108e+05 2.655781740386610036e+05 1.007755672370451794e+05 1.346634011921564525e+05 1.581349638732104213e+05 5.647458612139324396e+04 7.772321155263153196e+04 9.543422209784463121e+03 6.958029950975920656e+04 -6.647928712610364528e+03 -5.354672239357035141e+04 -6.735838604712045344e+04 9.561128743251676497e+04 9.491359387410806085e+04
-1.270787287389589706e+06 -2.427741203383209941e+05 4.808796982105023228e+06 2.109751777612113208e+07 1.950747132389418082e+06 -1.103190703403490261e+04 2.167195870703817636e+05 8.981404096481307351e+04 6.538678156035365828e+04 6.567719543332174362e+04 1.043293413628045528e+04 9.464944904961239081e+04 7.373322308312471432e+04 9.958894621148203441e+04 6.259999393209303526e+04 6.837086968228625483e+04 6.537882568162202369e+04 2.470388997015107088e+04 -8.706285877404192433e+03 3.950922294777436764e+04 3.934101604869060975e+04 4.701511758886935422e+04 2.526963034128288655e+03 6.399750399976551307e+03 -1.356266369819717329e+04 2.019083551218435241e+04 3.206367151843326064e+04 3.056183808903233512e+04 1.936868484788144997e+04 7.247970145160399625e+03 -3.154726204622412100e+06 2.002083682671356248e+06 3.976875694895154797e+06 3.212174383414378762e+07 -6.569418106043955777e+04 -3.781818666772029246e+05 4.735081447565406561e+05 3.684945674036292476e+05 1.296878102807486721e+05 1.597831114668597002e+05 1.584648395276925294e+05 1.649164285323675431e+05 3.666373020496559184e+04 1.835475462978129799e+05 -7.173116248714986432e+04 5.128035460866634094e+04 8.642487700947218400e+04 1.276618651858047378e+05 6.599822487746294064e+04 1.438107446289017971e+05 6.826269452698444366e+04 2.751331014991363190e+03 -1.569452827302497644e+04 4.869293280656514980e+04 1.221954156514047645e+04 5.674214538985422405e+04 4.870086351267469581e+04 2.275826547218451378e+04 3.948973433466288407e+04 -1.728128938762560210e+04
4.102879751240809448e+06 2.290682251913221553e+06 9.145912671564873308e+05 1.950747132389418082e+06 8.453920530470231548e+06 7.633769578946967376e+05 -1.089130234833275317e+05 5.391650100934057991e+04 -3.794685868019297777e+04 -1.166105912048338214e+05 4.635926841108741792e+04 -2.286816501829462140e+04 3.426101776280940976e+04 3.949998373230230209e+04 3.316941320066044136e+04 -9.868175667533603701e+03 5.971556171829253435e+04 1.502218852094797330e+04 1.689140582729354355e+04 2.327630615354438851e+04 1.416195010868589816e+04 1.721885537153573023e+04 1.971090576282690381e+04 1.796656812073084438e+04 5.640641711356568067e+02 -5.978864001812640709e+03 2.434906443408881387e+04 4.479313214535913175e+03 -2.150482609368187696e+03 -1.559072064179892550e+03 1.535839290091730887e+06 1.073871170614799019e+06 1.541449757040843368e+06 3.795713780070645735e+06 1.243017070786513202e+07 1.150072041582270904e+05 -5.296143117146423319e+05 2.773043361904639169e+05 2.702449125073917676e+05 -7.842447908580396324e+04 6.042707593450407148e+04 1.918358957855920380e+04 7.648231948355042550e+04 2.259107025411620561e+05 7.165993481136357877e+04 -7.541755747282934317e+04 7.713728799775120569e+04 1.825059028829529780e+04 1.909942822543597867e+04 8.787093685172175174e+04 4.256564458472264232e+04 3.628647193139528827e+04 6.929603390513619524e+04 5.575174508750826499e+04 8.799165452001903759e+03 1.652174911031746524e+04 1.948832023539327565e+04 3.411528008427972964e+04 4.873470609602687910e+04 3.798106833456525783e+04
1.087411667195348768e+06 -1.305458561306503543e+05 2.114050093221319548e+05 -1.103190703403490261e+04 7.633769578946967376e+05 4.563651078494147398e+06 6.746213520924197510e+05 2.631865647276913933e+03 9.239979210629212321e+04 5.639210165759601659e+04 2.295278959991068041e+04 7.868702026021764323e+04 9.126681094014286646e+04 1.643166223600712692e+04 2.968883173097977124e+04 5.176541983652728231e+04 4.519332092013774673e+04 2.489663089957116608e+04 2.739354430953839619e+04 2.239375189859874445e+04 2.575119983052031239e+04 3.683702326549289137e+04 9.376309867734822546e+03 2.388914642623815598e+04 1.327978249327832782e+04 8.896049251823804298e+03 6.276312771074359262e+03 1.603071909734304063e+04 1.367644656410420248e+04 6.179192699267462558e+03 -3.048046158607992693e+05 -6.109249836908855941e+05 6.954837523671685485e+05 4.230381545478870976e+05 1.001777316798575106e+06 6.998361180806967430e+06 1.020533371349517722e+06 1.646450853143223212e+05 1.189209882892509195e+05 1.334742276623622456e+05 4.181095686889272474e+04 1.909595059213681379e+05 1.101959542059924715e+05 2.801022450607456994e+04 -1.707051218904292546e+04 5.278681878574390430e+04 6.090061944923552073e+04 5.611120577712554950e+04 1.784688174543514106e+04 3.733412209225595871e+04 3.594222877821122529e+04 7.643748686701249972e+04 2.394107326701728016e+04 4.738938039245631808e+04 2.951186688556368608e+04 3.937049357865660568e+04 2.485464380287678796e+04 3.990151830506488477e+04 3.139959667461805293e+04 2.471152709861529002e+04
8.261503929968255106e+05 7.229887577699361136e+05 5.316264237006675830e+04 2.167195870703817636e+05 -1.089130234833275317e+05 6.746213520924197510e+05 2.578297895552812144e+06 4.339888960171519429e+05 5.073392998312199052e+04 2.710072642601735060e+04 3.389386679802913022e+03 6.370994544317353575e+04 4.549836914141933812e+04 4.343528451589515316e+04 4.874758168591916910e+04 4.847336806417197658e+04 1.702781163116557536e+03 2.401120729850458883e+04 5.602727283178866855e+03 1.559803024741130321e+04 -4.017524121167730868e+02 1.285580192552170774e+04 1.629810266013127602e+03 1.424742150649810719e+04 1.517097719971874722e+04 5.297965776636829105e+03 -3.698798151009419598e+03 -8.643739839589985422e+03 1.404193993072497324e+04 1.765000344327020866e+04 3.742008900408207555e+05 -1.782989995273234626e+03 -9.562757675082504284e+05 -2.740791435288595494e+03 -5.908448494481580565e+05 9.366158746859668754e+05 3.755104414679937530e+06 4.862046631083803950e+05 -1.220805726002733991e+03 -2.883064395824353414e+04 -1.498593025081512315e+04 1.124754031497873220e+05 3.836790241044518916e+04 3.669579105730823358e+04 1.257459569412572018e+05 1.052443052128390555e+05 -4.079884222496909206e+04 2.972161249232191039e+04 -1.510933172437334179e+04 3.074543977219997032e+04 -3.383229635685739777e+04 2.992989628332311622e+04 7.021990333849672425e+03 5.492161823423917667e+03 1.688196245407522292e+04 1.199220960921406186e+04 9.328410592081096183e+03 -9.922470958406870523e+02 2.388812698773977445e+03 3.810979763179092697e+04
-2.678328054113700637e+05 5.299912122941083508e+05 2.740874557615306112e+05 8.981404096481307351e+04 5.391650100934057991e+04 2.631865647276913933e+03 4.339888960171519429e+05 1.400989445199252572e+06 1.295787052562687604e+05 -5.474224361357244561e+03 1.895243746928215478e+04 2.462710928840003180e+04 -8.953677700340416777e+03 2.075552930944474429e+04 2.018224113662434320e+04 1.261525125029792798e+04 7.682840914266572327e+03 1.262607769448319959e+04 2.217743785885397665e+04 1.021072126556412331e+04 1.820278748106459489e+03 9.531275269145966149e+02 7.137690480464946631e+03 5.667469051960450997e+03 1.508357003110395817e+04 6.552984350855756020e+03 5.574158735756992428e+03 4.228826004564774848e+03 5.395989452675144094e+03 2.520082269633101532e+03 -3.211766550928814686e+05 8.683267601149813272e+05 2.959880820504761687e+03 4.555242501173535129e+04 1.261874151036608600e+04 -3.766812994560444495e+05 4.448677536369361915e+05 2.130152181708550546e+06 1.445133226296514040e+05 -5.211784791755563492e+04 -1.567310796735030453e+04 2.899707790954593656e+04 -3.165725400737541713e+04 5.352904608352617652e+04 6.245500875054299831e+04 2.702853823424659640e+04 2.132438030154860826e+04 2.646534957155780648e+04 4.404595500421091128e+04 4.646503029836014321e+04 3.168364209409558612e+02 5.196921347571008482e+03 8.711605140219808163e+03 8.266787913070767900e+03 1.405390450880037315e+04 8.621106897892443158e+03 7.691808585642654180e+03 8.206700527549270191e+03 -3.448861338019959931e+03 1.877137096414952612e+04
1.777568523289229779e+05 -1.548608248737081522e+04 1.084087218934040138e+05 6.538678156035365828e+04 -3.794685868019297777e+04 9.239979210629212321e+04 5.073392998312199052e+04 1.295787052562687604e+05 8.894294193224755581e+05 1.372758594460664026e+05 2.329062178866485556e+04 5.817326784051621189e+02 6.292417850714523411e+03 3.118074425336141212e+04 3.239272729750452345e+04 7.649305090986615141e+03 1.777657665664900196e+04 2.610461100450869708e+04 1.887210778120435862e+04 1.750777887064472088e+04 1.230406445376174088e+04 -2.485313671683795533e+01 6.300137095033363039e+03 -2.072799211534232313e+02 7.296783467487780399e+03 3.287373631561927141e+02 4.741114407952159127e+03 7.367432511010999406e+03 3.216959241230970747e+03 1.896419254189666617e+03 -8.646815562739776215e+05 6.786393960310097318e+05 -7.314605906329241407e+04 5.403446145957873523e+04 -2.949351907681109151e+05 2.085754298852127104e+05 1.622962821143842302e+05 1.774453616458604811e+05 1.289499500756710069e+06 1.392006926316716708e+05 1.537428438865440694e+04 -3.021719851993312113e+04 1.411232634070257518e+04 2.534645218428897351e+04 4.081954727721055679e+04 6.888017423236955437e+03 2.085847599141090177e+04 2.395639885314337516e+04 3.840593541279953206e+04 2.417322702786621085e+04 2.451006639028851714e+04 -2.755753627133485134e+04 3.460107574527941324e+03 3.027119678163106528e+03 5.205802822853865109e+03 1.021827592060508687e+04 4.982271862482519282e+03 1.447362216113863906e+04 9.444920644600593732e+03 3.182806718116762113e+03
-2.328667810750891222e+05 -3.135925039124610485e+05 3.337047834606998367e+05 6.567719543332174362e+04 -1.166105912048338214e+05 5.639210165759601659e+04 2.710072642601735060e+04 -5.474224361357244561e+03 1.372758594460664026e+05 5.779989893878776347e+05 8.177400665119344194e+04 2.144752473947616090e+04 5.534851818854926023e+03 9.888210188095534249e+03 2.101724544620467714e+04 1.705659508441259823e+04 7.157325089576218488e+03 9.490105458886120687e+03 -1.847914229738976246e+03 9.730336621562621076e+03 1.627663065316326902e+04 5.661340673022610872e+02 5.121610012356441985e+03 4.218536497434201920e+03 1.451442565285712408e+04 -5.256983026322984642e+02 -3.390410415085469140e+03 4.854977136329806854e+03 2.008898543722740669e+03 2.782868424024245996e+03 2.201370173518614320e+05 -6.703359193850393058e+04 3.574686792345293215e+05 -7.086399675299580849e+04 -5.508649850570300623e+04 6.713525418776224251e+04 -6.454595157691897475e+04 -2.764612701581134843e+03 1.961570134074911184e+05 8.230676645886248443e+05 7.327545919807763130e+04 1.040800660668983255e+04 -1.782010786623976674e+04 4.074420920784712962e+03 2.583127233717278068e+04 3.462443014322797808e+03 -6.381780451633749180e+03 1.359858630807413283e+04 -6.550744181972856495e+03 4.640430344120608424e+03 1.603565102563437358e+04 -8.654323218483494202e+03 9.301943538851184030e+02 1.696618814476575790e+04 2.735653996692659712e+04 -8.795962194385411692e+01 -4.850047659389678302e+03 1.628858776488208059e+04 -1.326679635043113421e+03 -1.813203876263791472e+03
-9.285763572511031816e+04 3.126242348706864868e+05 2.445960252316851693e+05 1.043293413628045528e+04 4.635926841108741792e+04 2.295278959991068041e+04 3.389386679802913022e+03 1.895243746928215478e+04 2.329062178866485556e+04 8.177400665119344194e+04 3.504185686153813149e+05 3.766181498132704291e+04 4.746825650693351236e+03 -3.499241091246737597e+03 6.664434259259541250e+03 1.462466843394864554e+03 1.572190609014435358e+04 1.239204137513457681e+04 2.179178235421362842e+03 6.359354806814394578e+03 6.155375981309690360e+03 5.849730349845480077e+02 6.687344483712357942e+03 1.971397248580327414e+03 4.622736019614631005e+02 -1.376161274749368431e+03 9.863293315885514403e+02 1.058078915374182543e+03 1.387058363360687054e+03 2.485630484550038091e+03 1.697481167629833799e+05 7.996861994503869209e+05 4.552856881362202112e+05 1.658070499486209592e+05 1.182743029567799676e+05 -2.119361004863058042e+04 1.941585064356521252e+04 4.055667560643929028e+04 3.848747201302114263e+04 7.623417198312615801e+04 5.008064215570288361e+05 3.322098304226938490e+04 5.351604695071831884e+03 -1.960173052888914026e+04 9.611178174353746726e+03 -2.912340898530794675e+03 2.394180445317194608e+04 2.025468714430846012e+04 4.053833938357843181e+03 4.679234668000440251e+03 8.219343194700586537e+02 -9.637995703506038581e+02 1.521734725508820020e+03 5.163253528505431859e+03 1.120456424703842799e+02 -3.197155307793564589e+03 -5.668368586593421242e+03 8.679410833093143083e+03 2.956681790973083025e+03 7.442728421810339569e+03
7.713015184100819170e+04 2.270782836799966171e+05 4.578024659732685541e+05 9.464944904961239081e+04 -2.286816501829462140e+04 7.868702026021764323e+04 6.370994544317353575e+04 2.462710928840003180e+04 5.817326784051621189e+02 2.144752473947616090e+04 3.766181498132704291e+04 2.484656230429761054e+05 3.490027657323757012e+04 -7.636572351363108282e+03 3.784512324858176271e+03 5.860822424478736139e+03 9.648096216079002261e+03 2.534303926072006107e+03 4.282775968014891987e+03 5.216664016035404529e+03 7.751146831765602656e+03 2.986012655985957281e+03 4.912217351830105144e+03 6.434148594557796059e+03 4.756573797374126116e+03 -9.738905398798334545e+02 7.797352691311085664e+02 1.708245452730243187e+03 1.137884944816954430e+03 -1.026709976495133674e+02 -3.063162911600818625e+05 4.026745130017155316e+05 6.098181556815803051e+05 7.447648054761387175e+04 4.823154979026735236e+04 1.330101716328188013e+04 2.953945667644183050e+04 6.054812104321837251e+04 9.458294519577726533e+03 5.803542032757165543e+03 3.575760655355649214e+04 3.579912566438611248e+05 5.699547802681016765e+04 -2.728309740312594840e+03 2.034722300964269743e+04 1.383061909401817866e+04 8.528559085843675348e+03 -3.959669686605662719e+03 8.289148369831329546e+03 6.649068554378646695e+03 1.113829326940630199e+04 9.687336390323698652e+03 4.711674758276297325e+03 1.120329345842213661e+04 1.393951607746972877e+04 3.660523956664425214e+02 -6.787676087536258819e+03 -4.422123123729723488e+02 -1.369513877569319902e+03 7.547253609881163356e+03
-2.030972315373303136e+05 1.321589966391094495e+05 2.067398294951308344e+05 7.373322308312471432e+04 3.426101776280940976e+04 9.126681094014286646e+04 4.549836914141933812e+04 -8.953677700340416777e+03 6.292417850714523411e+03 5.534851818854926023e+03 4.746825650693351236e+03 3.490027657323757012e+04 1.857816305002765148e+05 2.718217121029062400e+04 1.002789260791172637e+04 6.303700223463469229e+03 4.572617896160591954e+03 3.884510121199724381e+03 1.558167748429711992e+03 6.662006558984202456e+03 3.581884378590418692e+03 5.361050375493932734e+03 2.711573357511288577e+03 5.350571570956906726e+03 3.075565787312061275e+03 7.244018830161385267e+02 5.770528344209553779e+02 1.140395868515829534e+03 1.849672820605236893e+03 1.889982112284035566e+03 -2.848128812159070512e+05 -1.734778457693729724e+05 7.106134666636977636e+04 8.410855922250471485e+04 -1.023332791053674591e+05 4.116820476998981030e+04 8.005937568428427039e+04 -2.091270484707823562e+04 3.796892507331837805e+03 -4.639824167053777637e+04 -1.310725850840503654e+03 6.692300350833774428e+04 2.639686795800780528e+05 1.402833290228897749e+04 2.023869031566170452e+04 1.419321428137196017e+04 2.888181379036553608e+03 3.055129411263139900e+03 -6.075416015975346454e+03 9.331461602385437800e+03 9.908825718416646851e+03 6.019602544355899227e+03 1.039531411223132818e+04 7.989144721590884728e+03 6.773182079351772700e+03 9.153775690065881463e+02 1.324123941538043482e+03 7.859564324586734983e+03 2.779814117276001525e+03 4.800888404155763283e+02
-2.685844368896614833e+04 8.025344571888202336e+04 1.014118108535916981e+05 9.958894621148203441e+04 3.949998373230230209e+04 1.643166223600712692e+04 4.343528451589515316e+04 2.075552930944474429e+04 3.118074425336141212e+04 9.888210188095534249e+03 -3.499241091246737597e+03 -7.636572351363108282e+03 2.718217121029062400e+04 1.439509994523517962e+05 2.659760595978812125e+04 5.784478901625093386e+03 5.286023167321503934e+03 8.019455198743962683e+03 6.534196773379370825e+03 5.332528549393982757e+03 5.786712772142352151e+03 4.943187641753638673e+03 -1.088849427321195890e+03 2.881778154274807093e+03 4.682741394918945844e+03 2.449917172358762855e+03 1.920594997679831067e+03 -3.777633802055415799e+02 8.544042087070400839e+02 1.630997097846009751e+02 9.416641523724830768e+04 3.023301494770629142e+04 1.089313562298516772e+05 1.599024194373805367e+05 4.553262818998976581e+04 -4.055373710566286172e+04 9.645530332541049575e+04 3.450216856285826907e+03 2.781175205940366868e+04 9.448234362282819347e+03 -3.092741196414575461e+04 1.702666323219227934e+03 3.309115133953002805e+04 2.100741118303335679e+05 3.964135967273777351e+04 3.880936924732940042e+03 1.304498290508505306e+03 2.901210705298886296e+03 7.657265744638788419e+03 -2.395890786351192219e+03 6.192408250060387218e+03 2.289118926589596867e+03 -5.589013167625895221e+03 7.165597753146314972e+03 6.719971084086721021e+03 6.383365984715598643e+03 3.613585358565012029e+03 -1.404347202828203081e+03 6.608576032497012420e+02 -1.601730939514397960e+03
-4.012909005971852457e+04 9.018278748857344908e+04 1.136064948045007477e+05 6.259999393209303526e+04 3.316941320066044136e+04 2.968883173097977124e+04 4.874758168591916910e+04 2.018224113662434320e+04 3.239272729750452345e+04 2.101724544620467714e+04 6.664434259259541250e+03 3.784512324858176271e+03 1.002789260791172637e+04 2.659760595978812125e+04 1.119455101785214647e+05 1.241096558851345799e+04 6.899371011929121778e+03 3.189747308381635776e+03 3.901378928542491735e+02 6.570384759315928022e+03 3.503909129422453134e+03 1.826243818589338730e+02 3.216783208676280537e+03 3.403673127353781183e+03 1.426758848639477264e+03 5.198796517153998593e+02 1.489416296945191107e+03 -7.963342587457088939e+02 2.439144000982254056e+03 -2.783605004161921670e+02 -4.463202117504660855e+05 2.750301011442379095e+05 1.134481951366080029e+05 3.694333168889177614e+04 5.677134184334143356e+04 2.678153992066289356e+04 3.335233868259598239e+04 -3.332133970876433159e+04 2.362324518382588212e+04 3.455635361432524951e+04 6.706224363658031507e+03 1.628742123782246017e+04 7.236633666996264765e+03 3.013358402152559938e+04 1.558877370038588124e+05 1.178713487612468634e+04 9.458766750495045926e+03 -2.403909351764478970e+02 3.501431616104713385e+02 8.709870851039038826e+03 5.446799644716060357e+03 2.218028135756178017e+03 8.996041981640084487e+03 9.604857214443987687e+03 1.153409528998254609e+04 5.532917224718005855e+03 1.147435286937885621e+03 1.687840705185948764e+03 4.045803436165398580e+03 1.709622123486792589e+03
1.186203063624201459e+05 1.317221470018874970e+05 2.220901306727751216e+05 6.837086968228625483e+04 -9.868175667533603701e+03 5.176541983652728231e+04 4.847336806417197658e+04 1.261525125029792798e+04 7.649305090986615141e+03 1.705659508441259823e+04 1.462466843394864554e+03 5.860822424478736139e+03 6.303700223463469229e+03 5.784478901625093386e+03 1.241096558851345799e+04 8.558893533258642128e+04 1.426895715761836072e+04 1.049827156924841574e+03 1.872072762185017382e+03 4.856127626603395584e+03 3.583777515701665834e+03 3.065307906961187200e+03 4.442092840759282808e+03 1.980096248517574622e+03 7.187707911857273757e+02 2.384623187530281939e+03 6.504785422501452103e+02 7.665157918680577041e+02 9.359519268134630465e+02 7.136003943804479377e+02 2.842698095128874047e+04 3.568915814323185477e+05 1.060929106454927532e+05 1.837959819870225692e+04 -1.625780206884579093e+04 4.372342588317881746e+04 1.332886614965944318e+05 5.379834707093132602e+04 1.623869495735488272e+04 2.904008401293189308e+04 -2.619596632180815504e+03 2.292936305364631266e+02 -1.023305686010535828e+04 2.671134256345903850e+03 2.847867608047234171e+04 1.173085750153885456e+05 1.371612438991428462e+04 -9.089914891447440823e+03 -5.657457673425226403e+02 6.921412185246547779e+03 4.424386057511487707e+03 1.591735760152172816e+03 7.204525795707768339e+03 5.543620700931875945e+03 6.614474625697887859e+03 3.796864416998797878e+03 4.300495885573799569e+03 8.378286973507517814e+02 -5.033006544255528752e+03 -7.717163496928210407e+02
-8.582041939521253516e+04 -6.463621408132333454e+04 1.382496830562175019e+05 6.537882568162202369e+04 5.971556171829253435e+04 4.519332092013774673e+04 1.702781163116557536e+03 7.682840914266572327e+03 1.777657665664900196e+04 7.157325089576218488e+03 1.572190609014435358e+04 9.648096216079002261e+03 4.572617896160591954e+03 5.286023167321503934e+03 6.899371011929121778e+03 1.426895715761836072e+04 7.074355069304324570e+04 1.163294280379757947e+04 3.231042982327105619e+03 4.104841928888770781e+03 3.303645214585999383e+03 3.478720624328702343e+03 3.242815668702226958e+03 3.096911918000143487e+03 2.525423733256713149e+03 2.639012613060132026e+03 3.106566560184650371e+03 1.056857614658819557e+03 1.717683964416870367e+03 1.087743673080289000e+03 -1.335028055784086755e+05 -1.256455009401588031e+05 9.343782838453128352e+04 7.577557008105947170e+04 1.260015001983294496e+05 6.214096873041016079e+04 -1.255576228855776293e+02 2.989126398154848721e+04 3.625506922384870995e+04 8.047574523878009131e+03 2.021140410712409721e+04 2.168041329356540882e+04 1.402456982697186686e+04 5.310309361541679209e+03 1.386516138490834055e+04 2.243847389446686793e+04 9.628648932576578227e+04 1.046727132238787453e+04 1.531515244118670807e+03 4.118145817998880375e+03 3.861495144011850243e+03 3.884986036253964357e+03 4.168293880651350264e+03 6.113625481814842715e+03 4.281898431104802512e+03 4.878944241477890500e+03 6.617159754545767100e+03 -1.462174383317534875e+03 3.024126765528139003e+03 3.718479433405567306e+03
-9.381478330128024390e+04 -7.113170099929698335e+04 1.282476152835691755e+05 2.470388997015107088e+04 1.502218852094797330e+04 2.489663089957116608e+04 2.401120729850458883e+04 1.262607769448319959e+04 2.610461100450869708e+04 9.490105458886120687e+03 1.239204137513457681e+04 2.534303926072006107e+03 3.884510121199724381e+03 8.019455198743962683e+03 3.189747308381635776e+03 1.049827156924841574e+03 1.163294280379757947e+04 5.453621980176890065e+04 1.143168029043788192e+04 2.566310149774415549e+03 2.890553842147423325e+02 1.785374765785546515e+03 2.205734594061691951e+03 1.913037200479627472e+03 1.566855419231371116e+03 1.393568730530018456e+03 1.205423191354743494e+03 1.298075715040887417e+03 1.807756293395599869e+03 3.322715899692868220e+02 1.297243341102168488e+05 1.031849781781627826e+05 9.444325456518895226e+04 -6.396073946965055075e+04 6.332613926939025987e+04 4.604195114235868095e+04 3.012749416046460829e+04 1.769712607352372288e+04 5.519079657129094267e+04 1.599425425822778197e+04 6.043636507890581925e+03 -1.115534493964976173e+04 1.007367369089764179e+04 1.113827509450448997e+04 1.487013294980961064e+03 -4.877930799569232477e+03 6.450025073034334127e+03 7.676777218905017071e+04 1.737912448945996221e+04 3.297251753287865199e+02 -3.014361600983085737e+03 7.566681499072475390e+02 7.213942748737884358e+03 2.294382924269450086e+03 7.081446189145485732e+02 1.336301047593028670e+03 1.603335018913047634e+03 2.229761742890117944e+02 4.060326783476846686e+03 2.502031382453946208e+03
-3.902865510714479751e+04 6.018237015019221872e+03 5.519110290321701905e+04 -8.706285877404192433e+03 1.689140582729354355e+04 2.739354430953839619e+04 5.602727283178866855e+03 2.217743785885397665e+04 1.887210778120435862e+04 -1.847914229738976246e+03 2.179178235421362842e+03 4.282775968014891987e+03 1.558167748429711992e+03 6.534196773379370825e+03 3.901378928542491735e+02 1.872072762185017382e+03 3.231042982327105619e+03 1.143168029043788192e+04 4.577816794811117143e+04 6.735598578836212255e+03 1.820984122403535821e+03 1.580684496020068764e+03 1.798433986172540017e+03 3.338706934623715483e+01 -8.675373884358660348e+01 9.906139822760547986e+02 7.985313283820021297e+02 1.069563962663319899e+03 7.452294990192141313e+02 1.302792535076999002e+03 8.796775069884593540e+04 2.110920802846332954e+05 4.796202040004440641e+04 3.987110368802108133e+04 -9.994703366388668655e+03 5.053262848991623468e+04 3.160686673242223151e+03 5.844629479405510938e+04 3.435841336464757478e+04 -1.224539915164700142e+04 -1.255455485340733503e+03 6.064595463887984806e+03 3.446485868060082339e+03 7.994292020093569590e+03 -4.560970197222566640e+03 -6.536255026011371228e+03 1.553212021383726778e+03 1.359209483958198689e+04 6.261614551060902886e+04 9.281727575980019537e+03 2.113871504617348819e+03 2.830055294399826948e+02 -2.500855787393664542e+01 8.317208857992939386e+01 -2.204510390247056421e+03 1.421892408740974361e+03 2.222821441403813878e+03 4.612732772849435037e+02 2.619763097905556606e+03 1.911947176810719839e+03
6.537161487639643747e+04 6.033446780685380509e+04 4.534845869247736846e+04 3.950922294777436764e+04 2.327630615354438851e+04 2.239375189859874445e+04 1.559803024741130321e+04 1.021072126556412331e+04 1.750777887064472088e+04 9.730336621562621076e+03 6.359354806814394578e+03 5.216664016035404529e+03 6.662006558984202456e+03 5.332528549393982757e+03 6.570384759315928022e+03 4.856127626603395584e+03 4.104841928888770781e+03 2.566310149774415549e+03 6.735598578836212255e+03 3.955578467523940344e+04 7.828998191109318213e+03 1.528064915611685819e+03 3.099235090381119790e+03 1.062429141105410508e+03 2.243484524752240759e+03 1.289480021981269829e+03 1.257110753683102985e+03 1.107830356567544868e+03 1.912143968617570181e+03 2.390644356818386598e+02 -3.381552128111958154e+04 5.324883029188919318e+04 -1.783274084949522830e+03 -4.592011030726549507e+04 -9.624560770529373258e+03 5.503193495595154673e+04 3.521434948030778469e+04 3.256000262016832494e+04 9.914840907503456037e+03 2.197752189620514037e+04 1.939799967428894888e+03 6.438605317981931876e+03 4.134809543472781115e+03 2.484047432730372748e+03 8.222722664966546290e+03 4.384072644583116016e+03 1.076161805084156413e+03 -3.710292032177038095e+02 8.647881386622255377e+03 5.087714753055373149e+04 8.794990244905598956e+03 8.600230684125091329e+02 4.232179925766939959e+03 3.340190221326982737e+03 3.767490233004666607e+03 3.166645657002734879e+03 2.764106408286900660e+03 2.037699169417966687e+03 4.244912314812791010e+03 -1.780091712436792477e+03
-8.159839497327085701e+04 -3.559785722342227382e+04 2.725334718006835828e+04 3.934101604869060975e+04 1.416195010868589816e+04 2.575119983052031239e+04 -4.017524121167730868e+02 1.820278748106459489e+03 1.230406445376174088e+04 1.627663065316326902e+04 6.155375981309690360e+03 7.751146831765602656e+03 3.581884378590418692e+03 5.786712772142352151e+03 3.503909129422453134e+03 3.583777515701665834e+03 3.303645214585999383e+03 2.890553842147423325e+02 1.820984122403535821e+03 7.828998191109318213e+03 3.451939932417561067e+04 6.114372404016257860e+03 2.493902177951108570e+03 2.558680938373282515e+03 2.477964938106750651e+03 -2.763599296435293127e+02 1.297082208543426532e+03 1.253587586651770152e+03 9.999765360325231995e+02 9.931235969947483255e+00 -3.202216705662875029e+04 -5.837785387593462656e+04 8.041114076913332610e+03 8.245276446504758496e+04 4.224748254869649827e+03 8.824712267605806119e+03 3.089961009284109423e+03 4.449307564279232793e+03 2.310904332645609429e+03 1.313030527140723279e+04 -1.921003616275331979e+03 1.144265928695740968e+03 -9.912784688169639367e+02 4.759746555352467112e+03 6.238252233313364741e+03 -1.664022620408420153e+03 2.865503277135414464e+03 -3.390091564475467749e+03 4.376823425056261385e+02 8.398327526012662929e+03 4.609284557875691098e+04 3.243646035144828147e+03 3.581471377457339258e+03 5.046384885680980915e+03 3.871472279069530487e+03 -2.829178213519367660e+02 3.880143969596862462e+03 7.332098692441882122e+02 2.299986048804273196e+03 -6.410576418384923727e+02
4.134191806490544695e+04 6.059721698095710599e+04 3.528759139580486953e+04 4.701511758886935422e+04 1.721885537153573023e+04 3.683702326549289137e+04 1.285580192552170774e+04 9.531275269145966149e+02 -2.485313671683795533e+01 5.661340673022610872e+02 5.849730349845480077e+02 2.986012655985957281e+03 5.361050375493932734e+03 4.943187641753638673e+03 1.826243818589338730e+02 3.065307906961187200e+03 3.478720624328702343e+03 1.785374765785546515e+03 1.580684496020068764e+03 1.528064915611685819e+03 6.114372404016257860e+03 2.552120270012065521e+04 4.808120822491454419e+03 2.104855932004714759e+03 2.635707963499147809e+03 9.183467894108864584e+02 8.357405491672790276e+02 1.344629565830782440e+03 5.862424987942401913e+02 2.976245553708796976e+01 1.051897177453281183e+05 -8.555428844403194671e+04 1.169799800178377336e+04 1.010944042461547797e+05 2.357927953834302389e+04 8.855410494223931164e+04 3.365336616431058064e+04 6.235032218566266238e+03 1.041539658572883127e+04 -5.933467652088974319e+03 -3.132849945021826898e+03 -3.219776027473518297e+03 2.644681642841384928e+03 -2.405434297366593455e+03 -4.281300466526362811e+02 6.770035491246550919e+03 3.921620849620126592e+03 8.927886063155627880e+02 1.395581426680698996e+03 1.380460444323570300e+03 6.842004059167706146e+03 3.270681726383613932e+04 6.704878715934267348e+03 1.995606921547218462e+03 4.722181845409525522e+03 2.500590989126439581e+03 -5.212156338444890480e+02 1.041426611062527854e+03 2.908600462733498944e+02 -1.844439935330843582e+03
3.468977704056083167e+04 1.744171620141218227e+04 6.634227322155822185e+04 2.526963034128288655e+03 1.971090576282690381e+04 9.376309867734822546e+03 1.629810266013127602e+03 7.137690480464946631e+03 6.300137095033363039e+03 5.121610012356441985e+03 6.687344483712357942e+03 4.912217351830105144e+03 2.711573357511288577e+03 -1.088849427321195890e+03 3.216783208676280537e+03 4.442092840759282808e+03 3.242815668702226958e+03 2.205734594061691951e+03 1.798433986172540017e+03 3.099235090381119790e+03 2.493902177951108570e+03 4.808120822491454419e+03 2.513084780634793424e+04 6.599034229497241540e+03 1.914371637459762042e+03 -4.193424453521606665e+01 7.918868952759124795e+02 1.376080544954400693e+03 3.265324421700591415e+02 3.083706690978282836e+02 7.329364857153783669e+04 -8.402043270401978225e+04 8.523275617809240066e+04 -7.799988703324111157e+02 3.883272874090324331e+04 4.794190975169459853e+04 2.781719634264216802e+04 1.313779798427882815e+04 6.354728623404291284e+03 7.886607845842458119e+03 1.563738366765411592e+04 4.969186893052078631e+03 -3.226176841072154275e+03 -5.141127164785256355e+03 7.950101649648551756e+03 3.687513458926041039e+03 4.756776606677917698e+03 3.017027666888115618e+03 2.941419906686512604e+03 3.179755924758294896e+03 5.319095995529162792e+03 3.432037529373892539e+03 3.142414199862912574e+04 6.723035026599651246e+03 1.321446501961992226e+03 1.550540116021044696e+03 1.493809360718640619e+03 1.833572581291108463e+03 1.037278698576491479e+03 -9.966720981247626696e+02
-3.018004934335017970e+04 -4.916759618084567046e+04 2.550947159842388282e+04 6.399750399976551307e+03 1.796656812073084438e+04 2.388914642623815598e+04 1.424742150649810719e+04 5.667469051960450997e+03 -2.072799211534232313e+02 4.218536497434201920e+03 1.971397248580327414e+03 6.434148594557796059e+03 5.350571570956906726e+03 2.881778154274807093e+03 3.403673127353781183e+03 1.980096248517574622e+03 3.096911918000143487e+03 1.913037200479627472e+03 3.338706934623715483e+01 1.062429141105410508e+03 2.558680938373282515e+03 2.104855932004714759e+03 6.599034229497241540e+03 2.270730316499641413e+04 4.097320095042967296e+03 8.269190638889516549e+02 1.244331789110808359e+03 -2.528565706199080978e+02 7.788390891357370265e+02 4.160534917095253604e+02 -4.974324018937531946e+04 -2.451894028025623411e+05 3.199475137621715839e+04 4.317598350802966888e+04 2.926277208685225196e+04 2.555592016337504538e+04 3.331626051658413053e+04 4.757946983905162597e+03 5.837528399729721059e+03 1.296359174483538652e+02 -5.578543529776884498e+03 1.253307117951664259e+04 6.226089251192707707e+03 2.513985816813762085e+03 1.066355994871848634e+04 9.209408548546119277e+01 3.490884535291224893e+02 4.746416392836355953e+03 -2.850063450693058712e+03 3.227826882803426997e+03 5.229881854666756226e+03 1.546517496843602657e+03 6.152533841982259219e+03 2.899486299652384332e+04 5.413640240609930515e+03 4.469281451332188908e+02 1.920277129066871566e+03 8.192017698574422013e+01 1.365388306013083820e+03 1.894112365598674387e+03
-4.806408356646304310e+04 5.435537127008778043e+04 5.106197240815008263e+04 -1.356266369819717329e+04 5.640641711356568067e+02 1.327978249327832782e+04 1.517097719971874722e+04 1.508357003110395817e+04 7.296783467487780399e+03 1.451442565285712408e+04 4.622736019614631005e+02 4.756573797374126116e+03 3.075565787312061275e+03 4.682741394918945844e+03 1.426758848639477264e+03 7.187707911857273757e+02 2.525423733256713149e+03 1.566855419231371116e+03 -8.675373884358660348e+01 2.243484524752240759e+03 2.477964938106750651e+03 2.635707963499147809e+03 1.914371637459762042e+03 4.097320095042967296e+03 1.890214222544231961e+04 2.768592922884671680e+03 5.526717394955107920e+02 1.245393113408372301e+03 7.178283650928427733e+02 1.377806593538155369e+02 1.138708659207136952e+04 -1.031511141029587598e+05 4.149900252183855628e+04 -3.293111520517967438e+04 4.826979578148298060e+03 5.623530789554884541e+04 1.621061939360362521e+04 2.513319457037913890e+04 1.686666032761330598e+03 1.300647573163416928e+04 5.187363007826900684e+03 2.638505760897464825e+03 3.082552164326393722e+03 5.080370834564360848e+03 8.788089741833849985e+03 -1.712110772248592866e+03 1.660815158437483888e+03 3.372731864507760292e+03 1.932527804818498907e+03 7.582681898962110608e+03 5.495402510453043760e+03 3.265505857465797362e+03 7.309566810805191608e+02 5.313623730581303789e+03 2.220833440331180827e+04 2.717880224800014275e+03 -6.005219651679860604e+00 1.580531107751941818e+03 -2.580750899085445553e+02 7.590860429073202909e+01
-3.605270184214553592e+04 1.074413486635565641e+05 -5.957808752119432938e+03 2.019083551218435241e+04 -5.978864001812640709e+03 8.896049251823804298e+03 5.297965776636829105e+03 6.552984350855756020e+03 3.287373631561927141e+02 -5.256983026322984642e+02 -1.376161274749368431e+03 -9.738905398798334545e+02 7.244018830161385267e+02 2.449917172358762855e+03 5.198796517153998593e+02 2.384623187530281939e+03 2.639012613060132026e+03 1.393568730530018456e+03 9.906139822760547986e+02 1.289480021981269829e+03 -2.763599296435293127e+02 9.183467894108864584e+02 -4.193424453521606665e+01 8.269190638889516549e+02 2.768592922884671680e+03 1.531069500857611820e+04 2.456527597061045526e+03 4.268679581020453497e+02 6.913484473730367199e+02 3.521249261765142933e+02 1.379777704052852059e+05 1.347496580149389047e+05 -7.979818840607196762e+03 -4.159580633871763894e+03 -2.870538032248978561e+04 1.868629591375065502e+04 6.052578126368222001e+03 1.815642642046021865e+04 -3.926632192559090981e+03 -7.590950581319967569e+03 1.884601605755504124e+03 -9.572753809646965237e+03 -9.689108923097603110e+03 7.470094774610090838e+01 1.840428647185322234e+03 8.530085109488003582e+03 2.041953676923759986e+03 -9.402775406585278688e+02 -1.187536700510295695e+01 4.021394763961287026e+03 -3.830328773560638069e+02 6.633178736824535235e+02 -1.641526020599168532e+03 -1.553591717613118590e+03 4.750288889516037329e+02 1.957238492912154106e+04 4.271945036109377725e+03 1.306591911435455359e+03 -1.718598878917968023e+02 -2.370627311000646102e+02
