1.496966504401191175e+08 3.005795731418288127e+07 -1.789329239703018917e+06 -9.499196792712139431e+05 4.711870485932557494e+05 6.780334340857476927e+05 4.625305242364031146e+05 7.452707756957014790e+05 5.865904535795610864e+05 1.211343722203674552e+05 6.332185569516669057e+04 -2.086125817269735271e+05 -1.055218952286408967e+04 1.417944667521489027e+05 -6.364031285999414831e+04 6.008309087534758146e+04 2.918529391548053900e+04 9.588480408412424367e+03 -1.904141894233992207e+04 4.475265910937205626e+04 2.218228074949034635e+04 1.078478265710274900e+04 -6.700744679115868348e+04 3.407596647807757108e+04 -2.266631675855224239e+04 4.337615494553516328e+04 -5.834634044447346241e+03 4.993162284320375329e+04 -4.232695803764399170e+04 -3.857355529513619695e+04 1.565883333377168477e+08 3.188452446034941450e+07 7.130960654399817577e+05 -2.462425062209665310e+06 1.571023790449279593e+06 1.491179157358831028e+06 -4.864065803884078923e+04 1.335282108864139300e+06 6.823568843986383872e+05 5.613828533809847431e+05 4.784091915399866411e+05 -2.456275318187696394e+05 -3.223732088072794722e+05 2.887821577122309245e+05 -1.343161068689892709e+05 2.936314945476384019e+05 1.897014768046410172e+05 1.718389748214366846e+05 3.887622651960913117e+03 3.873906183710851474e+04 2.962940099906054093e+05 1.082555453695460892e+05 -1.622078546165435982e+05 -8.568570787268871209e+04 5.838857849273638567e+04 1.753149785276586772e+05 3.914362664383928495e+04 6.126825665753448993e+04 -9.297638663970900234e+04 -1.054397388166277815e+05
3.005795731418288127e+07 7.042057897406974435e+07 9.632844344860352576e+06 4.753677773728881148e+05 8.699723499159949133e+05 4.735674152464513900e+05 5.423937806000983255e+04 1.530812473385691119e+05 1.569930222998750105e+05 2.134871284087121894e+05 1.026291841385886801e+05 3.075689229371458623e+03 -1.192575969969663129e+04 -1.157512728977423831e+05 -1.389741945568239498e+04 5.091672234152603778e+04 1.248467739936002326e+05 1.901166018754060497e+04 -5.822046385442233441e+04 4.767400991254820838e+04 -1.102656049503569920e+04 3.082144513030033704e+04 -1.799339494991174797e+04 -9.332382120670217773e+03 1.138883626721223845e+04 2.221358190333320817e+04 3.183752159826499337e+04 2.174600325383767267e+04 -7.859862189628616761e+03 1.613499109877558794e+03 4.331010227139316499e+07 1.035861831904471070e+08 1.523819396190353669e+07 4.179613378115368541e+05 5.766146124435766833e+05 7.455662951690923655e+05 -8.590936255035581999e+05 -2.127396070337489946e+05 4.345141181283150945e+04 3.109808679116112180e+05 2.403248325860497716e+05 -8.886009951955165889e+04 -2.887753550261814962e+05 -1.946146905927815242e+05 -1.615167480165652232e+05 2.242894343286713411e+05 3.391389978671158897e+05 5.637996928689402694e+02 6.399428956981313240e+04 9.732132236872974318e+04 1.191362331281873776e+05 1.469566597466664098e+05 -8.288523230968037387e+04 -8.457296263889459078e+04 -2.817635669009277080e+03 7.365328318489185767e+04 7.170401125033010612e+04 7.864265094021201367e+04 2.031743927104784461e+03 -1.571817489127997578e+04
-1.789329239703018917e+06 9.632844344860352576e+06 2.171007695536578819e+07 2.941067549130652566e+06 3.979991973909196095e+05 3.788664283456421690e+05 -9.880356165897034225e+04 2.607823197243781469e+05 -1.300044741389583505e+05 1.232728323195302073e+05 1.367404361566698390e+04 -2.550772085310043622e+04 5.505151098155192449e+04 5.342986426703553207e+02 4.632401494216569699e+04 7.591457088442091845e+03 6.565780101161134371e+04 2.351248050455640623e+04 2.012277525712251190e+03 3.324005492520214830e+03 -5.463134479051775088e+03 2.525914008139593716e+04 3.873097921904316172e+04 2.185225295631310291e+04 8.769267118978799772e+03 1.106445681109651196e+04 1.650186230719231025e+04 -7.828597743842485670e+02 1.137519111529484871e+04 -9.222307683499119548e+02 3.483803538770966697e+06 1.914658491920040920e+07 3.507021271670746058e+07 2.428158996487385593e+06 5.063061479620723403e+05 6.524894857787125147e+03 -6.734398513637824217e+05 -1.692745931404008006e+05 -2.889459121415160480e+05 3.181432719678730937e+05 1.128881166768172698e+05 3.285033830190091976e+04 2.824169975360820536e+05 4.368701460338644392e+04 4.691182736720567482e+04 5.257880106619187427e+04 9.458632373488429585e+04 -3.734808969148455071e+04 1.354614860481176038e+03 -5.460981862084005115e+04 4.849489056348261511e+04 4.911070560739591019e+04 3.719680658123672765e+04 5.433769599533118162e+04 2.503254961772253955e+04 3.675683800441941275e+04 5.210170608048307622e+04 2.754824944182110266e+04 3.365833625059811311e+04 -1.005266847129554299e+04
-9.499196792712139431e+05 4.753677773728881148e+05 2.941067549130652566e+06 8.367903313739438541e+06 1.379386689719765214e+06 2.863506528808332951e+04 6.342217037477614213e+04 3.000419239546034078e+04 1.214101668413819571e+05 9.839864965036250942e+04 -7.729384681343247394e+03 7.758825949802528157e+03 -7.748015344756635386e+03 -2.228006687198689906e+04 -3.614177793877331169e+03 3.817409821053321502e+04 1.453753393558788230e+04 1.449477720444261649e+04 -5.092869234728867923e+03 -4.768371355575308712e+02 -6.595743480909924983e+03 2.346382093395995071e+03 9.154278121745584940e+03 4.353440903780096050e+03 8.399697176913607109e+03 1.134653551091230293e+04 -1.179128990627624262e+03 1.200643417046048307e+04 1.362911605977432191e+04 2.478882459733008545e+03 9.885498375794556923e+05 4.374405698034122586e+06 5.196902112384722568e+06 1.253780891990617663e+07 1.607497541954217711e+06 2.386040114712918148e+04 -1.395915362375917030e+05 -1.043982498080377263e+05 1.133811669402452972e+05 -1.770525058490765150e+04 -5.942853564692592772e+04 5.080681427107231139e+04 6.119840638180443420e+03 5.320054492701449635e+04 -9.554050053680544806e+03 6.363342183988277975e+04 9.859066642151839915e+04 -1.714671735570892997e+04 8.329619023634251789e+03 4.671529432587975862e+03 1.498696424664765254e+04 1.739688932597310486e+04 1.066835571234225063e+04 1.432127138250731332e+04 7.081307891857129107e+03 1.228483192425960624e+04 2.523852675482579798e+04 3.844169782333833427e+04 2.249382492125610224e+04 4.114632198357075140e+03
4.711870485932557494e+05 8.699723499159949133e+05 3.979991973909196095e+05 1.379386689719765214e+06 3.784405718320980202e+06 6.159129132158760913e+05 -2.595158015029779108e+03 1.767935619654524635e+04 4.700251182166723447e+04 2.325794484820028083e+04 -1.167916523346006761e+04 1.580824349056006577e+04 1.837816527984715503e+04 5.744080513030159636e+03 -6.345907204926378654e+03 1.419486750719188058e+04 8.484810009190636265e+03 1.232443526152749473e+04 6.681560337922503095e+03 6.739963784980110177e+03 -5.353207324281612273e+03 -5.795347300325714968e+03 1.353108310005854401e+04 2.436104677303084827e+03 -8.538789828774437410e+03 7.369983205958097017e+01 1.807875443662030079e+02 3.137354940826576694e+03 1.235419820568551404e+04 4.760739290890178381e+03 2.898367538872085861e+05 1.848488335908297915e+06 1.008004160427394323e+06 1.827410972209594212e+06 6.039127561125398614e+06 1.101996644690561108e+06 -1.101742505813297030e+05 -1.292478876321489224e+05 2.400108126971342062e+04 6.255725270104637457e+04 4.227688272758693347e+04 -8.857351663834537612e+04 4.678098949173101573e+04 7.527225086122915673e+04 1.851090254261300288e+04 4.042939323003963364e+04 4.125822655787589611e+04 1.272066118929794357e+04 3.450355876620889467e+04 3.095532969566490647e+04 2.967968130572776317e+03 -9.033935870652901940e+03 2.368547657042357969e+04 5.049964716574078011e+03 -3.322162835250276112e+04 -3.085347766646567379e+03 2.907968692230903343e+03 -1.969887612216441255e+02 1.935758387045755444e+04 -1.348036518295169662e+04
6.780334340857476927e+05 4.735674152464513900e+05 3.788664283456421690e+05 2.863506528808332951e+04 6.159129132158760913e+05 1.682960535926634679e+06 2.687888223608667031e+05 6.701111440569367551e+04 5.858601532165172830e+04 -3.236467704516291269e+04 -2.512471327446631403e+04 9.367562517688002117e+03 2.909639691834989208e+03 8.402696509865024836e+02 3.070695333350493456e+03 5.513583626373510015e+03 2.314093790142499529e+03 5.150770398568995006e+03 4.910254033800012621e+03 8.289613845301175388e+03 1.065364683612152294e+04 1.577764273325175418e+04 9.074018108478023350e+03 5.867160989856508422e+03 1.340399964275113462e+03 4.420398473159105379e+03 3.686726489082310763e+03 3.720965839349938960e+03 8.389734017518214387e+03 3.416131378462192970e+03 -2.184706589742740616e+05 2.322097508774682065e+05 2.611433903826988826e+05 -3.927081362842645030e+05 9.329355458562843269e+05 2.641431039296607953e+06 3.969060139325901982e+05 2.127169870755462034e+04 7.516275073416570376e+04 7.254013434437672549e+04 5.441879056014389789e+04 1.577084374404084883e+04 3.991885418761624896e+04 3.146153069530997891e+04 2.754369357471590047e+04 1.753859395087706798e+04 -7.133273980621363080e+03 -1.306399603774832713e+03 2.232199193369342174e+04 1.656973708227690440e+04 1.993552913443864963e+04 1.375809508965652458e+04 6.497324780025237487e+03 2.126108841958695484e+04 4.856467301858886458e+03 1.677910100429530939e+04 1.928567621230641453e+04 1.411719697757248650e+04 1.781702999180159895e+04 6.404977594329681779e+03
4.625305242364031146e+05 5.423937806000983255e+04 -9.880356165897034225e+04 6.342217037477614213e+04 -2.595158015029779108e+03 2.687888223608667031e+05 1.082095168147573015e+06 1.984143055576310726e+05 3.616550349835848465e+04 5.061477786517984896e+03 1.017693665236628476e+04 8.370883585417259383e+03 9.616474052143363224e+03 1.567976919714752330e+04 1.237469132727299620e+04 1.572931332272964028e+04 1.080336591305613547e+04 7.890987845764499980e+03 1.290454821595380599e+04 1.160734595074239405e+04 3.894759224002199517e+03 -1.053327684694105756e+03 1.016461368199260141e+04 2.944767886511608594e+02 5.596311581198257045e+03 2.167238643177200629e+03 -4.433124035687594187e+03 -2.567075972507317942e+02 2.487210361289178309e+03 4.723429479494890984e+03 -2.330368180989082612e+04 -8.776090526198107982e+05 -5.115763571676957072e+05 6.993825965857815754e+04 6.716765636846811685e+04 4.685652472751233727e+05 1.686508780763979070e+06 2.278571333294853393e+05 5.824001218092994532e+04 7.120972904118271799e+03 1.831987679609639599e+04 5.496010819520702353e+04 2.638729487450169108e+04 6.900576987702174847e+03 -1.259612237559902132e+04 2.459355506797051203e+04 8.413935988402138832e+01 7.823081820552028148e+03 1.201749784872833698e+04 9.959836476474913525e+02 -3.221453307406846307e+03 -1.072691606991765730e+04 -1.774886474996260631e+03 -2.598886161599385559e+03 6.620462861051250002e+03 5.123328302771558810e+03 -7.863408360604273639e+02 3.602296190755663702e+03 1.422323733051466434e+03 9.552905138355281451e+03
7.452707756957014790e+05 1.530812473385691119e+05 2.607823197243781469e+05 3.000419239546034078e+04 1.767935619654524635e+04 6.701111440569367551e+04 1.984143055576310726e+05 6.337934630281897262e+05 7.690161949458999152e+04 -6.019944738370652885e+03 1.847168233581147206e+03 1.221045388794333849e+04 3.646816025604705374e+03 2.281797693699069896e+03 2.858717979436424912e+02 1.538889842123728886e+04 1.084213648726498104e+04 5.449875860987196575e+03 1.133846599853140469e+04 3.926335138885081960e+03 1.889823666133219149e+03 2.595779261583865718e+03 3.615345878290481323e+03 -1.032011163218146748e+03 3.165389349604083691e+03 6.485851178641907609e+03 3.214262712107451989e+03 4.781239663695893796e+03 2.738883571886601203e+03 2.143619622900349896e+03 6.116753686014665291e+05 -4.031995002679977333e+05 3.533971588922986411e+05 2.054875447153652494e+05 1.518221634405970981e+05 1.150381480943761708e+05 3.211568953120458173e+05 9.591872474287241930e+05 1.158297948501645005e+05 -9.057036496923363302e+03 -4.658389259134862186e+03 3.755803358132840367e+04 6.991185696217999066e+03 -6.222007601911898746e+03 -9.534838696247898042e+03 3.581240810232033982e+04 2.998109455461045582e+04 9.270065240224514127e+03 4.301310210813214326e+03 -4.575967751707230491e+03 1.470605999689208375e+03 2.492163272145211522e+03 -3.926509086388050491e+03 -8.000198780140239023e+02 1.047011744277190337e+04 1.376068122943335584e+04 1.119487088638890236e+04 1.398289201226644582e+04 4.264619639620992530e+03 7.631352586919982741e+02
5.865904535795610864e+05 1.569930222998750105e+05 -1.300044741389583505e+05 1.214101668413819571e+05 4.700251182166723447e+04 5.858601532165172830e+04 3.616550349835848465e+04 7.690161949458999152e+04 3.770653281002907315e+05 6.291392718285672163e+04 -6.099880161257709005e+03 3.508950439408476541e+03 -2.380680282700938278e+03 -1.868613690141567986e+03 6.295786072118083212e+03 3.590884014334989388e+03 -1.552567635392933425e+03 2.861880732247291235e+03 4.095424994532767414e+03 3.401861227598039477e+03 3.832820761418801794e+03 1.330483735278278573e+03 9.689188775202884472e+02 2.552193283362384591e+03 5.498909897184567853e+03 9.598159917626867355e+02 2.129196871174980515e+03 3.854442261867225625e+03 3.118015249565616159e+03 2.050685306975024105e+03 6.031304348344464088e+05 -7.288922452314301336e+04 -4.132905072388893459e+05 1.528727682457421906e+05 -1.910185411185409612e+04 4.402782564207060932e+04 1.035861622640566202e+05 1.081076338291523134e+05 5.320944565138102043e+05 4.901695360079594684e+04 -2.035350733735830772e+03 2.139217486906971317e+04 -8.000524341499803995e+03 1.294893106048919617e+04 8.959118266153856894e+03 6.220373464294143560e+03 -5.259317162208230002e+03 2.824868673354308612e+03 7.680582646474743342e+03 7.440037655092767636e+03 1.128208213731317119e+04 1.000385642607991758e+04 -7.221062210463269366e+02 6.612024951807524303e+03 9.454478260243697150e+03 6.372320137444249667e+03 6.072121439744600139e+03 4.333519870164903296e+03 7.018164918086284160e+03 2.415854055812646493e+03
1.211343722203674552e+05 2.134871284087121894e+05 1.232728323195302073e+05 9.839864965036250942e+04 2.325794484820028083e+04 -3.236467704516291269e+04 5.061477786517984896e+03 -6.019944738370652885e+03 6.291392718285672163e+04 2.360847719304812199e+05 3.109293404406729678e+04 7.603458802130942786e+03 4.954184571088232587e+03 2.618206663232403116e+03 9.151274487458149451e+03 4.749546663051409269e+03 6.566778300472924457e+03 1.985307051437820292e+03 7.737362860866181791e+02 -1.187167541250243858e+03 -6.794392123568437114e+01 1.010657316171264824e+03 3.527198680262251855e+03 2.314747465814451516e+03 7.994279232162941753e+02 1.931102462152887483e+03 2.117787177194946580e+01 3.016275549826774295e+03 1.441897984199532630e+03 1.302134337792100951e+03 5.782763426995781483e+05 3.724556491738603218e+05 4.291871660790035094e+04 9.684733890027811867e+04 -3.438299327510434068e+03 -2.581343135808369334e+04 5.268260392613409203e+04 -1.239150998507546137e+04 6.454845781813957001e+04 3.265764615884668892e+05 4.229528744175280008e+04 5.052774069181940831e+03 1.047822424469342195e+03 1.324747266479571590e+04 1.266577926775300330e+04 -3.915700992822360604e+03 1.744921521370647724e+03 -2.475109517340416915e+03 3.615222816085532941e+03 -1.264730038765496829e+03 7.754879667320163207e+03 4.716638080419688777e+03 1.154728941442240057e+03 3.926930319233245427e+03 3.562781846602310907e+03 2.063019848827196256e+03 1.681866970171271987e+03 2.930365238405835839e+02 2.027678007573098512e+03 6.810173067815090690e+03
6.332185569516669057e+04 1.026291841385886801e+05 1.367404361566698390e+04 -7.729384681343247394e+03 -1.167916523346006761e+04 -2.512471327446631403e+04 1.017693665236628476e+04 1.847168233581147206e+03 -6.099880161257709005e+03 3.109293404406729678e+04 1.407245909769446298e+05 2.465391589747599573e+04 1.223465035579212099e+03 -4.436979860181498481e+01 3.762646035323600245e+03 1.193878260261009700e+03 3.204541051193434669e+03 3.756652678060646394e+03 2.575696522973153606e+03 1.644950142234282112e+03 2.826500346195912698e+03 1.512159913919179871e+03 1.715614843926217418e+03 2.646958653135470286e+03 2.070727612094628967e+03 1.454726877452111921e+03 2.631522891336376233e+03 8.027843000903060329e+02 8.465408282897597019e+02 6.252255901307834165e+02 4.148182931657207082e+05 3.402813730667206255e+04 -1.879520574605525471e+05 2.080664900157302691e+04 -9.078953419040403969e+04 -1.912180631997087403e+04 -1.347434256574986648e+04 1.041357873017634847e+04 -3.613253343773212237e+03 2.721705657726324716e+04 1.956156730675777362e+05 3.391499523106313427e+04 1.376574218387756446e+04 -3.261925744260793635e+03 -1.062435676353100234e+03 -8.193018478928888726e+03 4.620583629006149749e+03 2.577849407080755554e+03 2.058629383418714042e+03 -1.314786353398979145e+03 4.110269122535084534e+03 3.013642327190440483e+03 2.838828703477238378e+02 -2.453523614794113655e+03 3.754994522466844501e+03 2.388112573484219865e+03 5.707602666450053221e+03 -3.324160904050689282e+02 2.869552825068705260e+03 5.149983835853114442e+02
-2.086125817269735271e+05 3.075689229371458623e+03 -2.550772085310043622e+04 7.758825949802528157e+03 1.580824349056006577e+04 9.367562517688002117e+03 8.370883585417259383e+03 1.221045388794333849e+04 3.508950439408476541e+03 7.603458802130942786e+03 2.465391589747599573e+04 1.172020073970278754e+05 1.568004439571255898e+04 1.936105390721629419e+03 2.494392714955026349e+03 3.563545886212566984e+03 2.031497003392509896e+03 5.745604531544090605e+02 1.732178945271819430e+03 3.488465643594895482e+03 -1.305385513081655517e+03 1.977253525182131852e+03 6.649417657606971943e+02 9.557840125846391857e+02 1.962656218430870013e+03 3.287852296118627237e+03 2.438503526607705680e+02 9.597242370728080232e+02 9.436631022915777294e+02 6.193123893205258810e+02 -7.187968684817291796e+04 1.878642452703127055e+05 -1.186443261334487179e+05 6.329261020840529818e+04 2.992756640504288498e+03 3.465841148220552714e+04 2.499926640370746895e+02 1.511816252612422795e+04 5.129319637489449633e+03 5.187948404077600571e+03 3.110440678564101472e+04 1.725362048075366765e+05 3.348762993907536293e+04 4.633970617599205980e+03 -1.011079021150124390e+03 2.924093089915129440e+03 1.158958022966869976e+03 4.612044991959874096e+03 -8.495336563672397006e+02 2.777222111817203313e+03 -3.950275946612396638e+03 2.560855115996558197e+03 1.158433112673947107e+03 6.337215510885118874e+02 6.025437617140191833e+02 5.333480375395175543e+03 8.064915050137507251e+02 2.592286657845645550e+03 2.067727103850791991e+03 -1.158985156001910582e+03
-1.055218952286408967e+04 -1.192575969969663129e+04 5.505151098155192449e+04 -7.748015344756635386e+03 1.837816527984715503e+04 2.909639691834989208e+03 9.616474052143363224e+03 3.646816025604705374e+03 -2.380680282700938278e+03 4.954184571088232587e+03 1.223465035579212099e+03 1.568004439571255898e+04 8.542704886342670943e+04 2.040993872590001047e+04 3.110178509204080001e+03 2.782356347290596659e+03 -1.660543783018560134e+03 -6.964545544183922630e+02 2.259580224587030898e+03 3.961701166164820279e+03 1.292756586748581867e+03 2.614987592051227239e+03 1.418958829690000357e+03 1.135381709067210068e+03 -1.138361283499633373e+03 1.403223128006732395e+03 9.670771573726801762e+01 1.459646497274044577e+03 6.199557474443688534e+02 1.038343510782497106e+03 -1.935712328089611838e+05 -1.232939950741081702e+05 9.882625693799565488e+04 5.075042914962919895e+04 3.287369964256992535e+04 3.373379928086263590e+03 2.268556602627972097e+03 -6.713483160975614737e+03 -3.344866394459033472e+03 1.751216654032082442e+04 1.484565572660736325e+04 1.857738952495324338e+04 1.203326430699303601e+05 1.966336159807646254e+04 2.192447800996241767e+03 -3.119055889438586746e+03 -6.720772572670968657e+03 -3.622699168582980292e+03 1.638598031930968091e+03 3.955197010077110463e+03 -3.565048082489784065e+03 3.416238410471700263e+03 4.220831639156394886e+03 9.512096359960952441e+01 -3.213853941124812991e+03 -1.386131310681225386e+03 -3.709890100151095794e+03 7.248392894979187986e+02 1.473613433300300358e+03 3.350618882941115771e+03
1.417944667521489027e+05 -1.157512728977423831e+05 5.342986426703553207e+02 -2.228006687198689906e+04 5.744080513030159636e+03 8.402696509865024836e+02 1.567976919714752330e+04 2.281797693699069896e+03 -1.868613690141567986e+03 2.618206663232403116e+03 -4.436979860181498481e+01 1.936105390721629419e+03 2.040993872590001047e+04 6.787292500054188713e+04 1.190357722324758652e+04 3.545954150560699873e+03 2.510418614341436296e+03 -2.882983418571534457e+02 2.003639045814703877e+03 3.355517984316622460e+03 7.335406209196365808e+02 1.915496783930999300e+03 1.298060250543107713e+03 1.147805092308564099e+03 -1.137178070560192054e+03 4.499203438458010282e+02 -2.842834656407597436e+02 8.363381353096636985e+02 1.087677385277236120e+01 1.061449706629663979e+03 5.359380761300028826e+04 -2.443513619906046079e+05 8.055817686898900138e+04 8.510433798128285616e+02 1.556349080695915654e+04 2.801048408629052574e+04 1.065493844996775624e+04 -1.514077213150415446e+03 -5.633643721357178947e+03 -1.232107396242597133e+04 8.404963299720438954e+03 -5.286596437008719477e+03 2.240448213372531245e+04 9.466317864733254828e+04 1.449876919287794408e+04 2.682538635471617454e+03 4.743934649519978848e+03 -4.057920953126988479e+03 1.414670983125342218e+03 3.254296055215768774e+03 -3.543517653517744748e+03 2.142926190467129800e+03 4.173551620371833451e+03 8.667442322994523920e+02 -6.981447693776233336e+02 -6.108541408220520452e+02 -1.101786399418283054e+03 1.613707169016503030e+03 1.005773935712268440e+03 1.384403133283001580e+03
-6.364031285999414831e+04 -1.389741945568239498e+04 4.632401494216569699e+04 -3.614177793877331169e+03 -6.345907204926378654e+03 3.070695333350493456e+03 1.237469132727299620e+04 2.858717979436424912e+02 6.295786072118083212e+03 9.151274487458149451e+03 3.762646035323600245e+03 2.494392714955026349e+03 3.110178509204080001e+03 1.190357722324758652e+04 5.358917635388887720e+04 1.010078470478219242e+04 -3.234791026649496644e+02 4.233226898964356224e+03 2.047351461770501828e+03 6.467540713855674994e+02 1.423816921499011187e+03 5.701271887565889074e+02 2.057078330284276944e+03 1.759163452262260080e+03 6.661168236380740382e+02 9.775076689590342767e+02 1.154436383386947227e+03 9.604960588161279702e+02 5.390227422079768758e+02 1.328650877932965841e+03 7.983975437830561714e+04 -6.706608212935893971e+04 8.427746371618217381e+04 -2.081124816672073575e+04 -3.927339869490730780e+04 -2.792179145090881866e+04 1.913297743292091036e+04 3.846436572824741688e+03 2.262420460518680193e+04 8.233176250090096801e+03 1.316505828298431516e+04 -2.187836447252865128e+03 2.253854882328401800e+03 2.403760665705377687e+04 7.318258694640535396e+04 9.745402206529914110e+03 1.346185662904094443e+03 1.428586787938439329e+03 2.567117316974760342e+03 -2.355589212898880760e+03 -2.096878671390508089e+02 1.989057356259922699e+03 2.900186967495476893e+03 3.685344663143288471e+03 6.941425099108606673e+02 5.502464710262579928e+01 3.105827629070025523e+03 1.902509698420488348e+03 2.081042000333252872e+03 5.239295988834000127e+03
6.008309087534758146e+04 5.091672234152603778e+04 7.591457088442091845e+03 3.817409821053321502e+04 1.419486750719188058e+04 5.513583626373510015e+03 1.572931332272964028e+04 1.538889842123728886e+04 3.590884014334989388e+03 4.749546663051409269e+03 1.193878260261009700e+03 3.563545886212566984e+03 2.782356347290596659e+03 3.545954150560699873e+03 1.010078470478219242e+04 4.017266622253626701e+04 7.099477684299115936e+03 2.658424301255817227e+03 2.684603083498712749e+03 1.448638388412697168e+03 -9.909416927662232411e+01 4.502606074164448557e+01 1.165592297176874808e+03 -1.237524007532630321e+02 -1.350859726772117142e+02 1.126844845549142065e+03 8.415147190195543772e+02 1.299965084323128394e+03 9.025330552289601656e+02 6.933721731043779073e+02 -8.962341673984198133e+04 -5.478530835524814756e+04 -1.001742068695955277e+04 1.157446303858990868e+05 3.038938301189914637e+04 1.029761490764322662e+04 2.186239529253869478e+04 8.097569750236704749e+03 1.013138793683819131e+04 -3.874108687569984113e+02 -3.112417876900027380e+01 4.323891816867074340e+03 4.469822758761883051e+03 6.606245363296338837e+03 1.273559139794062503e+04 5.762523129676985263e+04 9.122090853218740449e+03 4.340252835464918491e+01 3.872514219632021650e+03 6.187518459698434299e+02 -1.718753581188668136e+02 2.289308981169330366e+02 1.917120903490327692e+03 2.823497915423616291e+02 -7.001119432193421517e+02 4.432839712821962621e+02 3.630388739294539278e+02 7.011254534334414075e+02 -9.880934305362071655e+02 1.315669552877276374e+03
2.918529391548053900e+04 1.248467739936002326e+05 6.565780101161134371e+04 1.453753393558788230e+04 8.484810009190636265e+03 2.314093790142499529e+03 1.080336591305613547e+04 1.084213648726498104e+04 -1.552567635392933425e+03 6.566778300472924457e+03 3.204541051193434669e+03 2.031497003392509896e+03 -1.660543783018560134e+03 2.510418614341436296e+03 -3.234791026649496644e+02 7.099477684299115936e+03 3.049872896802832474e+04 6.751537091861492627e+03 2.978102288678729110e+03 1.996308850717609630e+03 1.577078897027080757e+03 8.746194029624543873e+02 5.228139370324216770e+02 3.920852532963049839e+02 8.724966100683251398e+02 1.042708247791002577e+03 5.196383673004345383e+02 8.173173546908774370e+02 3.862598388459662146e+02 8.066714932023210167e+02 -6.983736684979118581e+04 6.676847959200580954e+04 1.489914085827312083e+05 3.236463716336376820e+04 -3.098523235512696192e+04 -1.319996165473010660e+04 1.180623794994422497e+04 1.119896701937627040e+04 -1.017427904769222368e+04 1.821805211620986302e+04 1.342861643745364290e+03 -9.828783828354673915e+02 -1.872246310647740231e+01 1.806889982421539344e+03 -1.336911208329178407e+03 9.400814853702921027e+03 4.289722775552621169e+04 7.339562390081626290e+03 4.660326483714343340e+03 4.181679718356266676e+03 3.766949388955826180e+03 9.426139315572075930e+02 -8.372217781266401460e+01 -1.003877999897801772e+02 1.525066722169388413e+03 7.466988505063595767e+02 8.201639035444571846e+02 2.039776899169460421e+03 1.386622710369782908e+03 1.151381963888461542e+03
9.588480408412424367e+03 1.901166018754060497e+04 2.351248050455640623e+04 1.449477720444261649e+04 1.232443526152749473e+04 5.150770398568995006e+03 7.890987845764499980e+03 5.449875860987196575e+03 2.861880732247291235e+03 1.985307051437820292e+03 3.756652678060646394e+03 5.745604531544090605e+02 -6.964545544183922630e+02 -2.882983418571534457e+02 4.233226898964356224e+03 2.658424301255817227e+03 6.751537091861492627e+03 2.658561574941694562e+04 5.999714042207981947e+03 2.500893502695471398e+03 2.104938288916961483e+03 5.404767453387344176e+02 1.553348522983410476e+03 1.347633816991842082e+02 7.248707577201217873e+02 1.409997524559226804e+03 3.545716011101548588e+02 8.687129039601161367e+02 2.150202456267891762e+02 5.677552918326283589e+02 3.164866982832416852e+03 -4.823442136315209609e+03 -7.141539467366492318e+03 -2.257366029168455862e+04 5.631960467815622906e+03 -1.667230142422508652e+04 1.344035293916094270e+04 -6.286217237164201833e+03 5.017072148567332988e+03 9.761005790792995640e+02 7.275687569738185630e+03 4.216542926354993142e+03 -1.653773185627359453e+03 -6.567558813386104930e+02 4.139506113721135080e+03 1.875518247328789585e+03 7.978599696481210231e+03 3.428608157740593742e+04 6.529347595079735584e+03 2.097849710575286281e+03 2.835761597433381667e+03 1.553620178928372297e+03 1.427065016948035236e+03 -8.672620206687835207e+02 5.067656550886817399e+02 6.421994936393385842e+02 -3.821399918609476742e+01 -8.754487024803139548e+02 1.906272054700270928e+02 1.054311623920410966e+03
-1.904141894233992207e+04 -5.822046385442233441e+04 2.012277525712251190e+03 -5.092869234728867923e+03 6.681560337922503095e+03 4.910254033800012621e+03 1.290454821595380599e+04 1.133846599853140469e+04 4.095424994532767414e+03 7.737362860866181791e+02 2.575696522973153606e+03 1.732178945271819430e+03 2.259580224587030898e+03 2.003639045814703877e+03 2.047351461770501828e+03 2.684603083498712749e+03 2.978102288678729110e+03 5.999714042207981947e+03 2.268462172910398294e+04 4.974475805961872538e+03 1.396197535686299261e+03 1.631246364322211321e+03 1.758212866413093707e+03 7.966662788683902363e+02 -4.052715423376850623e+01 4.685995453878185231e+02 2.295961933386314513e+02 3.630623676709809047e+02 1.987225363598001593e+02 2.577872212909412610e+02 -1.095493920100549585e+05 -9.262558900146103406e+04 7.155529278482747941e+03 -3.191840978070961501e+04 5.138613336800827938e+02 1.362285929943160045e+04 2.172716209450464885e+04 6.880082961090913159e+03 1.494413034734615394e+04 -2.803018024516149126e+03 7.670035614639833511e+03 3.918836596516315240e+03 5.800649112142617014e+03 2.955505747850770604e+03 -6.027774585881284111e+02 3.036606810854756077e+03 3.578834021658768961e+03 6.557682534393527021e+03 3.123174627959890495e+04 5.398303761115533234e+03 3.700333128110652297e+02 2.001781229802042844e+03 3.041208359094512616e+03 3.466514943941428442e+02 1.034424459061669040e+03 9.998723379854455970e+02 1.271443590786599032e+01 5.260792711671485478e+01 3.228196029711372717e+02 4.337018716288967113e+01
4.475265910937205626e+04 4.767400991254820838e+04 3.324005492520214830e+03 -4.768371355575308712e+02 6.739963784980110177e+03 8.289613845301175388e+03 1.160734595074239405e+04 3.926335138885081960e+03 3.401861227598039477e+03 -1.187167541250243858e+03 1.644950142234282112e+03 3.488465643594895482e+03 3.961701166164820279e+03 3.355517984316622460e+03 6.467540713855674994e+02 1.448638388412697168e+03 1.996308850717609630e+03 2.500893502695471398e+03 4.974475805961872538e+03 1.909722357286368424e+04 2.239042762385729930e+03 -2.119678492913371315e+01 5.592566096167076921e+02 1.308151571350407494e+03 7.411952222188773476e+02 9.006550487296577785e+02 7.195372737649292958e+02 5.343325416447012230e+02 -2.881673577390136742e+01 5.856543578397412375e+02 3.204087984824672822e+04 7.737212123442378652e+04 3.559045085465432203e+04 2.701958310658339542e+03 2.335434761352018540e+04 2.125863093356846002e+04 8.272488424127515827e+03 -8.466387692465799773e+03 2.204740778546645743e+03 2.588171944631345468e+03 1.682362926765604243e+03 7.662698071267478554e+03 4.079393280090739154e+03 5.941407892311411160e+03 2.250247159556735824e+03 2.809256463098935455e+03 2.664357814630613120e+03 1.657388510673688415e+03 7.179465570585667592e+03 2.547469114837612869e+04 1.094684788139719103e+03 -4.895619900453321804e+01 5.656213186183683774e+02 1.895928970410094735e+03 1.271649571843836611e+03 3.649190638715139698e+02 4.091475820927923337e+02 6.024133808243684030e+01 4.639198165164074794e+02 4.837290383441191466e+02
2.218228074949034635e+04 -1.102656049503569920e+04 -5.463134479051775088e+03 -6.595743480909924983e+03 -5.353207324281612273e+03 1.065364683612152294e+04 3.894759224002199517e+03 1.889823666133219149e+03 3.832820761418801794e+03 -6.794392123568437114e+01 2.826500346195912698e+03 -1.305385513081655517e+03 1.292756586748581867e+03 7.335406209196365808e+02 1.423816921499011187e+03 -9.909416927662232411e+01 1.577078897027080757e+03 2.104938288916961483e+03 1.396197535686299261e+03 2.239042762385729930e+03 1.511776180934212243e+04 3.571287857791106035e+03 9.812416400954799656e+02 9.102934905208576311e+02 9.104864551707189548e+02 6.523137185507547429e+02 7.430827150123279807e+02 8.912111701749281565e+02 1.281613629804700167e+02 4.843449781137493915e+02 3.723765276261561667e+03 -5.057016930517339642e+04 -4.417344678082201426e+04 -8.794746780357105308e+03 -1.934037933115417763e+04 2.490816871488950710e+03 9.492486358953035960e+03 6.257888296817765877e+03 1.922798642903054861e+04 -3.922368653946582526e+03 5.239445065855483335e+03 -2.374122852657461863e+03 -6.675025637348898044e+02 7.844784836918812516e+02 1.667364123562373834e+03 4.906469042230215791e+02 3.322327568169611823e+03 -4.429836496645041422e+01 7.348699178911457466e+02 2.565724699990664249e+03 2.041466490737949789e+04 4.806551559751846980e+03 1.277382905460813390e+03 8.241651498342843070e+02 -1.719821215554775051e+01 4.060120215709915215e+01 -5.673174427924271868e+02 4.266839923503422369e+02 4.617860584416929441e+02 9.001450674905673850e+02
1.078478265710274900e+04 3.082144513030033704e+04 2.525914008139593716e+04 2.346382093395995071e+03 -5.795347300325714968e+03 1.577764273325175418e+04 -1.053327684694105756e+03 2.595779261583865718e+03 1.330483735278278573e+03 1.010657316171264824e+03 1.512159913919179871e+03 1.977253525182131852e+03 2.614987592051227239e+03 1.915496783930999300e+03 5.701271887565889074e+02 4.502606074164448557e+01 8.746194029624543873e+02 5.404767453387344176e+02 1.631246364322211321e+03 -2.119678492913371315e+01 3.571287857791106035e+03 1.400346342032256325e+04 2.347873205856497407e+03 5.935726850103743573e+02 4.026684067114926506e+02 5.942387668348226271e+02 6.951319376627775455e+02 3.794324421376106216e+02 2.981918082603224320e+02 4.372297338153741180e+02 9.180546873754563421e+03 5.141937565585976699e+04 3.884745285116802552e+04 4.598224143393294980e+03 -5.056027521013883415e+03 2.307299431575263588e+04 7.333520134952938861e+03 -1.186162291382128615e+03 3.540907084935749936e+03 7.442647537318880495e+03 7.348165861539097932e+03 1.054241819474901831e+03 6.493245018109089870e+03 3.838066294220468080e+03 1.659731025590994250e+03 -2.097359757990746232e+02 2.824175330758679138e+03 -9.688652462012523756e+02 1.231458631399881369e+03 -1.475543355060185377e+03 3.449176256128063869e+03 1.820370892872909462e+04 3.576996350048577824e+03 1.261103767189885275e+03 1.483491770533288673e+03 7.944463709129826157e+02 3.148172277627417088e+02 6.742192996234988414e+02 8.957300899642717695e+02 4.086395308602257614e+02
-6.700744679115868348e+04 -1.799339494991174797e+04 3.873097921904316172e+04 9.154278121745584940e+03 1.353108310005854401e+04 9.074018108478023350e+03 1.016461368199260141e+04 3.615345878290481323e+03 9.689188775202884472e+02 3.527198680262251855e+03 1.715614843926217418e+03 6.649417657606971943e+02 1.418958829690000357e+03 1.298060250543107713e+03 2.057078330284276944e+03 1.165592297176874808e+03 5.228139370324216770e+02 1.553348522983410476e+03 1.758212866413093707e+03 5.592566096167076921e+02 9.812416400954799656e+02 2.347873205856497407e+03 1.274720785862185221e+04 2.428307124841801397e+03 7.024901729362936749e+02 6.115818192035085303e+02 5.536395322812350059e+02 5.051009449846094981e+02 3.050421352400758792e+02 4.262770018988761080e+02 1.807039693658994292e+04 5.433162584755701391e+04 6.527363258976878569e+04 -1.137884887130500829e+04 2.137887886061620156e+04 2.633961794882471077e+04 1.715957998696883442e+04 -2.754371518174767061e+03 4.822811926313959248e+02 5.373275950008505788e+03 1.946795427702803863e+03 1.968844763393863559e+03 4.806968165758051327e+03 1.632928504217289628e+03 3.103531152071557244e+03 2.559621631637872269e+03 3.876986150248505396e+02 1.748892585489268640e+03 4.072392410678767646e+03 8.203991906328876667e+02 1.307556767684972556e+03 2.019031016405416949e+03 1.606871876471675023e+04 3.048632580292566672e+03 1.963885307425894666e+02 1.587623489857440291e+03 1.234623777591835051e+03 -4.423327278335461301e+02 2.826606072694088425e+02 1.101159879084164686e+03
3.407596647807757108e+04 -9.332382120670217773e+03 2.185225295631310291e+04 4.353440903780096050e+03 2.436104677303084827e+03 5.867160989856508422e+03 2.944767886511608594e+02 -1.032011163218146748e+03 2.552193283362384591e+03 2.314747465814451516e+03 2.646958653135470286e+03 9.557840125846391857e+02 1.135381709067210068e+03 1.147805092308564099e+03 1.759163452262260080e+03 -1.237524007532630321e+02 3.920852532963049839e+02 1.347633816991842082e+02 7.966662788683902363e+02 1.308151571350407494e+03 9.102934905208576311e+02 5.935726850103743573e+02 2.428307124841801397e+03 1.058897846113741980e+04 2.130205740091086227e+03 1.048221280551075552e+03 8.304559887918687764e+02 5.707504297925243009e+02 2.766458917509733624e+02 3.589835410854670386e+02 2.332037495687200499e+04 -2.639650342842381724e+04 3.225141679709533855e+04 1.496872773049930765e+04 2.959111264135195142e+03 1.493867662962483882e+04 -8.657640229229164106e+03 -1.056941136453913168e+04 1.772929631021039995e+03 3.642529510521546143e+01 3.155137231211211315e+02 -2.985051823332528187e+01 2.233321739569873898e+03 -3.142796877162296596e+02 2.024139349196556850e+03 7.802057722367111410e+02 1.548740679294596475e+03 1.484893517265598803e+03 -1.200937965403423213e+01 1.151358103449518239e+03 6.612275935866944110e+02 2.057459909874686218e+03 1.542629766519788973e+03 1.267891440066070936e+04 2.142862753270607300e+03 2.182903374659491419e+03 1.134865957778488564e+03 -1.113317429660822029e+02 1.984881009209813669e+02 6.413546137687790178e+02
-2.266631675855224239e+04 1.138883626721223845e+04 8.769267118978799772e+03 8.399697176913607109e+03 -8.538789828774437410e+03 1.340399964275113462e+03 5.596311581198257045e+03 3.165389349604083691e+03 5.498909897184567853e+03 7.994279232162941753e+02 2.070727612094628967e+03 1.962656218430870013e+03 -1.138361283499633373e+03 -1.137178070560192054e+03 6.661168236380740382e+02 -1.350859726772117142e+02 8.724966100683251398e+02 7.248707577201217873e+02 -4.052715423376850623e+01 7.411952222188773476e+02 9.104864551707189548e+02 4.026684067114926506e+02 7.024901729362936749e+02 2.130205740091086227e+03 9.194948145119909896e+03 2.363706489418914316e+03 6.555118589295024094e+02 4.623915237850061999e+02 1.680648688133747441e+02 1.536557874737038958e+02 2.494814621379323216e+04 2.823889973925083541e+04 -3.204159811561708193e+04 1.135060962101973200e+04 -2.776308232287940700e+04 -9.325288749978553824e+03 1.449766715530441070e+04 6.017022813825998128e+03 7.269209396904874666e+03 2.381988388925415165e+02 -2.091268593201386011e+03 1.613077584488209141e+03 8.881023954508781060e+01 -1.325621160631816338e+02 -2.376843866659453681e+02 -6.835245721723229053e+02 -7.931157876248255434e+01 -9.813648064629298915e+02 3.076152005206734543e+02 6.509616939873185402e+02 8.854221248183301896e+02 -1.826148515422255230e+02 -1.520648853655497135e+01 4.103255766390851932e+03 1.175103821173926372e+04 2.862429223316577463e+03 3.416998749310807852e+02 4.165661674739831710e+02 1.450646936418928874e+02 6.589766951784851017e+02
4.337615494553516328e+04 2.221358190333320817e+04 1.106445681109651196e+04 1.134653551091230293e+04 7.369983205958097017e+01 4.420398473159105379e+03 2.167238643177200629e+03 6.485851178641907609e+03 9.598159917626867355e+02 1.931102462152887483e+03 1.454726877452111921e+03 3.287852296118627237e+03 1.403223128006732395e+03 4.499203438458010282e+02 9.775076689590342767e+02 1.126844845549142065e+03 1.042708247791002577e+03 1.409997524559226804e+03 4.685995453878185231e+02 9.006550487296577785e+02 6.523137185507547429e+02 5.942387668348226271e+02 6.115818192035085303e+02 1.048221280551075552e+03 2.363706489418914316e+03 8.578500848803545523e+03 1.894379460496270667e+03 4.728926940562199661e+02 4.701257182512927670e+02 1.794491490497133555e+02 8.665324259461526526e+04 2.700133102162527939e+04 -1.045497404928588821e+03 2.963755809629293071e+04 1.149178577657896676e+04 5.908740126121075264e+03 1.363955755161184425e+04 1.189528301116130388e+04 -1.852546578557549765e+03 4.361521317924815776e+03 -1.359481044189881004e+03 5.433467096797006889e+03 3.740571906931875219e+03 3.688564959263110268e+03 1.799418015354534873e+03 3.324570028823692155e+03 2.250620744302769708e+03 1.073490010828155164e+03 1.779492196927154964e+03 1.394388000639759412e+03 7.411358908268388177e+02 1.000988096777229657e+03 -5.389991166935524234e+02 1.816559191161961280e+03 2.772524276539206767e+03 1.145616793811847492e+04 2.337496923258328934e+03 4.679532063630534822e+02 8.983158647932651775e+02 4.983913317754378340e+02
