9.108374349264584482e+07 1.883592424193463475e+07 5.351331914409731980e+05 3.706901790384498308e+05 1.041575382806010111e+03 6.022898593442970887e+05 1.355967646165275946e+05 -3.976830514476132230e+05 6.911506392598253115e+03 -3.484521712920560094e+04 1.097745145555145136e+05 -6.992770760705175053e+04 1.237291500703582715e+05 1.773413925573683809e+04 -5.047336384548676142e+04 1.907793807334902158e+04 1.153355905795480248e+04 -5.127543010092061741e+04 -3.003034471906156250e+04 -1.995834881288430188e+04 -3.153195827441113943e+04 -2.825627926436400594e+04 1.625749970109748392e+04 -1.319458937352687099e+04 -2.212383676439493740e+02 -3.313033340403454349e+04 -1.182139012207148335e+04 -5.536154159104507562e+04 -7.965398036092590701e+03 -4.330212492737637149e+03 7.601431007276998460e+07 1.383680201305665076e+07 -3.376522739263881464e+06 -3.256037420500116423e+05 -6.019407055004236754e+05 1.335954490672956919e+06 6.439260036202953197e+05 -8.854811964254732011e+05 -9.245567107566403865e+04 2.080997395511173818e+05 4.215814622652319376e+05 -2.402907571712642675e+05 1.070682480088965676e+05 1.921499839827421238e+04 -1.076974128881874640e+05 2.632333964285415277e+04 4.937364427265131962e+04 8.522021953556947119e+04 -7.901456279504614940e+03 -2.370906967222798630e+04 -1.154983122294600616e+05 -8.943720240541783278e+04 4.690797542917650571e+04 7.665262029911503487e+04 2.338981462160682895e+03 -9.647680515705433208e+02 1.731365325710907200e+04 -3.487963102099757089e+04 1.231240983344744200e+04 -1.809590726233861278e+04
1.883592424193463475e+07 4.218556185060705245e+07 6.457839442278162576e+06 5.667912955631163204e+05 6.749193562012849143e+05 1.597915533205848478e+05 1.096990399084272940e+05 1.554944432052487355e+04 1.251336597754477407e+05 1.455486158695427584e+05 8.547201981873711338e+04 1.291345321864257567e+05 9.301048100467066979e+04 8.281340699590064469e+04 5.988175040566352982e+04 4.208004931601744465e+04 3.433868748856211459e+04 1.069543646899299711e+04 2.461527021945449451e+04 6.161238895903588855e+04 3.740453408095753548e+04 1.138457454760445762e+04 1.648773373545098366e+04 4.046175185475721264e+03 3.163952361234993077e+04 1.264974120854733337e+04 -2.862377748556522420e+03 5.222524036871118369e+03 -5.293805175423645778e+03 2.504016828294593506e+04 2.313954374174655974e+07 5.425896526674611866e+07 3.585228805658578873e+06 -3.383771070369792142e+04 3.827130771690250840e+05 -2.639295011723107309e+05 -5.214333027509069070e+05 1.498744337940241967e+05 2.994708467208769871e+05 4.255085543335362454e+05 2.684481338303018128e+05 1.768050793901350989e+05 7.749128909734169429e+04 1.725442483086872962e+05 2.647759026213988182e+04 -9.984145715884147648e+03 1.355857002516982902e+04 6.394334052802623773e+04 3.630619681171695993e+04 5.544506439049443725e+04 2.202563053330545154e+04 -2.094452125924897337e+04 6.798538902378732018e+03 5.240648179452324985e+04 3.186669702326480183e+04 -2.222510706668460989e+04 -2.958319386527825554e+04 -2.306491484145151844e+04 -3.931441567891532759e+04 1.006210650223976154e+04
5.351331914409731980e+05 6.457839442278162576e+06 1.443474148089372739e+07 3.154927925669941120e+06 7.324653908451267052e+05 1.170213534810768033e+05 7.486414349752641283e+04 1.465787762414639874e+05 1.042864576812459418e+05 1.524410267092723807e+05 8.245857969878538279e+04 8.804496739167021587e+04 4.508577383196431038e+04 3.410555408327958139e+04 6.571616563997291087e+04 5.127120693529618438e+04 1.080595014829195316e+04 3.257489249918781934e+04 -1.156527423362202853e+03 -2.544163004887356692e+03 7.617497776593276285e+03 1.481498239169690532e+04 -2.744457641211954979e+03 8.869996392430321066e+03 3.692252100266663462e+01 2.815438387064137714e+03 5.854600653705508194e+03 1.080963463561665958e+04 8.961947771450533764e+03 6.653427812396961599e+03 -8.294743069150249939e+05 8.133982287599205971e+06 2.021406873929717392e+07 3.172695330877199769e+06 5.072885732592566055e+05 -3.638436456325284671e+05 -7.176557013367638865e+04 3.602263500506976852e+05 3.391486107655192027e+05 2.441803650087431888e+05 1.814886455799385440e+05 2.101817074735820934e+05 4.831857831301189435e+04 8.074950188807405357e+04 2.130244819952103426e+05 2.162699182081547042e+04 6.954626761285986447e+01 1.087263891684170667e+05 6.628137230999091116e+03 -2.310361600874849501e+03 1.312855068361640224e+04 1.494088468076323261e+04 -4.728808412822191895e+04 -3.177668167020573674e+04 -2.877436569553211302e+04 2.239743900441065762e+03 -1.191800815928590237e+04 -3.141568802421477085e+04 -2.124105016842808709e+03 1.651373074056303449e+04
3.706901790384498308e+05 5.667912955631163204e+05 3.154927925669941120e+06 6.518204508864345960e+06 1.116537440470618661e+06 3.451599373657244882e+02 4.858645463413207472e+04 5.667911368485952698e+04 7.217202607483041356e+04 8.131472576643252978e+04 -2.590230276023646638e+03 3.633721399367772392e+04 3.435571654419154584e+03 2.895256976781313278e+04 2.436710129668230729e+04 7.684727387075654406e+03 2.295241655126517799e+04 3.021574426046908775e+04 3.829241372997061717e+03 1.812260690586752753e+04 1.985332692189845693e+04 1.010858589462667805e+04 8.219310044374558402e+02 6.948886985800581328e+01 -3.035549408277805469e+03 9.085100990925468068e+03 4.143005999756890560e+03 1.234586518996699488e+04 5.200230281840999851e+03 3.500503072140630138e+03 -1.468157928045892622e+06 3.850033906798267853e+05 4.566084053519626148e+06 9.522076890213310719e+06 4.825054018994302023e+05 -4.455764116674091201e+05 -8.870197172186536773e+04 1.196469399430971971e+05 1.590277132227341644e+05 1.376700745437946171e+05 -4.091870700240005681e+04 8.299167833952294313e+04 2.248729521394823314e+04 1.012769530619291181e+05 7.245796915167736006e+04 -1.193020069083169619e+04 3.371650225132486230e+04 6.254765498288582603e+04 2.461656826546718730e+04 2.468140340732200639e+04 3.398322185723591247e+04 8.410314024766796138e+03 -1.614537101568303297e+04 -1.787999046160902071e+04 -8.583689567225841529e+03 1.555236023405735432e+04 -1.519565788857429425e+03 -7.133297288858774664e+03 -7.766054098383258861e+03 5.602679782126012469e+03
1.041575382806010111e+03 6.749193562012849143e+05 7.324653908451267052e+05 1.116537440470618661e+06 2.554226139859045856e+06 5.569768171122733038e+05 1.448114380282658094e+05 7.966009292781200202e+04 5.904191469087490077e+03 6.660563450673735133e+03 4.662613053455211229e+03 1.872976146661074381e+04 8.791767598931573957e+03 3.147244919503475830e+04 2.655026279578254980e+04 1.459991810386626639e+04 1.562987104618394551e+04 1.758574703697674340e+04 8.000836306771175259e+03 5.049299979376818555e+03 6.855487875864884700e+03 1.217882479062593848e+04 5.601437620914707622e+03 -1.701339637374205722e+03 3.878322849670411870e+03 6.896599121085611841e+03 1.202772041406102471e+04 1.224873890310400748e+04 4.121174513055750595e+02 4.618508398377462072e+03 -1.477312640675800154e+06 7.740782270259775396e+04 9.732021951259172056e+05 1.718945285541768186e+06 3.983689191830494907e+06 5.006808464855551720e+05 -1.110157328495230176e+05 1.227162520524702704e+05 1.197391991609977049e+04 3.294510455148453912e+04 -2.230997185610787710e+04 3.717445406549522886e+04 1.105712598356161106e+04 3.393764593644562410e+04 3.382616960774850304e+04 -1.023884843369953342e+04 3.162046491442810293e+03 2.528181880121655922e+03 2.029452794731951599e+03 1.232429832371696284e+04 2.016146366950144511e+04 3.212028949343605564e+04 5.915139408780895792e+03 -7.236339470804286975e+03 6.678932292592703561e+02 1.641864484698054002e+04 1.182752723035107192e+04 6.583036563128025591e+03 -2.327708050475090204e+03 1.476388333152731684e+04
6.022898593442970887e+05 1.597915533205848478e+05 1.170213534810768033e+05 3.451599373657244882e+02 5.569768171122733038e+05 1.442087316555191530e+06 2.907159501854830305e+05 5.589191146351099451e+04 -3.256663801994900041e+03 5.148355625889682415e+03 2.322003483310765205e+03 -3.063444603069759978e+03 8.890981930058269427e+03 2.481128700183472029e+04 1.153674997062261718e+04 1.460075224121634164e+04 5.722645662465303758e+03 -1.112691001353828369e+03 4.157201081301187514e+03 3.384601455232319495e+03 2.136804152235457877e+03 4.694229723166167787e+03 4.628069897061716802e+03 -5.858948684862408300e+03 -4.307929219200145781e+03 1.479796151647510897e+03 2.512344264281868618e+03 2.676452480790204390e+03 -3.225923677002261229e+03 2.643551910999158281e+02 5.777851859804600244e+05 -2.401408013974905189e+05 2.695612335424231715e+05 -1.027391922944809485e+05 9.668685391008061124e+05 2.483445002432034817e+06 2.597262937442509283e+05 -5.398359093571635640e+03 -3.550789862932841515e+03 2.338831067361171881e+04 2.298570413915433528e+04 2.251451026237700262e+03 3.653433816415747424e+04 5.032007869503490656e+04 2.417134380807650814e+04 2.178324768246183885e+04 7.867448115012408380e+03 4.674835028709368999e+03 1.673142951924840600e+04 4.293569856009910836e+03 -3.514649023794690947e+03 -9.939358418919499627e+02 1.231484505025460930e+04 -1.918727095698664016e+03 7.677978552007875805e+02 -1.962336765422715189e+03 8.338701961177042904e+03 5.959676643077976223e+03 -7.691621937448416247e+03 1.400537992032850525e+03
1.355967646165275946e+05 1.096990399084272940e+05 7.486414349752641283e+04 4.858645463413207472e+04 1.448114380282658094e+05 2.907159501854830305e+05 7.933247547982146498e+05 1.916646644659574667e+05 3.079918443362881590e+04 1.876256723332499678e+04 -8.769726073733048906e+03 2.180379967908464823e+04 -4.976299041411168105e+02 8.777387633579915928e+03 7.910490030184447278e+03 8.011930514769190268e+03 4.214002715737018661e+03 -2.445826509000117710e+02 8.352271327361302610e+03 3.712881329332447422e+03 5.834115311299302448e+03 5.286555163033026474e+03 2.400170989228856797e+03 -5.276893768151008999e+02 1.698676702382657822e+03 3.034877808960620769e+03 3.161245770125485706e+03 3.529253842162421279e+03 9.112726191057181495e+02 1.660286999079413818e+03 4.846614202309901593e+05 -1.110014709012962121e+05 2.182779830314122137e+03 -7.051559686890567536e+04 1.740390779516202165e+05 4.876811243808100699e+05 1.312580043222573120e+06 2.314651588697040861e+05 -4.354477791856629665e+03 1.988092834664379188e+04 -1.041447156189131965e+04 2.342054717445691131e+04 -2.158563131703912586e+04 1.907274654068023301e+04 2.567163356059873331e+04 2.446742201981029939e+04 1.126873447928981113e+04 4.346720902017111257e+03 1.275432064022047416e+04 1.014752533440631123e+04 4.376114350978301445e+03 1.645007021655263816e+04 4.069996338702254889e+03 -5.431279883988005167e+03 -9.593888211206183769e+03 -4.987964149587289171e+02 -1.337235934567939921e+03 1.035954469859271376e+04 4.053923578834122509e+03 7.674125777488322910e+02
-3.976830514476132230e+05 1.554944432052487355e+04 1.465787762414639874e+05 5.667911368485952698e+04 7.966009292781200202e+04 5.589191146351099451e+04 1.916646644659574667e+05 4.863454609844509396e+05 1.160928196658047382e+05 2.788466665601104251e+04 1.226208170587784934e+03 2.180283728561086537e+04 2.172180873748613067e+03 1.021634183820902217e+04 5.961262352099873169e+03 6.575782122306379279e+03 5.858289222904297276e+03 6.435338989758460229e+03 4.694672772791746866e+03 5.364949277282477851e+03 5.858389988734858889e+03 4.030688497699325126e+03 5.145778667925213995e+03 4.825085992195931794e+03 2.150981833395793274e+03 3.474937969656089535e+03 9.163865164596619479e+02 3.302147383651013115e+03 3.332387512769028945e+03 3.731779724415746841e+03 -3.476214063822951284e+05 1.541110251954309060e+05 9.470492502114460513e+04 8.530949587806737691e+04 3.095518086403716370e+04 -7.254446149924659949e+03 2.671114378431761288e+05 7.715517939021569910e+05 1.352833619098201452e+05 2.553073099474641640e+04 1.041816904466266169e+04 2.681835028236445214e+04 -7.053403200217656376e+03 1.812718789470957199e+04 1.960616710155832698e+04 1.018234080402341351e+04 5.543334058217876191e+03 6.213577827148057622e+03 9.936582646314327576e+03 8.874700635450513801e+03 1.911340500528928260e+03 7.880918280505169378e+02 9.934195601262066702e+03 7.363873232633240150e+03 -4.260879344350441897e+03 3.432213728537145016e+03 -2.555684541430907757e+03 4.416795474099703824e+03 -7.607119345050558650e+02 1.171468043444710474e+03
6.911506392598253115e+03 1.251336597754477407e+05 1.042864576812459418e+05 7.217202607483041356e+04 5.904191469087490077e+03 -3.256663801994900041e+03 3.079918443362881590e+04 1.160928196658047382e+05 2.930059863971836749e+05 7.853440316899042227e+04 1.377214014909166508e+04 2.266469245070230500e+03 2.095552890307561029e+03 2.976447276120579318e+03 5.400317091151809109e+03 3.206310150641629207e+03 4.915071668508833682e+03 2.714331223176937783e+03 3.851200847905021192e+02 3.490155659118577660e+03 5.026740333744432405e+02 7.676822518423924748e+02 1.488077236304590997e+03 5.337016318841372140e+02 1.753698605482476296e+03 -1.196142968862606267e+03 1.167311473602045453e+03 1.500937182951759951e+03 3.859860993012234758e+02 2.328258246285468431e+03 2.219871254432746209e+05 2.202934222260153329e+05 1.253306304959414410e+04 9.703103021031567187e+04 1.003786179771512616e+04 -1.871833133560835995e+04 4.955986379708755703e+04 1.859457880567351240e+05 4.533874610895531368e+05 7.598071815141980187e+04 -4.894016748887074186e+02 -5.246027620160363767e+03 -1.324314595965952321e+04 -2.124048477605054359e+03 1.538969285217486504e+04 6.350302734871647772e+03 3.475283391457617654e+03 -5.371415123340706259e+02 5.332159261430881998e+03 7.170474431871281922e+03 2.662205764307319811e+01 2.296547349275170745e+03 6.710481778477656917e+03 -2.019614324020551749e+03 3.339933160586720987e+03 -1.094206414005607940e+03 -2.069844306946306006e+03 1.021008514363775021e+03 -1.692175911570564494e+03 5.496846736005618368e+03
-3.484521712920560094e+04 1.455486158695427584e+05 1.524410267092723807e+05 8.131472576643252978e+04 6.660563450673735133e+03 5.148355625889682415e+03 1.876256723332499678e+04 2.788466665601104251e+04 7.853440316899042227e+04 1.935384618634088838e+05 4.178275265675637638e+04 7.879108514255014597e+03 4.575718249041475246e+03 5.504701674249483403e+03 3.273314354806912888e+03 4.070223314721310089e+03 9.149337710913103365e+03 3.277704475206420739e+03 4.678292163219049144e+03 3.175021509329804758e+03 5.115254231960970515e+02 2.799204527523580055e+03 2.414166477879726699e+03 1.007419002877888147e+03 1.309999862035168462e+03 7.978265431573763635e+02 1.089896173659177521e+03 1.362904096070369633e+03 -8.498454987765483111e+02 -3.118160894331251143e+02 -1.643394172595454074e+04 3.048279257411396829e+05 2.459794197764640267e+05 6.409960728771712638e+03 -1.625255783847039493e+04 1.406205359132145713e+04 6.568562284669636574e+04 5.095670806748391624e+04 1.246538612138566968e+05 2.796736594212770578e+05 3.085735380570753841e+04 -5.078894823759439532e+03 2.072918948108732025e+02 -3.846329440884253472e+03 -9.482031099287675602e+01 5.069022109227797955e+03 1.228518515891493007e+04 2.989919435432097089e+03 6.180228997510811496e+03 6.450590187527436683e+03 3.786186395355610784e+03 3.846176771451621335e+03 7.399447689089084633e+03 3.828971069476357570e+03 2.275590481036581423e+02 -7.012576404033979998e+02 -1.457397040391641440e+03 -1.447741719540425720e+03 -6.916681044632284738e+02 3.045067405128240807e+03
1.097745145555145136e+05 8.547201981873711338e+04 8.245857969878538279e+04 -2.590230276023646638e+03 4.662613053455211229e+03 2.322003483310765205e+03 -8.769726073733048906e+03 1.226208170587784934e+03 1.377214014909166508e+04 4.178275265675637638e+04 1.269161684653781122e+05 2.968283347001678339e+04 3.975736818217307700e+03 3.830787668215259146e+03 2.457179134538474500e+03 2.533105978391102781e+03 4.317241375482776675e+03 3.982915138290332379e+03 1.046993938644895934e+03 2.984770326461734385e+03 1.829329236404539415e+03 2.612636591527861469e+02 9.798278651871798957e+02 5.089030851648510634e+02 5.791916384194398688e+02 1.160844940612133087e+03 1.025876691479674946e+03 1.071589849395725651e+03 2.202792829662528675e+03 1.887789192812512738e+03 3.087632869292300311e+05 2.070557313479467703e+05 1.680866793211940676e+05 -1.134482722186051069e+04 6.790912264522866462e+04 2.028460811205872596e+04 -2.760675779756767952e+04 -5.847017879621159409e+03 1.557081906541344688e+04 6.365252156670267868e+04 1.960551890420747513e+05 3.413649582474890485e+04 -3.432425943627119977e+02 -5.061526529010850936e+03 -1.961969356414968146e+01 1.901330743418000566e+03 3.127125160258218784e+03 7.295955392143335303e+03 -4.256304266029840619e+03 3.064384995149657243e+03 2.074320279858190588e+03 5.354670171928148648e+02 2.366464232760540199e+03 1.798517329006130240e+03 -1.162623611773855600e+03 -1.828611276085451664e+03 -3.368069208177135806e+03 -1.036197998262227884e+03 4.566193019447770894e+03 5.593455829415992412e+03
-6.992770760705175053e+04 1.291345321864257567e+05 8.804496739167021587e+04 3.633721399367772392e+04 1.872976146661074381e+04 -3.063444603069759978e+03 2.180379967908464823e+04 2.180283728561086537e+04 2.266469245070230500e+03 7.879108514255014597e+03 2.968283347001678339e+04 9.402029969631302811e+04 2.714681200671856277e+04 4.528425300051464546e+03 2.575603985946508601e+03 3.419916061780555538e+03 4.854487824196819020e+03 2.243575085573788783e+03 1.800188245776498889e+03 1.622041494692676906e+03 2.475616998581324879e+03 1.259647351295309591e+03 2.109602803322675300e+03 1.643033136124900011e+03 1.123993451465167709e+03 6.142686129503371149e+02 1.005462084590467384e+03 1.587913967220069480e+03 1.384610749985340590e+03 1.283530735515856577e+03 6.712908211049986676e+03 2.610615992075651593e+05 1.742487460088554653e+05 9.072305202284676488e+04 1.395285325117367211e+04 -3.482267848139042326e+04 4.020536366827467282e+04 4.302129293905553641e+04 -1.610596875052101132e+04 7.953835537619517709e+03 4.502711370884085045e+04 1.481293972755379509e+05 3.818748321149864205e+04 6.064378159122748002e+03 4.940451357075227861e+03 -1.378591507284522322e+03 5.065587483513639199e+03 3.061006214822554284e+03 -1.654190198639367281e+03 -3.567893645880004669e+02 2.264219913756425285e+03 2.659074670814818546e+03 1.532148202136227383e+03 1.782424768071446806e+03 7.195490188129857643e+02 5.538153834072071291e+00 -1.614172459355762044e+02 -3.633015143199095860e+02 5.876913025757743299e+02 3.117617666526262497e+02
1.237291500703582715e+05 9.301048100467066979e+04 4.508577383196431038e+04 3.435571654419154584e+03 8.791767598931573957e+03 8.890981930058269427e+03 -4.976299041411168105e+02 2.172180873748613067e+03 2.095552890307561029e+03 4.575718249041475246e+03 3.975736818217307700e+03 2.714681200671856277e+04 6.760136465344010503e+04 1.459475421130510222e+04 2.478778711304506487e+03 1.684645047644323995e+03 2.901175418905768311e+03 6.430208999976467794e+02 1.255229520201200557e+03 1.520522824722430187e+03 1.520617762891486109e+03 3.026765806217009072e+02 1.784808407939017343e+02 5.655622976956730099e+02 1.025587747008678889e+03 -1.153592299345697256e+02 9.983797592644174301e+02 1.277341165154383589e+03 6.131146921098380744e+02 4.331263375214826965e+02 1.753002530921042489e+05 2.715276990225727786e+05 1.099541020129183598e+05 2.772129760673195051e+03 -9.729369490440651589e+02 -1.001519581133048268e+04 5.632359973503800575e+03 3.866231419718763846e+03 -1.699656151434783533e+04 3.419904608997389460e+03 6.418142611398332519e+03 4.898163812670004700e+04 1.087770925947685464e+05 1.293035936260358721e+04 -2.047760516182807578e+03 -4.664070126903508935e+03 -1.973320822818250690e+03 -1.806642559077986789e+03 -1.073357164915996009e+03 1.842449995884997861e+03 1.821735945737472775e+03 -8.143179175510988443e+02 9.077223916493645675e+02 2.945935947436923925e+02 -6.545823712158651233e+02 -1.552181816030593836e+03 5.783976739504842044e+02 -1.549395202604077213e+03 -1.960759273675294708e+03 -1.919175359809444217e+02
1.773413925573683809e+04 8.281340699590064469e+04 3.410555408327958139e+04 2.895256976781313278e+04 3.147244919503475830e+04 2.481128700183472029e+04 8.777387633579915928e+03 1.021634183820902217e+04 2.976447276120579318e+03 5.504701674249483403e+03 3.830787668215259146e+03 4.528425300051464546e+03 1.459475421130510222e+04 5.499932053875476413e+04 1.601791156563933691e+04 3.936065491896325057e+03 1.363915326091487486e+03 1.250894053203701105e+03 2.453124260281077568e+03 2.895686263781701200e+03 7.473935166912502837e+02 4.013159599296520810e+02 1.885379052612280702e+03 3.593616042498406387e+02 4.427718915871369632e+02 7.975805904390148271e+02 1.103177533502162760e+03 5.179473871819134274e+02 4.227502706044434149e+02 -4.681759097842513029e+01 1.310501854965150706e+05 3.713458829042220168e+04 1.047220197236436798e+05 3.341496085089702683e+04 2.240515612118722129e+04 2.214455723042108366e+04 1.305753466946126900e+04 1.139934720887154072e+04 9.966907809792127537e+00 4.156100832574177730e+03 -1.207845182759394675e+03 -4.027099564294582251e+03 1.584578758794905116e+04 7.984373655187913391e+04 1.441662594913494831e+04 -5.761904408338667054e+03 -2.292288605390601788e+03 6.584329849254718425e+00 -7.121530396602043993e+02 3.343080744556043101e+03 -3.210236653027517946e+02 -2.757742997732205822e+03 1.600276747438018219e+03 6.883004883522525006e+02 1.272575171787023692e+03 5.671931148272692553e+02 1.202146809976996110e+03 -4.805821272325555356e+02 -7.469010612886670515e+02 -1.632769231619118955e+03
-5.047336384548676142e+04 5.988175040566352982e+04 6.571616563997291087e+04 2.436710129668230729e+04 2.655026279578254980e+04 1.153674997062261718e+04 7.910490030184447278e+03 5.961262352099873169e+03 5.400317091151809109e+03 3.273314354806912888e+03 2.457179134538474500e+03 2.575603985946508601e+03 2.478778711304506487e+03 1.601791156563933691e+04 4.086966609257026721e+04 8.234850056863993814e+03 3.011857045271066454e+03 1.959962118439151482e+03 1.153302645654846629e+03 2.431231084096130871e+03 1.877547684189835309e+03 2.314513085118785057e+03 2.074771144502770312e+03 1.179117034422768029e+03 1.871306834058935351e+02 7.988305081771518701e+01 1.583830852711499574e+03 1.024646495121574844e+03 3.207065045680368485e+02 8.499796623772106159e+02 7.249637574103182487e+03 1.291263801938846300e+05 6.272849268048007070e+04 1.808545893741759528e+03 1.304581299625013162e+04 8.338600432833218292e+03 4.412180502115769741e+03 1.799754391027585143e+03 5.237458866941112774e+02 -4.991245791672297969e+02 1.229942079231214848e+03 3.977658753776727735e+03 2.846610230062451592e+03 2.160323938290221849e+04 5.909335540883493377e+04 6.657799924252053643e+02 -1.766958526670402080e+03 -1.351417271309598618e+03 -1.974672091468329654e+03 4.043001836194628595e+03 1.743967660452965902e+03 9.445610255593358033e+02 1.122920986535035354e+03 1.304246816006979543e+03 4.599599211820269602e+02 -8.688958045734119651e+02 1.448128657929400106e+03 -7.432669270792006273e+02 -6.158199238374455717e+02 5.890080070690429181e+01
1.907793807334902158e+04 4.208004931601744465e+04 5.127120693529618438e+04 7.684727387075654406e+03 1.459991810386626639e+04 1.460075224121634164e+04 8.011930514769190268e+03 6.575782122306379279e+03 3.206310150641629207e+03 4.070223314721310089e+03 2.533105978391102781e+03 3.419916061780555538e+03 1.684645047644323995e+03 3.936065491896325057e+03 8.234850056863993814e+03 3.344416161267383723e+04 8.032003988259571997e+03 1.788311753604115211e+03 2.436743229810906087e+03 1.465754307118668976e+03 1.202644492251789643e+03 1.937628435354306930e+03 1.453395630893084672e+03 1.167632726668788109e+03 1.191787579484718208e+03 7.484278175242812381e+01 7.384835585080635383e+02 4.695697912003848273e+02 1.610502150419684426e+02 1.176511077759812167e+02 2.966972535059219445e+04 1.354657706241675769e+05 2.253117175721796593e+04 -3.966546002686263819e+04 -2.741905279960897133e+03 1.803522807169774524e+03 1.958249188308613520e+04 1.290831183391615014e+04 -8.708029468476308921e+02 1.069841888375692633e+03 6.243763649145997078e+03 4.703922471761408815e+03 -9.525499615345631810e+02 6.121310214488706151e+03 1.043219257140218906e+04 4.654888161460634728e+04 7.883916317982588225e+03 -6.446166416008917111e+01 3.372492532445804045e+03 3.526991328107481877e+03 2.724420999824188584e+03 9.967073757701226668e+02 4.529269697909905972e+02 1.313610088870177321e+02 1.987001735743835525e+03 -4.319973799936183241e+02 9.176844084012919893e+02 1.087273014107617428e+03 3.832931592470365558e+02 5.811873787113354410e+02
1.153355905795480248e+04 3.433868748856211459e+04 1.080595014829195316e+04 2.295241655126517799e+04 1.562987104618394551e+04 5.722645662465303758e+03 4.214002715737018661e+03 5.858289222904297276e+03 4.915071668508833682e+03 9.149337710913103365e+03 4.317241375482776675e+03 4.854487824196819020e+03 2.901175418905768311e+03 1.363915326091487486e+03 3.011857045271066454e+03 8.032003988259571997e+03 2.717893175005270314e+04 6.815534316587918511e+03 3.179551453926452723e+03 2.302207109620478604e+03 1.839580452587768377e+03 1.646131831936333811e+03 1.720109587828692156e+03 1.288254665483512326e+03 9.211910249414676173e+02 1.257510710393826230e+03 1.367431042144087314e+03 1.031190859730952752e+03 6.045718281746046614e+02 3.918403688230730495e+02 7.569669283931686368e+04 1.821826585848104151e+05 -9.056307953618857937e+03 -1.770368924379551754e+04 6.628513148398923477e+03 4.580339702786992348e+03 7.661936476381450120e+03 6.733445308441759153e+03 8.281097078273631269e+03 1.024326435740149645e+04 1.100653421691424046e+04 1.300202769187630838e+04 1.734036351288425067e+03 -1.408655515145776235e+03 7.878513188396667829e+03 9.707581170967059734e+03 3.819768927600324241e+04 5.994847623468050188e+03 3.412752947622831925e+03 2.749094448112633927e+03 3.129277798357438769e+03 2.668404493389200979e+03 2.358643970903664467e+03 2.404867370902511993e+03 3.956176162675287742e+02 1.652205820848958410e+03 1.841760232600151085e+03 7.481596972647242865e+02 1.282581997782270946e+03 1.203803564699238677e+03
-5.127543010092061741e+04 1.069543646899299711e+04 3.257489249918781934e+04 3.021574426046908775e+04 1.758574703697674340e+04 -1.112691001353828369e+03 -2.445826509000117710e+02 6.435338989758460229e+03 2.714331223176937783e+03 3.277704475206420739e+03 3.982915138290332379e+03 2.243575085573788783e+03 6.430208999976467794e+02 1.250894053203701105e+03 1.959962118439151482e+03 1.788311753604115211e+03 6.815534316587918511e+03 2.141679728601512397e+04 5.470231154599338879e+03 1.013859665943571144e+03 1.363847194322013365e+03 1.032884914563251186e+03 1.129780961553228963e+03 6.979649486412143915e+02 3.738469520546404965e+02 3.974807516335553146e+02 8.698693595490242387e+02 7.127933980135386491e+02 7.164790943123895204e+02 3.331875145868730215e+02 -7.939819233804127725e+04 6.567342117689088627e+04 2.148746701695157753e+04 3.184483336607491219e+04 1.292119118221723511e+04 -2.960508439386986356e+04 4.638508895457143240e+02 1.586046727869180904e+04 9.596794078829067075e+03 4.415185193941802936e+03 7.100703248503102259e+03 4.267101946935488741e+03 -5.245374632038835898e+02 2.012821067752402541e+03 2.020815211582253369e+03 1.059055874362429449e+03 7.446550824039945837e+03 2.971991259231534059e+04 6.418484096107102232e+03 5.031479938439262583e+02 5.392053852355759318e+02 2.270030840674743331e+02 1.548804921503382275e+03 5.081278468261671577e+01 -2.803451098414248008e+02 -7.630380164872404691e+01 1.039016731285292053e+03 2.551905012056764122e+02 1.682071851306563758e+03 3.465847092458175212e+02
-3.003034471906156250e+04 2.461527021945449451e+04 -1.156527423362202853e+03 3.829241372997061717e+03 8.000836306771175259e+03 4.157201081301187514e+03 8.352271327361302610e+03 4.694672772791746866e+03 3.851200847905021192e+02 4.678292163219049144e+03 1.046993938644895934e+03 1.800188245776498889e+03 1.255229520201200557e+03 2.453124260281077568e+03 1.153302645654846629e+03 2.436743229810906087e+03 3.179551453926452723e+03 5.470231154599338879e+03 1.805251579510687225e+04 5.348694522511541436e+03 1.478986122132671881e+03 1.315801198893454512e+03 1.242838014464533671e+03 1.054670541683297188e+03 4.832675703956504094e+02 3.295995051472106638e+02 9.517944990311158335e+02 5.752280914829010499e+02 5.799443697517381224e+02 2.621087483701110727e+02 -1.561719074494327651e+04 7.908492826035385951e+04 1.080762472390902258e+04 1.045730283121273351e+04 4.805451833256386635e+03 -1.087715336024288263e+04 -7.644930851335195712e+02 1.031727316000921564e+04 2.258784519469314091e+03 7.576888998389526932e+03 3.245306208345699019e+02 2.147209526599896208e+02 1.680479791159302522e+03 1.947466663906038491e+02 -2.503319637519097796e+03 2.556593108838407261e+03 2.905410993529729694e+03 3.634524358065220440e+03 2.449209927180323575e+04 6.003826965506314991e+03 4.944133329160634389e+02 1.795440225998351480e+03 2.119514192200843809e+03 1.060906763817157525e+03 3.173247341707613032e+02 -2.130518587953586405e+02 3.459165837991160970e+02 4.756804447666208375e+02 1.110328643472935710e+03 1.795439920257560402e+02
-1.995834881288430188e+04 6.161238895903588855e+04 -2.544163004887356692e+03 1.812260690586752753e+04 5.049299979376818555e+03 3.384601455232319495e+03 3.712881329332447422e+03 5.364949277282477851e+03 3.490155659118577660e+03 3.175021509329804758e+03 2.984770326461734385e+03 1.622041494692676906e+03 1.520522824722430187e+03 2.895686263781701200e+03 2.431231084096130871e+03 1.465754307118668976e+03 2.302207109620478604e+03 1.013859665943571144e+03 5.348694522511541436e+03 1.439301466518825509e+04 4.305793581554535194e+03 6.747542644674604162e+02 6.099404253001408733e+02 1.413972377837348176e+03 1.889746769799564561e+02 2.499664231758562210e+02 1.023583319474966970e+03 8.535472346479032240e+02 2.958547042119805042e+02 4.865105554231693645e+02 -1.360299699098733981e+04 5.301860651109198807e+04 -3.549770542444511375e+04 2.108231771773551009e+04 4.005820105919458001e+03 -6.727301886099398871e+02 1.040829729328345820e+03 3.634516495803203270e+03 3.043657842290714143e+03 4.430098937712833504e+03 3.570216224615097417e+03 -2.437751447598569030e+03 -1.256458796527312415e+03 3.978018141340654438e+03 1.784281788872534435e+03 -6.957701441441769248e+02 3.028519881269912730e+03 -9.808400035604942104e+02 6.156616980009258441e+03 2.166547140655130352e+04 4.755758586651526457e+03 -4.202168167633471967e+02 2.491520346621670257e+01 9.927370537169502995e+02 -1.168627468815982184e+03 4.535462780543770691e+02 1.204428407557288210e+03 3.868193764060250146e+02 -7.274904520922966640e+02 -1.527589607182718225e+02
-3.153195827441113943e+04 3.740453408095753548e+04 7.617497776593276285e+03 1.985332692189845693e+04 6.855487875864884700e+03 2.136804152235457877e+03 5.834115311299302448e+03 5.858389988734858889e+03 5.026740333744432405e+02 5.115254231960970515e+02 1.829329236404539415e+03 2.475616998581324879e+03 1.520617762891486109e+03 7.473935166912502837e+02 1.877547684189835309e+03 1.202644492251789643e+03 1.839580452587768377e+03 1.363847194322013365e+03 1.478986122132671881e+03 4.305793581554535194e+03 1.233878710313335614e+04 3.543322008609837667e+03 1.032605874376046359e+03 1.003345053818342990e+03 4.213579307931003086e+02 4.752183634530912286e+02 6.151695352143869968e+02 5.285634237737051535e+02 7.184784096507742106e+02 4.245622533730494865e+02 5.463785288646422123e+04 2.885966654815575384e+04 -3.641340141474230768e+04 1.902940168022235230e+04 3.873010695149812364e+03 -1.727055050269327694e+04 9.551329306524718049e+03 7.468645925962990077e+03 -4.542619583500448243e+03 -1.463809360321596614e+03 1.991682344688923195e+03 3.292526229851780499e+03 4.089913062720710286e+02 -2.222707144142220841e+03 2.558635482578074971e+03 1.311899719538076170e+03 2.338976766080832476e+03 -4.701100388068000058e+01 1.646651629307648591e+03 5.987767006510215651e+03 1.608981695236837550e+04 2.330333466032924662e+03 9.229165594886493409e+02 5.747168870089918755e+02 -1.115445000772266894e+03 -8.747178724037045185e+02 -1.140045637612269729e+03 -6.128592664529586500e+02 7.185117443864836559e+02 -1.656226282538588350e+02
-2.825627926436400594e+04 1.138457454760445762e+04 1.481498239169690532e+04 1.010858589462667805e+04 1.217882479062593848e+04 4.694229723166167787e+03 5.286555163033026474e+03 4.030688497699325126e+03 7.676822518423924748e+02 2.799204527523580055e+03 2.612636591527861469e+02 1.259647351295309591e+03 3.026765806217009072e+02 4.013159599296520810e+02 2.314513085118785057e+03 1.937628435354306930e+03 1.646131831936333811e+03 1.032884914563251186e+03 1.315801198893454512e+03 6.747542644674604162e+02 3.543322008609837667e+03 1.078977862661329709e+04 2.676724115159663597e+03 3.515292247086687780e+02 2.186855498137673237e+01 7.918524124499026584e+02 7.687924532104417494e+02 1.310242234429381085e+02 -1.497108284662166433e+01 -2.810274148420420488e+02 3.340742987741143588e+04 1.633537602700256502e+04 1.402954023374526150e+04 -1.559433317520291166e+04 2.566917368047451600e+04 -7.179660671277210895e+03 4.046218763235961433e+03 2.997104813632610785e+03 2.925638798771523398e+03 6.039950620716133926e+03 9.702734400561051871e+02 2.997914913378514484e+03 1.140329036679950008e+02 -1.804066332880828895e+03 5.086940342870281711e+03 2.740550546340643905e+03 3.052894258399165665e+03 2.173617770544052291e+03 1.518007068117584595e+03 2.782215899543595015e+02 5.395302808265828389e+03 1.563307376294292590e+04 3.230719435808334765e+03 3.306871161900456286e+02 -2.735441670280545736e+02 1.099995887333827511e+02 -1.347168021745586941e+02 -5.313977313507865574e+02 -2.848110360717122376e+02 -6.183843754934630397e+02
1.625749970109748392e+04 1.648773373545098366e+04 -2.744457641211954979e+03 8.219310044374558402e+02 5.601437620914707622e+03 4.628069897061716802e+03 2.400170989228856797e+03 5.145778667925213995e+03 1.488077236304590997e+03 2.414166477879726699e+03 9.798278651871798957e+02 2.109602803322675300e+03 1.784808407939017343e+02 1.885379052612280702e+03 2.074771144502770312e+03 1.453395630893084672e+03 1.720109587828692156e+03 1.129780961553228963e+03 1.242838014464533671e+03 6.099404253001408733e+02 1.032605874376046359e+03 2.676724115159663597e+03 9.521278911244664414e+03 2.737553473389522878e+03 7.206755314148676916e+02 4.612755727567040935e+02 4.923716729610211473e+02 5.866105380056239937e+02 3.447427994990363231e+02 4.564772407175784110e+02 2.194689691842807952e+04 3.692151698547789420e+04 -4.942692842661709619e+03 -1.797667145503448046e+04 2.838262376224715354e+03 -7.778443227846538321e+03 -6.690372386132917200e+02 8.255294714400268276e+03 1.811038828453757105e+03 1.947597857540435143e+03 -2.291554161856302926e+03 5.430090443232759299e+02 -2.084931884291575443e+03 1.871851511285227389e+03 3.763596093923638364e+03 1.401736608009360680e+03 3.075797340307857667e+03 2.021406769597306948e+03 1.397462905085036482e+03 -5.147150226879412003e+02 1.218901067470296312e+03 3.431027176094891274e+03 1.397825755561434926e+04 2.609715616062351273e+03 5.732774088999096875e+02 1.822061179934935069e+02 9.325535398110348240e+01 1.456648313179649108e+02 -3.228889929182878404e+02 -3.786453096551854713e+01
-1.319458937352687099e+04 4.046175185475721264e+03 8.869996392430321066e+03 6.948886985800581328e+01 -1.701339637374205722e+03 -5.858948684862408300e+03 -5.276893768151008999e+02 4.825085992195931794e+03 5.337016318841372140e+02 1.007419002877888147e+03 5.089030851648510634e+02 1.643033136124900011e+03 5.655622976956730099e+02 3.593616042498406387e+02 1.179117034422768029e+03 1.167632726668788109e+03 1.288254665483512326e+03 6.979649486412143915e+02 1.054670541683297188e+03 1.413972377837348176e+03 1.003345053818342990e+03 3.515292247086687780e+02 2.737553473389522878e+03 8.589254031088530610e+03 2.770481811858558103e+03 5.494529954617153180e+02 6.004632395657177995e+02 5.092432928518738890e+02 4.177994837365120020e+02 3.876186362811615140e+02 -5.200504480665635492e+04 3.185544415896475402e+04 3.781705238439335517e+04 -4.960776297386906663e+03 -1.877919543348517436e+03 -1.385901722449849876e+04 4.230522490711484352e+03 1.022536012482023398e+04 -3.716604242057398551e+03 1.904739267195945104e+03 -1.279581871922288201e+03 2.076012538463208330e+03 7.755146397192581844e+02 -7.082548393703565353e+02 2.767195991420121572e+03 9.301642331761483717e+01 3.251107485830077621e+02 -4.369526896471855935e+02 6.348941907655481600e+02 2.687658305357536392e+03 1.832434289947624166e+03 -5.461682003399159839e+02 2.594153419343369478e+03 1.069241132122277486e+04 2.600821980123646881e+03 -1.021921186865060804e+03 -3.660549610675649319e+02 9.126578934084163848e+02 2.319717035136414722e+02 -2.013511763397272318e+02
-2.212383676439493740e+02 3.163952361234993077e+04 3.692252100266663462e+01 -3.035549408277805469e+03 3.878322849670411870e+03 -4.307929219200145781e+03 1.698676702382657822e+03 2.150981833395793274e+03 1.753698605482476296e+03 1.309999862035168462e+03 5.791916384194398688e+02 1.123993451465167709e+03 1.025587747008678889e+03 4.427718915871369632e+02 1.871306834058935351e+02 1.191787579484718208e+03 9.211910249414676173e+02 3.738469520546404965e+02 4.832675703956504094e+02 1.889746769799564561e+02 4.213579307931003086e+02 2.186855498137673237e+01 7.206755314148676916e+02 2.770481811858558103e+03 8.104055949358463295e+03 2.365487147889303287e+03 6.452071574486024019e+02 6.465448923501282934e+02 2.805978877571237149e+02 2.567242831552507027e+02 -1.824693195447053586e+04 5.286407906798350450e+04 -5.541932048935153944e+03 -1.255475297767722259e+04 6.652545802283332705e+03 -1.697029565623428789e+04 6.749056103052545950e+03 7.681593135047457508e+03 1.570187267464027627e+03 1.471863341359253354e+03 -1.792139093113297577e+03 -3.783657752471298750e+02 1.671349801384216562e+03 -1.518362081986774001e+03 -1.967686842684020576e+03 2.035035732956522452e+03 1.201418543169837903e+03 3.508709710432634665e+02 1.397342748356283026e+00 1.622693187919607908e+03 1.228638010914138704e+03 1.471350536052197242e+02 2.925612548936111921e+02 2.798778475388978677e+03 1.134112111404288225e+04 2.602966939293468386e+03 2.061868647618824752e+02 1.136494971107707897e+03 4.405634505804324021e+02 3.295447146071257549e+01
-3.313033340403454349e+04 1.264974120854733337e+04 2.815438387064137714e+03 9.085100990925468068e+03 6.896599121085611841e+03 1.479796151647510897e+03 3.034877808960620769e+03 3.474937969656089535e+03 -1.196142968862606267e+03 7.978265431573763635e+02 1.160844940612133087e+03 6.142686129503371149e+02 -1.153592299345697256e+02 7.975805904390148271e+02 7.988305081771518701e+01 7.484278175242812381e+01 1.257510710393826230e+03 3.974807516335553146e+02 3.295995051472106638e+02 2.499664231758562210e+02 4.752183634530912286e+02 7.918524124499026584e+02 4.612755727567040935e+02 5.494529954617153180e+02 2.365487147889303287e+03 6.425634350358018310e+03 2.164247531947949938e+03 5.058589590047184856e+02 3.674728313703632807e+02 4.193328384857833839e+02 -2.594429236284529907e+04 3.384834185589093249e+04 1.796364312221597720e+04 3.445983102112025790e+03 -2.824710884548429021e+03 -5.557631900745485837e+03 -3.218625123327961774e+03 8.084526879882747380e+03 -4.721130123984964484e+03 4.376914784942825065e+01 1.803675043232364942e+03 -2.501911542598450922e+02 2.000199397147745231e+03 -1.327816463573049077e+02 3.890373532467834252e+02 1.396030258013916409e+03 3.059568603177836394e+03 3.011200320154771930e+02 -8.484214960738540867e+02 1.358368772365605992e+03 2.918395139846896882e+02 1.390656994143752854e+03 1.154621003728598680e+03 6.794033536248788323e+02 2.386346378258931964e+03 8.709633063879580732e+03 2.063551721727844324e+03 3.147622660669389916e+02 -4.184506151168689598e+02 -1.790448088453796061e+01
