7.795829207442635298e+07 1.325459542855009809e+07 -1.192334489570932463e+06 -5.212581079658584786e+05 -1.178688801311251736e+05 4.014359930258115055e+05 2.897020449125845334e+05 2.397787591550248617e+05 2.599181560830450617e+05 2.327439555839035893e+04 -3.248130917969051006e+04 -5.376829317799139244e+04 5.769133595053582394e+04 4.952393325009313412e+04 -3.080950066353478178e+04 2.569308643387772827e+04 1.101506944745185683e+04 -2.534724380493339413e+04 -1.624948961505951047e+04 2.334313205359813946e+04 -1.391555044572807856e+04 -1.791042265292457523e+04 -3.324197010917490843e+04 1.713327392126183986e+04 -3.749275215765528264e+04 1.017075076098972431e+03 6.742960455166158681e+03 2.270316486525467553e+04 -1.168215998864762514e+04 -2.163055199575946608e+04 3.688092569793158025e+07 5.069504368174364790e+06 -3.548651516023369506e+06 -8.409038044434299227e+05 1.429841972464527236e+06 8.667680784987853840e+05 6.143936340195165249e+05 3.744065757806905312e+05 1.696902361215651617e+05 -1.335884043688920792e+05 -7.125740693281768472e+04 -2.033029749999093183e+05 -2.132239145175063459e+04 1.454352569304635981e+05 -1.440521636461652233e+05 4.249594576197188144e+04 6.056645271718436561e+04 1.328079549346189888e+05 4.050869214230161742e+04 1.943989913093882205e+04 9.834094146351356176e+04 3.463124996976459079e+04 -1.074179128092895699e+05 -1.928843425162889253e+04 2.498279376836048323e+04 3.093307814146883175e+04 -6.269102186849909776e+04 1.249152580755609961e+04 -7.385543404389805801e+04 -3.209325269598631348e+04 -3.836088236087807454e+05 2.195907258496148512e+06 1.785393691046898020e+06 -2.344584126850955188e+06 -3.508379201215698849e+05 5.852302479617726058e+05 -4.423383859303281642e+05 5.120636746304535191e+05 4.877294834552099928e+05 5.124993351316649932e+05 3.869850382648117375e+05 4.953559768233460636e+04 -2.234947134027131542e+05 8.936749519344403234e+04 2.096187285623737625e+04 1.813143939178992878e+05 1.472398002026591566e+05 -5.875346246207722288e+04 -3.656144989174683724e+04 3.282921490490493306e+04 4.281140486827066343e+04 -4.551871019938061363e+04 -5.035897057497833885e+04 -6.746523814889186178e+04 4.033972062222002569e+04 1.197253421485197759e+04 3.334019874611836713e+04 2.559230900786943675e+04 -5.184431085379653268e+03 -5.900834401362131030e+04
1.325459542855009809e+07 2.675504027635598555e+07 3.210528728724873159e+06 -1.833193261576676159e+05 2.370196718188023369e+05 2.277833425279766961e+05 8.441049123654676077e+04 6.705426688551617553e+04 3.816621420142292482e+04 4.044471377910202136e+04 2.966867858368346788e+04 -4.684641843777506438e+03 1.232408985523050069e+04 -4.233222506361449632e+04 1.160549163049020763e+03 1.482938005913848792e+04 1.392379104603827363e+04 -3.108638945757415968e+02 -3.035396140469259990e+04 8.696815980751165625e+03 -1.162219685264403415e+04 -1.721419742654708898e+04 2.183208223117715988e+03 1.466324769171267144e+04 5.700035219662468080e+02 8.340749907478833620e+02 3.706622759520309955e+03 -8.071616378064053606e+03 -1.378584690080904011e+03 4.280611613835177195e+03 1.448307650203211978e+07 2.545002646289174631e+07 2.683475264985729009e+06 -3.421368876433784026e+05 2.557925097752173606e+05 5.920045357384351082e+05 3.123386317069569486e+05 2.853421997010574560e+05 2.269954550550358545e+05 7.852827698299578333e+04 9.836702905518545595e+04 -6.213824106551314617e+04 -4.188830607170472649e+04 -6.975781896315612539e+04 -6.381786686071961594e+04 9.032058993230934720e+04 1.399764562793217483e+05 2.449505674069703673e+04 -6.791541355463206855e+03 4.042636976907873031e+04 1.558124907513838480e+04 6.958830844256081036e+04 -6.886834724170218396e+04 -6.003873921369639720e+04 1.559992796376484512e+04 2.203349880379456590e+04 -9.193957391861100405e+03 4.255831818124675920e+04 3.225392099794571095e+03 -2.118227623034817589e+04 2.358712785358622670e+06 4.939681031981121749e+06 -7.408406943622698600e+04 -4.575334539878180949e+05 7.691429368388214789e+04 1.909529021318739688e+05 -3.586793172447051620e+05 -4.930754417829855229e+05 -3.268611837982321740e+05 9.873522251378875808e+04 1.594826102501743007e+05 -4.156336241540627816e+04 -1.962890555552702281e+05 -9.424125613561227510e+04 -1.426714672363107966e+05 9.315191927824608865e+04 7.469826019321667263e+04 -4.132774810668849386e+04 2.865711700889721760e+04 6.371542408168958355e+04 5.497370743375855818e+04 7.957333827107257093e+03 3.759658664167443203e+04 -7.186966964894274497e+03 1.061382899214149120e+03 2.509875858073875497e+04 1.467935599528953207e+04 -1.299140757901575125e+04 2.275016739581097136e+04 -7.956753167507627040e+03
-1.192334489570932463e+06 3.210528728724873159e+06 7.760901824771797284e+06 1.208243273775212234e+06 1.391494256739375996e+05 1.349210473684578610e+05 2.402617727658153672e+04 1.075052698587588820e+05 -4.911403131386091445e+03 4.475423635562841810e+04 1.993686966281378409e+04 6.301942417828237012e+03 -8.781797460171366765e+03 -1.049528994712264466e+04 1.780431337659399287e+04 1.007652918741913163e+04 1.431669822778401249e+04 1.326244510586218712e+04 -5.429971075914214452e+03 -2.516820101020230140e+03 -6.914597990955098794e+03 8.254565219716627325e+03 8.643472985548612996e+03 -5.154285973711759652e+03 2.560803352213722519e+03 -1.316975104540590564e+02 -8.341371119805827448e+02 -5.689375155417395945e+03 -8.079975786227033723e+02 -1.996916313301629089e+03 2.064076218290504185e+05 4.562794036131259985e+06 7.429619633436723612e+06 7.114022831858240534e+05 -4.833589923323179391e+04 1.851485688872538158e+05 1.507988106597889782e+03 2.251818303074581127e+04 -6.095304040136504045e+04 1.019360798642342124e+05 4.955408537946891011e+04 -1.696536964621793913e+03 6.904871543732336431e+04 6.794668860937650607e+03 -1.558736418921343829e+04 7.608276141499061850e+03 3.170991377651604853e+04 1.538168567313948915e+04 1.354679526602391888e+04 1.690418456122998759e+04 9.586934444485983477e+03 8.226548428561236506e+03 2.414847022292144175e+04 2.274997677191817274e+04 9.658963534891579911e+03 2.483958690150203984e+04 7.663578651121609255e+03 1.285578794404767723e+04 7.849279628052591761e+03 7.651371901938923656e+02 1.258413870196396718e+06 3.186890992416808382e+06 2.111744887157090940e+06 -1.110305761937731644e+06 8.100332299740238523e+04 -2.190424514913376479e+05 -1.727643288743354497e+05 -4.053435253010996385e+05 -1.539446259425125609e+05 2.036326302273187321e+05 5.087984409660607344e+04 1.042704967766974878e+05 1.155657632321430574e+05 3.957150359706297604e+04 -3.771374404064591204e+02 2.177569664477987317e+04 8.094067202177145191e+03 -9.994957736977847162e+03 -1.975194281285030229e+04 -6.310999390457791014e+04 4.559720845570837810e+03 -3.309573038973400799e+03 4.393396688700190680e+03 4.820123680861830508e+03 4.757649006396758523e+03 -5.952883497865325808e+03 9.515008321362425704e+03 -4.112752516217708944e+03 1.850804947876336882e+04 -8.052650895842084537e+03
-5.212581079658584786e+05 -1.833193261576676159e+05 1.208243273775212234e+06 2.969226239611858036e+06 5.060275627925448352e+05 1.474153025154359784e+04 4.930897105476457364e+04 5.960028129857670137e+04 4.731507589106385421e+04 2.778323518495536700e+04 -7.583912629188516803e+03 -1.335879482816618838e+04 -1.262577929415139988e+04 -1.292926529053381637e+04 -2.351330106289115975e+03 4.991071556622834578e+03 -6.753644218531770093e+03 1.334965169839933878e+04 9.210400233880935730e+02 -7.226637104315938132e+01 -5.151266843701665493e+03 3.425505057597260020e+03 8.275522991393459961e+03 8.809560905418219363e+02 4.786578035757675025e+03 4.254393173223073063e+03 -2.699322329955820351e+03 1.469627723891732785e+03 7.482252765824103335e+03 4.064419389138084171e+03 -6.079175533134475118e+05 5.016491444435137673e+05 1.266446329951987369e+06 2.930469426296420395e+06 4.152170883533752640e+05 2.163736303660431804e+04 -3.851471555514438660e+04 -4.578688556777827034e+04 2.249764897369487880e+04 5.420824855550592474e+04 -1.310637140184367126e+04 8.295685839811714686e+03 -2.557033770558496690e+04 -1.776095439894450465e+04 6.495496650718537239e+02 2.529752918328449960e+04 2.291244602188711724e+04 4.895647166724073031e+03 -2.302583178730209056e+03 -1.004026040969897258e+04 1.885592640473528263e+03 -3.492703283864436798e+03 2.916555727430272327e+03 -7.721694292971998266e+02 -8.631771042927653980e+03 -8.822712441638144810e+03 -1.179460195639092308e+04 1.429150032633916635e+04 -1.645594480537984737e+03 -4.551528795995594010e+03 7.314502166567728855e+05 1.450714104247889714e+06 1.031578720845903037e+06 -3.168423577833137824e+05 -2.221899103912001010e+05 -6.018987941096075519e+04 -9.533207158817215532e+04 -7.023946968490121071e+04 -5.020858289395909378e+04 -7.745086211180730606e+04 -4.166023807981929713e+04 1.055226145502785039e+04 -8.866438382881457073e+03 1.617372060407526624e+04 -2.615583076221525516e+03 -2.063155523963863379e+04 4.023056389380520613e+03 -2.002509002070960560e+04 2.916911420708131573e+03 -5.274780141715239552e+03 8.279114399511579904e+03 4.412695921853821346e+03 -1.019114377208212318e+04 7.009308346734990664e+03 8.305942462491406332e+03 2.059497818498656670e+03 2.111668511233503887e+04 -9.299990221318165595e+02 3.285030473208028525e+03 8.307553009013596238e+03
-1.178688801311251736e+05 2.370196718188023369e+05 1.391494256739375996e+05 5.060275627925448352e+05 1.330128199650429422e+06 1.865964737173088652e+05 -3.925319993433453874e+03 1.430909416428409349e+04 2.137225352851863136e+04 5.317792871956581621e+03 2.879618737223798689e+03 1.216664607638143571e+04 1.920994312097516058e+03 2.809819877015851944e+03 -3.938185640200752005e+03 5.437195073813315503e+03 1.871661735330097144e+03 3.565933775988694379e+03 6.892921264027352208e+02 -1.250079737795211258e+03 -1.574361687937545412e+03 -1.814135878399625881e+02 6.732367983160812400e+03 1.926654619087222045e+03 -2.033932533019713560e+02 -1.521137314848529627e+02 2.983789955392869160e+03 1.831065232650609460e+03 3.354818964324684202e+03 1.826168522972712708e+03 1.322997365462022208e+04 1.236904790445836959e+06 4.149267247619960108e+05 7.047771470294127939e+05 1.336909136917137774e+06 2.185352043073085370e+05 -7.751793309927801602e+04 -3.422635606152482796e+04 4.206637620923059148e+04 3.499628160465188557e+04 2.881154192588465958e+04 -1.403785973605599611e+04 1.880589641680083514e+04 -2.421315158665917352e+03 -3.160807409669525327e+02 -3.739720623126488590e+03 1.267814171619895569e+04 -7.147323326875376779e+02 1.350779323083046620e+04 4.344308478399671912e+03 -1.210018264863078912e+03 -2.765756826647119397e+03 6.640388794140563732e+03 1.562058415271030981e+03 -1.034124706458119726e+04 1.967892193063176194e+02 -7.827488205673306766e+03 5.141961171686490388e+02 3.985562175282863791e+03 -7.313353367048627661e+03 5.082383198790114257e+05 8.384534301628868561e+05 1.976129704465754912e+05 -3.692200249556646449e+05 1.512441880088851321e+05 2.166002679692250240e+04 -5.064818875396060321e+04 -9.390416961659482331e+04 -3.097404408632662307e+04 -5.217124380482858214e+03 3.573170134545648034e+04 -5.780530500372772804e+04 3.065395901964468794e+04 6.412478605060892005e+04 1.648716033868350451e+03 1.552412245026802566e+03 2.781197356350055270e+04 7.090023781885406606e+03 7.449493154400130152e+03 8.637235239323248607e+03 2.362859584043442737e+03 5.013004462593509743e+03 5.833031096672877538e+03 -1.031088992938148294e+04 -9.639624501556900213e+03 -3.277631336769086374e+03 1.557103457879414964e+04 -3.352825207832940578e+03 3.880820496093469501e+03 -8.742391407738901762e+03
4.014359930258115055e+05 2.277833425279766961e+05 1.349210473684578610e+05 1.474153025154359784e+04 1.865964737173088652e+05 6.406686902256284375e+05 9.383948163342013140e+04 1.798410880827455912e+04 2.897550600674643283e+04 -1.404265571482781161e+04 -1.310841249025484649e+04 1.531479256700408996e+03 -2.880603486953544689e+03 1.609137520788754273e+03 2.027788963489074831e+03 -1.049763845186539811e+03 2.053840221276740976e+03 1.670601339364701062e+03 2.311945322358964859e+03 3.231652823138469103e+03 5.081936463979967812e+03 5.094966342138775872e+03 2.646650934126810171e+03 1.505657088556893370e+02 1.262603912137142061e+03 -1.835902969663416116e+02 4.667738470010257856e+02 7.343305723584682028e+02 3.028765496603936754e+03 -8.867964661696344137e+02 -9.816107644555940351e+04 -5.306147926743370044e+04 3.158207149216453545e+05 -4.452296765731787673e+03 2.346435070072756207e+05 5.105225161115304800e+05 1.102457838411197008e+05 5.177665834040983464e+04 4.427768624350543541e+04 7.395416102414988927e+03 -6.467192101641485351e+03 -4.309772409332086681e+03 6.334309521608645809e+03 -4.845666776832148344e+02 3.777231898832413663e+03 3.976176910270482495e+03 -2.034701474913520315e+03 3.057918998674339491e+03 6.448003702990278725e+03 1.243304176441050004e+03 4.661634689440153124e+03 3.197403952113301330e+03 3.272599478629990699e+03 5.151260038990993053e+03 5.224517416219423467e+03 9.406328500511144739e+03 7.294851089187513026e+03 5.599049291463106783e+03 6.759766742511773373e+03 1.064847162514651700e+03 5.071314304904868186e+04 3.470074788899139385e+05 1.102798305828856974e+05 -2.016263105874244357e+05 -3.105669538479736002e+04 9.780249112516723108e+04 -4.080123010735283970e+03 -3.059039849265978046e+04 3.470481994725241748e+03 3.655302626442340988e+04 2.504855883285338496e+04 -9.426419705095811423e+02 1.650037427998838757e+04 1.673231666220733314e+04 1.279866066642166697e+04 1.676159309127464894e+03 -2.696359541201403772e+03 -1.650119099904049290e+04 7.090711936802949822e+03 6.700473685373410262e+03 1.759003847671174663e+04 5.177379996710938940e+03 2.887187556332041368e+03 6.133077171512257337e+03 4.817498107406684539e+03 -1.564454162761751604e+03 6.614067968623065099e+03 1.561267278648675529e+03 1.839801524747807662e+03 -3.507662304722872250e+03
2.897020449125845334e+05 8.441049123654676077e+04 2.402617727658153672e+04 4.930897105476457364e+04 -3.925319993433453874e+03 9.383948163342013140e+04 3.864832301183479140e+05 6.880726264028156584e+04 1.412588678855041326e+04 1.704824176955899702e+03 4.550958960610152644e+03 -2.489552128930457002e+03 2.407376210912083479e+03 7.503331651281650920e+03 8.741563380074454471e+03 6.045538973324097242e+03 3.484849805459707568e+03 1.464290829606716443e+03 4.484195097378425999e+03 6.498657542573519095e+03 2.761919473910402758e+03 -3.469140488226364027e+02 2.677921081391464213e+03 2.114889411442664823e+03 1.454676547577769497e+03 6.601424356024845110e+02 -1.708884098624305352e+03 -7.483882252340290506e+02 2.859389315881640528e+02 9.385043816410117188e+02 -1.129836455253221066e+05 -5.896479723433087929e+04 -9.509444372515163195e+03 3.942901510235947353e+04 4.087338707170822454e+04 5.495278320861609973e+04 3.751837958420736832e+05 4.750254464671790629e+04 -2.992419448225879023e+03 -1.370456796150704577e+04 3.855749595162205878e+03 1.268965640299486404e+04 1.607051386090216693e+04 4.105522388927893189e+03 -8.197836158715546844e+03 1.111785988877203090e+04 1.197348047481156755e+04 9.601647974921866989e+03 7.379294856925514068e+03 2.887386886528940977e+03 4.657668804792967876e+02 -2.130823431053230706e+03 6.184368942708637405e+03 -1.820067530820815875e+02 -5.108396783486406889e+02 -1.418946490553412332e+03 -1.535931293898470358e+03 2.424961791279060435e+03 -2.415840626084640917e+03 -1.109633046006160612e+03 1.032637231681278899e+04 -1.948596063464688486e+05 -7.344322574980209174e+04 -5.252919207076166640e+04 -1.220898743381463464e+04 3.993642020811304246e+04 5.449121326384682470e+04 -2.508931061899978886e+04 1.785947775055581224e+04 1.433975272259703888e+04 2.884666883773827522e+02 -2.564873458320765167e+03 -8.347178813208603970e+03 -1.421139615660651725e+04 -9.202431680857045649e+03 3.212743606182218173e+03 -1.192412101586026984e+04 -7.228040353749007409e+03 -9.461955220638381434e+03 -6.001943980453625045e+03 -5.067710390590699717e+03 -6.404741557212603766e+03 -1.151546124654915184e+04 -1.785084827060013595e+03 2.496495108811156570e+03 9.614213316388478461e+02 1.969700182441184779e+03 -4.671628740951563259e+02 -4.959232891771340292e+03 9.209628297595015738e+02
2.397787591550248617e+05 6.705426688551617553e+04 1.075052698587588820e+05 5.960028129857670137e+04 1.430909416428409349e+04 1.798410880827455912e+04 6.880726264028156584e+04 2.420959027840885683e+05 2.917844903390211039e+04 -4.578105958238287712e+03 3.146680959840372452e+03 3.298683209271800479e+03 1.288709813590913882e+03 1.281563938931310304e+03 1.734089915921191960e+03 6.263616526290938964e+03 1.596619967456325639e+03 1.466480563558648782e+03 5.514451508259757247e+03 3.230904631091991178e+03 1.955197331155017309e+03 1.842402252117619810e+03 1.106313232633440066e+03 4.105733934736001061e+02 4.567294442170035609e+02 1.794364314556392173e+03 -3.768011631922139486e+02 6.741623174950052544e+02 1.257794156626903487e+03 1.109384932855237366e+03 3.716417858042725129e+05 -4.056503417700350110e+04 3.332434394314141246e+05 7.218985542969725793e+04 4.235043995237349009e+04 2.935196475208835909e+04 7.312474515909516776e+04 1.924343140990007378e+05 1.780459540139136152e+04 -8.414582023334593032e+03 -5.089351110677679571e+03 1.280971234475719393e+04 3.854602805997942596e+03 -3.365490041396277775e+03 -7.214895793807025257e+03 9.584557005465050679e+03 8.992498736303759870e+03 8.230473238154190767e+03 5.170388705022240174e+03 2.843767949084880456e+03 -1.044238417111777153e+03 1.389335415665846085e+03 3.862349365983005555e+03 -8.820651101409395096e+02 2.492288831443572690e+03 6.247284736885922939e+03 1.729409293181827934e+03 3.181678300551139273e+03 -1.223437910220117374e+03 2.050377698282957510e+02 -1.962697000043127628e+05 -1.958107961509508023e+05 -7.601231795843843429e+04 2.154067826720306475e+05 6.013502939860977494e+04 1.717884806793917596e+04 -1.123567242117727619e+04 2.655149371560445798e+04 6.389062609393451567e+03 -1.740083635206592589e+04 8.220919673919743218e+03 2.399501805494208384e+04 3.259143294480364148e+03 2.156886763275169415e+03 1.330065287214041973e+03 1.098305590535242663e+04 1.094799389451562092e+04 5.917121364350874501e+03 -4.362632193588357040e+03 -8.559554617830792267e+03 -4.848470339268656971e+03 -8.841214827618193794e+02 -7.083343142483745396e+03 -3.278449877527398712e+03 1.651470234954525722e+02 2.552423968066405905e+03 5.394676076068419206e+03 3.247812438307416869e+03 2.454915424398630876e+03 -1.258857953333139676e+03
2.599181560830450617e+05 3.816621420142292482e+04 -4.911403131386091445e+03 4.731507589106385421e+04 2.137225352851863136e+04 2.897550600674643283e+04 1.412588678855041326e+04 2.917844903390211039e+04 1.503540281389894953e+05 3.049500324049996925e+04 -3.318913928119123284e+03 -3.867979718762774155e+02 5.391602761810365507e+01 -1.317177136834725388e+03 1.451289942941428308e+03 1.546835052704944474e+03 4.992172081031231983e+02 9.917698261553641714e+02 1.737698536473186550e+03 1.968881241222555445e+03 1.503210152836995348e+03 2.046415856457370808e+02 3.586166118854410456e+02 1.079385469261181015e+03 1.706621656835491194e+03 -1.634888144234197966e+02 2.389018012489339355e+02 7.664520309244469445e+02 2.404816183447258936e+03 1.087936573827721077e+03 4.426881776081160060e+05 -2.417108076275862550e+04 -8.969160324475323432e+04 7.816936496363874176e+04 1.215186444715547441e+04 -4.123206468819063048e+03 2.314986521588223695e+04 1.788974105340416281e+04 1.060782303187232174e+05 1.582676024028511347e+04 -2.770628752548898319e+03 9.697386439562749729e+03 1.409107781176780463e+03 5.314001284558705265e+03 3.641552315016936518e+03 -3.112705033352770897e+03 -1.589822436386690470e+02 1.617180687870892370e+03 -1.014137331485500226e+03 -5.772242297369402309e+01 -1.440070357924383643e+03 1.895802038500026129e+03 -6.695719122198280502e+02 2.248939790325783633e+03 2.912629214313483317e+03 2.998708256930697189e+03 6.850992133817978811e+02 1.792067087804504126e+03 1.279475267619164924e+03 1.114306889112385761e+03 4.580231377986002190e+04 -1.037630217512565141e+05 -9.862922268622489355e+04 3.194670839071271621e+04 -3.003168437707124394e+04 4.474784037873316265e+03 4.697829074070141360e+04 -1.408430406751088412e+04 7.010158341330475196e+02 -2.385006144563734415e+04 5.671783099561062045e+03 1.521695775088489427e+04 -8.304472422157836263e+03 8.120305768465366782e+03 1.944008014519612715e+01 4.466105343707157772e+03 -2.386379905359655368e+03 5.937516046397793161e+02 6.444620033888836588e+03 2.349239084520598226e+03 7.375325167523411437e+03 4.655894823233515126e+03 -2.908438180763162109e+03 1.241035842194022507e+03 -5.523257715458437360e+02 1.985609283217157326e+03 2.314548319120860015e+03 1.619096166129702112e+02 5.820363784698139170e+03 1.572080187943440933e+03
2.327439555839035893e+04 4.044471377910202136e+04 4.475423635562841810e+04 2.778323518495536700e+04 5.317792871956581621e+03 -1.404265571482781161e+04 1.704824176955899702e+03 -4.578105958238287712e+03 3.049500324049996925e+04 1.005454402069004427e+05 1.502995106824754293e+04 3.345360639872312277e+03 2.471431737264462754e+03 3.015965225062540867e+03 3.526621120297023026e+03 2.599356039947887439e+03 2.421901706040411227e+03 2.107003246668225529e+03 1.592947469434523100e+03 -9.876971646843275039e+02 7.713211415790736964e+02 -6.985453696882731833e+01 1.659507485168368930e+03 9.456854736145579636e+02 4.032901899382280817e+02 5.499295358711926838e+02 -6.728554252135487559e+02 1.082652595268843243e+03 -1.073621624082811081e+02 -3.259892162911637001e+02 1.643723195773945481e+05 1.685966763372995774e+05 1.741880108551189915e+04 4.575006138809452386e+04 -1.542196041790360323e+04 -4.914442429437836836e+04 1.539836332916577885e+04 -1.385845535422030298e+04 1.350656672672889727e+04 6.530711849857839843e+04 1.088488988170600169e+04 -2.285815272483826448e+03 -4.349074513481053145e+03 5.010122645997243126e+03 6.689906151691023297e+03 1.212402682612824719e+03 -8.857343271431462881e+02 -2.274457651333582817e+03 -3.792315816909652426e+02 4.934029961330678589e+02 2.031317511207843381e+03 7.651112275046610955e-01 2.947097458816212111e+03 1.798787896824232121e+03 1.770608711224062290e+03 1.435622977738124291e+03 -1.663113601167129332e+02 1.642034154199606746e+03 1.155632408759543296e+03 2.044177533447688347e+03 2.532091553566645889e+05 1.405142426614736360e+04 -1.118535952050766355e+05 7.843789930427221407e+03 -1.871074403962617362e+04 -2.058786587682456684e+03 2.877829512431271723e+04 -2.533691134062995116e+04 -6.344888640375934301e+03 1.550685129857767606e+04 -4.014551549319189689e+02 4.166920578488402498e+03 3.393088484224761032e+03 9.450339953373717435e+03 -3.460597053018518636e+03 -6.462302489335655082e+03 -2.986191105353661897e+03 -8.033626963897404494e+02 2.493649489069877745e+03 -2.353973645347583442e+03 4.959392848859008154e+03 1.877083394545477177e+03 -1.829730380726969315e+03 2.862207564988081231e+03 1.124279204814212562e+03 -4.422877730332052693e+02 -1.069951020250290185e+03 -1.685434343618857156e+03 9.404269648336328373e+02 2.571446143153670619e+03
-3.248130917969051006e+04 2.966867858368346788e+04 1.993686966281378409e+04 -7.583912629188516803e+03 2.879618737223798689e+03 -1.310841249025484649e+04 4.550958960610152644e+03 3.146680959840372452e+03 -3.318913928119123284e+03 1.502995106824754293e+04 6.074369627785317425e+04 1.067223286652721799e+04 1.430951588620274151e+03 7.952190524293181397e+02 1.157350146664743988e+03 2.252399162143417925e+03 2.863048492990364593e+03 2.002125085866897507e+03 5.023623913691463940e+02 1.274473676525613541e+02 1.281802127558415350e+03 -1.926972921453514287e+00 3.475279769441501116e+02 1.691464861028063524e+03 9.506829791150663596e+02 1.090014501531772112e+03 5.525490379381587900e+02 8.412620049663918280e+02 -3.014385612705661401e+02 -1.883036732540877551e+02 1.567221077042245888e+05 4.710077647834291565e+04 -4.685668961100395973e+04 -3.352515974242838274e+04 -4.731687740322449099e+04 -2.325593337588751456e+04 5.664204022476528735e+03 2.781209669619790020e+03 -4.536951318986152728e+03 5.369670816579538041e+03 3.305157418828229129e+04 8.423737409877385289e+03 -1.188002493029228845e+03 -3.215681857934152504e+03 1.709975735887740484e+03 -3.411417073391319263e+03 -7.345654144508376930e+02 2.119568694266917191e+03 -4.121097877796653393e+02 1.456721273891183500e+03 1.598183862863096465e+03 1.164841761049048614e+02 -1.283186704608544346e+02 -4.034923136428562884e+02 2.531784029801361157e+03 1.228599183640543515e+03 2.241304939539670613e+03 2.879937545198601470e+02 9.434869547175343314e+02 1.202792008304754063e+03 3.740333609950065147e+04 -9.222445680034949328e+04 -1.006644332281832903e+05 -1.354851485935186247e+04 -5.123678432742891891e+04 -1.649850483039586470e+04 -1.745390747968080541e+04 2.108695433396056978e+04 2.402968334770035199e+03 1.339686382222155771e+03 7.972783453764681326e+03 -2.031079061603530590e+03 5.901356329140363414e+03 -2.230196764402825920e+03 -5.074054993154804833e+03 -3.372878716351476214e+03 4.382605511415269575e+03 2.791304018119526518e+02 -1.535252718942496358e+03 -2.092757777925151913e+03 2.701150503432103051e+03 -2.611494847063352154e+02 -1.218828751758021099e+03 -1.066527984115611162e+03 1.138729685199125697e+03 1.466415766817680606e+03 1.668140727463056237e+03 -1.848605496245116456e+03 1.561439924459467647e+03 -5.149715342429418286e+01
-5.376829317799139244e+04 -4.684641843777506438e+03 6.301942417828237012e+03 -1.335879482816618838e+04 1.216664607638143571e+04 1.531479256700408996e+03 -2.489552128930457002e+03 3.298683209271800479e+03 -3.867979718762774155e+02 3.345360639872312277e+03 1.067223286652721799e+04 4.698573148261602910e+04 6.374103928727899074e+03 2.552315035905999594e+03 1.067210046087073806e+03 2.218689764843287776e+03 2.177581748018453709e+03 -2.639093231610042380e+02 3.378909371247031572e+02 1.258709668356065777e+03 2.529822644609982518e+01 9.290915011709273585e+02 -3.174981587556777072e+02 7.101227938687729875e+02 7.917983176017318101e+02 8.343147590890521315e+02 7.820638644230569980e+01 3.238451271647710428e+02 4.584340766533085230e+02 7.672358261576484892e+02 -6.560669167476045004e+03 2.505128259685677767e+04 1.024749682587445477e+03 5.045705350500424174e+03 2.306012186442537859e+04 5.080690194057851841e+03 -1.150620489002594877e+04 6.698495926082890037e+03 -3.276023594763449637e+03 7.264279408754044198e+03 3.245934208805815615e+03 3.409842075892772846e+04 3.457445779400508400e+03 2.054675860210002156e+03 4.494982249537439429e+02 -9.961958155863895854e+02 -7.760523969206398078e+02 1.313721383730834077e+03 1.334565173791473399e+03 1.291228534748592665e+03 -1.645798907985829601e+03 1.452396810471392428e+03 7.246624004180379188e+02 -7.430664625602270235e+02 5.906398006698553900e+02 1.838315683659855495e+03 -2.069570444114340262e+02 8.133462125304229176e+02 -1.723285321447503691e+02 -1.050432102851280433e+03 8.494608430617005797e+04 1.209895710974819231e+05 -3.493588005865913146e+04 -5.604405157950743160e+03 -6.187095870840194038e+02 9.937953708501447181e+03 -4.769215174826563270e+03 7.517195770153695776e+03 -5.384112472311893498e+02 1.336675870754958396e+03 -6.303236823691963764e+02 9.255423224937407213e+03 8.701410384854278163e+03 2.463585210134422596e+03 -3.491407165903368423e+03 -8.729201288628130442e+02 1.864362308839657089e+03 5.941220591081731754e+02 -1.884304611896909819e+03 9.752573326383055985e+01 -1.280731614738055441e+03 1.625502327233818676e+02 1.479826611102476193e+02 -1.978768366548098925e+02 -6.005188503473139008e+02 -2.849419494303061242e+02 6.067763105426574839e+02 2.126760492981590573e+02 1.323221213645253783e+03 -5.172083634338065394e+02
5.769133595053582394e+04 1.232408985523050069e+04 -8.781797460171366765e+03 -1.262577929415139988e+04 1.920994312097516058e+03 -2.880603486953544689e+03 2.407376210912083479e+03 1.288709813590913882e+03 5.391602761810365507e+01 2.471431737264462754e+03 1.430951588620274151e+03 6.374103928727899074e+03 3.638236779267640668e+04 9.031883879142702426e+03 1.239247049217119866e+03 1.052446174889967097e+03 -2.120916303703955350e+02 6.677645568206901316e+02 1.203437564935712317e+03 1.307878948138707528e+03 9.864336132972609903e+02 7.845938344691846851e+02 1.460637286565041393e+02 7.187395877904825738e+02 -2.768373433858306498e+02 7.021364114156612004e+02 8.227475936920321828e+02 5.557163147625916508e+02 1.348357229948338443e+02 4.656392923289265582e+02 -1.027258362051586009e+05 -8.753970586191937855e+02 2.627423804734175792e+04 2.189082889758341116e+04 1.431502887467706569e+04 4.638096431022725483e+03 -7.464096797192218219e+03 -1.554114739341521499e+03 -8.384548471622487341e+03 7.580196258296889027e+03 -2.612093855723117940e+03 7.355534797405392737e+02 2.075085699961248974e+04 7.410093169860948365e+03 2.242213368067740703e+03 1.261930463419520947e+03 -4.418161113142823524e+02 -1.286910476331252312e+03 5.562887715116064555e+02 2.855127408783017472e+03 4.634863283001218974e+02 1.320484732037982667e+03 9.741545119040440568e+02 -5.478562414233650770e+02 -1.168823281866757043e+03 -2.867795214875764600e+02 -2.612273854611773459e+03 9.132889234719938258e+02 -3.456265011175047874e+01 9.945246515891104764e+02 -2.285103046015416476e+04 -6.320226687305231462e+04 2.571173403662849159e+04 4.006290557632228592e+04 -5.156704536389708665e+03 -2.963170883235667588e+03 2.972539026324118822e+03 1.895173330136890627e+03 8.749234186265864992e+03 4.794995271273284743e+03 8.782232114578800974e+03 -8.066298894788772031e+02 3.403338439564668533e+03 -2.772060720637481154e+03 -3.410959890505729618e+03 -7.701508582051325902e+03 -7.237834137668747644e+03 -2.499911454543601849e+03 2.054882318657423355e+02 -1.308297889594895196e+03 -3.322830819090514979e+03 2.188490896794598939e+03 7.743608191727543044e+02 -8.390689222288834799e+02 -1.351679896836859598e+03 -2.025676568109999380e+03 -4.040326977194872029e+02 6.315310976511854335e+01 1.620351150616649647e+03 1.390616279208417609e+03
4.952393325009313412e+04 -4.233222506361449632e+04 -1.049528994712264466e+04 -1.292926529053381637e+04 2.809819877015851944e+03 1.609137520788754273e+03 7.503331651281650920e+03 1.281563938931310304e+03 -1.317177136834725388e+03 3.015965225062540867e+03 7.952190524293181397e+02 2.552315035905999594e+03 9.031883879142702426e+03 3.012850574430868437e+04 4.564151989424296517e+03 1.643644093711097184e+03 1.231472151455032872e+03 5.606623576244547849e+02 8.417422688031346070e+02 1.165943257156186064e+03 4.463755374212774427e+02 1.843545124443828911e+02 3.647775188752775080e+02 9.055111033244630789e+02 -4.247894101065604104e+02 2.023033947514579154e+02 8.647132822307025890e+01 4.919453587784325919e+02 2.686762919875723696e+02 3.634954369250873469e+02 5.247286271213056170e+04 -7.525638131819681439e+04 1.504539982626831807e+04 -1.635038329870685266e+04 1.411141962489366051e+04 -7.891252380752806630e+02 8.953420074930196279e+03 4.720269758032024583e+03 -8.597451130337058203e+03 -4.714347622014662193e+03 4.093577362421114003e+02 -5.925520357159080959e+03 4.785416917188491425e+03 1.459958455257501009e+04 2.176410095910877317e+03 2.770693456642723049e+03 3.243282044375766418e+03 -5.442042031294043909e+02 1.259535630611509305e+03 1.266418071937593368e+03 5.575074578003451506e+02 1.346244623562667584e+03 2.294298036524585768e+03 2.459412696212593232e+02 -3.415384231131207571e+02 -1.109862787368630961e+03 -8.251725177387122585e+02 6.136362091006679265e+01 -5.580609987750631262e+02 -9.256373243585402122e+01 -2.308110036986325576e+04 -1.072497200334461668e+05 3.931098267011144344e+04 9.592985654990137846e+03 1.114918369032477312e+04 3.073802111432567108e+04 4.366431296575620763e+03 -6.489023436443059836e+03 -4.187741622803678183e+03 -1.830422565127644020e+03 6.047568647161185254e+03 -4.329176640621325532e+03 5.393328955760645158e+02 2.386441162829655696e+03 -1.549948410270036447e+01 -1.345044247066201137e+02 1.293493127502779771e+03 -1.663111560818277212e+03 -2.072568086453530668e+03 -2.106969722711798113e+03 -9.598214849918838354e+02 -3.658940782785015813e+02 6.335199281161530962e+02 -1.534597138584814275e+03 -1.911703368572193767e+03 -5.193609987845870819e+02 -9.848728739109697372e+00 4.795889898328699132e+02 7.976049581931866896e+02 9.436802449234578489e+02
-3.080950066353478178e+04 1.160549163049020763e+03 1.780431337659399287e+04 -2.351330106289115975e+03 -3.938185640200752005e+03 2.027788963489074831e+03 8.741563380074454471e+03 1.734089915921191960e+03 1.451289942941428308e+03 3.526621120297023026e+03 1.157350146664743988e+03 1.067210046087073806e+03 1.239247049217119866e+03 4.564151989424296517e+03 2.451717362994651921e+04 4.968761402713633288e+03 5.422096017605082352e+02 2.175045813756851203e+03 1.355550482038378050e+03 3.263055032452562045e+02 6.205267909160010049e+02 -1.626010374203198126e+02 6.319496662064798329e+02 8.021719254385777731e+02 5.607032426619592798e+02 2.126435789365174571e+02 2.714040773350650966e+02 3.370593503434744207e+02 7.380146997060444392e+01 1.425361561507440058e+02 4.110060677159204351e+04 -1.692607209433608432e+03 7.054753756952651020e+04 -1.451641166500127292e+04 -1.919202044865978678e+04 -2.825724398167432810e+03 1.607463625356341254e+04 9.394684725420907853e+03 3.946326926454442855e+03 1.164392491849139333e+01 3.042337970133470208e+03 -1.930717945284037796e+03 -8.927220580669279570e+02 4.347131485129128123e+03 9.716190482994365084e+03 1.851854854322804840e+03 -8.416900551748771022e+02 1.012492647308301684e+03 6.111696634344573340e+02 -7.368042391437037395e+02 1.842621571344095628e+02 7.488877593404091613e+02 1.148004266624895536e+03 1.191283869409236331e+02 -4.479137564516286716e+02 5.833165485247315019e+02 1.035510599787269257e+03 -3.578327774322909960e+01 3.550296585191453573e+02 1.174283563541238209e+03 -1.552041000911987067e+04 -7.458956868845684221e+04 1.709601291315964045e+04 5.782750337188196681e+03 -2.248663481668473469e+04 -7.861923587279589810e+03 2.083867045163456623e+03 4.983452300227182604e+03 3.230922195883768836e+03 -6.683949968903791614e+02 4.771125575736008614e+03 -6.676811041342495628e+03 2.251814956198394100e+02 4.340625914805708817e+03 -6.678344928165985550e+01 -6.540446948552075810e+02 2.447448678886375092e+03 -1.985228275571256518e+03 4.575043235577862220e+02 -1.614431629336101878e+03 -1.987946349979469232e+03 4.477247306684978412e+02 5.047404619335283087e+02 -2.413263858231312895e+02 6.833578755791401136e+02 -1.783326140994974139e+03 1.641834746080453897e+03 9.474864152311655516e+02 9.557634956492624951e+02 1.490825926526491457e+03
2.569308643387772827e+04 1.482938005913848792e+04 1.007652918741913163e+04 4.991071556622834578e+03 5.437195073813315503e+03 -1.049763845186539811e+03 6.045538973324097242e+03 6.263616526290938964e+03 1.546835052704944474e+03 2.599356039947887439e+03 2.252399162143417925e+03 2.218689764843287776e+03 1.052446174889967097e+03 1.643644093711097184e+03 4.968761402713633288e+03 1.765053770288611122e+04 3.938525624683466958e+03 1.820231917425290021e+03 5.935171575975926999e+02 6.150507179295519791e+02 3.456167183492369190e+02 6.168094505244935135e+02 4.134457329088652386e+02 1.566030096102932987e+02 2.291908169417033321e+02 6.228205967934227374e+02 3.080915851434392039e+02 8.352805035743108419e+02 5.926452406287534131e+02 3.131591483365148179e+02 -1.076767645626737976e+04 -5.245432725803952962e+03 -1.558305983998640113e+04 2.195780269534429317e+04 1.005625482531320813e+04 6.724117194598386050e+03 2.120993112013495647e+03 6.078505319168168171e+03 5.255079365097995833e+03 1.773966153683651783e+03 8.878361775463237109e+02 2.153961203250517428e+03 -8.904387314134842768e+01 6.392808779551914995e+02 7.488675527352590962e+02 7.959748411747344107e+03 8.393259471385152892e+02 -6.014749532789431896e+02 8.436481562696937999e+02 6.102716657122242339e+01 -6.869721543321262516e+02 -9.266516503274176557e+02 -1.323278622190217391e+02 -1.055780195855494640e+03 -6.058208775693644839e+02 -3.824292560352081694e+01 1.884973364344317304e+02 -1.477813103787009652e+02 2.388137138732225537e+02 2.810184670530085214e+02 -1.357065189611820097e+05 -8.092829234959682799e+04 1.408755008546287900e+04 4.476882175724118133e+04 4.516904032940907200e+03 -7.977152151205123118e+03 -4.997974928145747072e+03 5.228875588614572507e+02 -9.796956649798959234e+02 -8.384222703040813940e+03 -2.188947912191737032e+03 4.537139191728333003e+02 2.928866717450322994e+03 3.722132590878539304e+03 -1.754994166197628374e+03 3.140108170469446122e+03 1.268856260261548641e+03 -9.178120958968613650e+02 9.190157514651426709e+02 1.807089699377161196e+02 1.164375653791824789e+03 -4.897236017658714502e+01 -8.736082061483325560e+02 -5.412423916794730303e+02 1.035558111044105544e+03 -1.254538145561681688e+02 1.193639613855479809e+02 2.142159490900718879e+02 -2.426964992893750832e+02 1.226538979248960572e+02
1.101506944745185683e+04 1.392379104603827363e+04 1.431669822778401249e+04 -6.753644218531770093e+03 1.871661735330097144e+03 2.053840221276740976e+03 3.484849805459707568e+03 1.596619967456325639e+03 4.992172081031231983e+02 2.421901706040411227e+03 2.863048492990364593e+03 2.177581748018453709e+03 -2.120916303703955350e+02 1.231472151455032872e+03 5.422096017605082352e+02 3.938525624683466958e+03 1.397973966906187525e+04 3.289385388599435373e+03 8.477829230331760755e+02 6.207934847284295756e+02 6.353293728694789024e+02 6.845225421778864074e+02 6.028829909946306316e+02 2.328522664250025400e+02 4.489349874238257030e+02 3.411019513344026564e+02 2.232468984020156313e+02 1.458912171804455795e+02 6.274922773111649832e+01 4.697919399397812867e+02 5.356737577165364200e+03 2.556394668551269569e+04 2.776101814387295599e+04 -1.841778704046142957e+04 -6.804215576258327928e+03 1.543089609448769352e+03 3.932313942095985908e+02 5.406264769311233977e+03 -3.186038823294915801e+03 8.188856822108497909e+03 1.505442679889488318e+03 1.117656226467247734e+03 -2.635463723906591895e+03 -4.353068926550025708e+02 -1.512168424145372228e+03 -1.998825982527838789e+02 4.515919218877866115e+03 4.244270311185004374e+01 1.009272229796245824e+03 3.758585149731649153e+02 -3.524850427770829242e+02 3.579507219166483196e+02 -3.447587307457905581e+02 -3.713588741198214507e+02 9.120088874788577868e+02 1.539595543676648788e+02 2.663551682152915419e+02 8.526557171379403144e+02 2.734437393768520224e+02 5.493483261620706344e+02 -4.744096709050938080e+04 -8.201334180481189105e+04 1.692093544641366316e+04 4.953925937581123435e+03 -2.657256871231265177e+04 -1.677451201934632991e+04 8.242590505725504045e+03 -4.331100866965010937e+03 -8.243325588811851048e+03 5.078921099110939394e+03 -1.114707622204638540e+02 3.291848915845765760e+02 4.153864015424033823e+03 2.918369151212475572e+03 -1.468953005161696638e+03 1.329773936703803429e+03 1.256824325021384084e+03 -1.484622705714519270e+03 1.462357254399929161e+03 1.552130198686622407e+03 2.429291531449101967e+03 -9.749586410020717722e+02 -1.162009579638432115e+03 6.593133546439057682e+02 7.042197363052160881e+02 -1.134763013378279538e+03 -3.782492046763437656e+02 -3.480442198066754367e-01 4.054072753500669251e+02 7.365145654674900300e+01
