5.453238621418542415e+07 1.028029683358239383e+07 1.638459084179399535e+06 9.388900240621275734e+05 4.336044878825126216e+05 1.160985865434202860e+05 -5.920986008454812691e+04 -1.232670440360018256e+05 -4.720765189900649602e+03 -1.561749251479754776e+03 1.800813148718026059e+04 -4.753151860122029029e+04 -9.305175694969269671e+02 -2.624955894578707739e+04 2.005327744420582349e+03 1.193708205433384319e+04 6.242156554094658532e+03 -3.238474490800205240e+04 -1.443727296869362362e+04 -2.611091310684978453e+03 -2.647253754578433654e+04 2.362627045039968380e+03 1.916015329590059264e+04 1.843147192055623236e+03 6.847741576596199593e+03 -1.850323228211365131e+04 3.804572559277774872e+03 -9.271299875918935868e+03 -5.813388572897263657e+03 -2.104053827154555449e+02 1.497493368535759114e+07 8.086801200157165295e+05 -2.531173795249616727e+06 -4.158135151070685824e+05 -9.311097991745499894e+04 5.478090627118805423e+05 1.677508604650805355e+05 -3.387951451738782926e+05 1.967392016134680307e+04 -1.546737557288583776e+05 -4.972227264963053312e+04 -6.969419410436188628e+04 9.856561529108272225e+04 6.535026227392107103e+03 -7.993866716928125243e+04 2.755284046300277623e+04 4.648654121514465260e+03 2.822902228800288140e+04 -7.065363240564728039e+04 -5.917697097647932969e+04 -3.517771933066160273e+04 -7.077947856267858879e+04 -2.992676208292334923e+04 8.184541836992403660e+03 1.653149061055433413e+04 -4.866283797996336943e+03 -1.590798171256426940e+04 -3.539715696225353895e+04 -1.034571475103092598e+04 -2.743348663356761972e+04 -3.246017274924803060e+06 2.005289344558514422e+06 1.296093846894129645e+06 8.575999141346622491e+05 1.041224458517094754e+05 3.347295889106756076e+05 2.289445420343284786e+05 -2.732786929313985165e+05 1.636863565861129609e+05 2.489985917412099370e+05 1.041881092477199418e+05 -4.636007985432713031e+04 -1.872276526918619638e+05 -3.527819877635237935e+04 -1.026642153378760850e+04 4.349870737633862882e+04 5.896534979386957275e+04 1.725045520408940502e+05 -6.809518525476312789e+03 2.894359740747213073e+04 -6.933972290588603937e+04 -1.123131686056985927e+04 9.584631797655195987e+04 1.269268981567107840e+05 1.663430587264938003e+04 3.233073279741300939e+04 1.735824045983223914e+04 3.364341932932128839e+04 -3.056765550811388039e+03 8.908576311016275213e+03
1.028029683358239383e+07 1.696840028565665707e+07 3.315549557937983889e+06 5.030685352897683624e+05 3.999614282271779375e+05 1.699296467521722370e+05 1.152932367946803861e+05 -5.807929150197073795e+03 1.779797382064347767e+04 -6.716296344109815436e+03 3.416627425494256840e+03 2.033364723913646230e+04 2.249645871639963298e+04 2.859921784074493189e+04 2.331196358241633425e+04 -6.462213798949362172e+03 -7.184906017998451944e+02 -6.389529753906388578e+03 -1.321792322716805756e+03 1.863702206984724398e+04 3.150525239876602882e+03 1.060663265000408137e+04 9.017785727868482354e+03 -6.562940148229480656e+03 4.375109742904990526e+03 5.523084416303283433e+03 3.701733783937057524e+03 -7.444018602066158792e+02 2.363831505635678695e+03 6.647898500530583988e+03 6.519345337703030556e+06 1.466708615329152532e+07 8.203894167860079324e+05 -3.454248120644956944e+05 3.202998633567177458e+05 1.795696675986275950e+05 9.235771373705698352e+04 -3.386058029354659811e+04 9.166781112206092803e+04 3.092479780163150645e+04 8.572407868646629504e+04 7.470446730572235538e+04 -1.101575666982916846e+04 6.219607062708430749e+04 -8.757546416919518379e+03 4.568753876061848132e+04 3.145438180560702676e+03 2.497276303588012888e+04 2.720874006921832915e+04 5.565465149160139117e+04 4.121747322325695131e+04 -1.629049080913974649e+04 -7.778028225476906300e+03 2.199741332119933577e+04 2.295849845079410079e+04 -1.113999972522089593e+04 -2.901060523236315203e+04 -1.878614046083877111e+04 -1.595475273339210980e+04 7.451828989183568410e+03 -2.171112311966432608e+05 -9.999046763445856050e+04 -9.582858008971589152e+05 6.462597451615240425e+04 3.524209352957044030e+05 1.496340455008158169e+05 -3.218471473573947442e+05 -3.204076907825708258e+04 2.676942373774831649e+05 1.982196519551202073e+05 -6.123928068090372835e+04 2.577294667568375735e+04 2.147273723195138246e+03 6.574815224075318838e+04 6.004935157568549766e+04 -6.122706011850450523e+03 5.619087636157967609e+03 7.753140760825683537e+04 3.951811131184554688e+04 1.747488707794025686e+04 -3.200684844908217929e+04 1.428134059066460577e+04 2.290578856822732632e+04 7.854935939669530853e+03 -9.170285662890904860e+03 -9.640073962339180071e+03 -1.335042366696342697e+03 -2.311084581030832123e+04 -1.806470744211975762e+04 3.217022306761347409e+03
1.638459084179399535e+06 3.315549557937983889e+06 5.487052967479445972e+06 1.365263875654371222e+06 2.849724843310245196e+05 8.587253022251630318e+04 4.083300707353863254e+04 1.969626736067350430e+04 2.815314970477957468e+04 2.473460290212066320e+04 2.644111243603098774e+04 2.377258855934692110e+04 1.042766691778604400e+04 1.180651021307646806e+04 1.937896061622957131e+04 2.154408546856405519e+04 7.779459649279897349e+03 7.532772209820428543e+03 -4.302949234176487153e+03 1.140027800438937675e+03 3.230380689252434877e+03 4.017678703573088114e+03 4.061684260049232762e+03 5.126198929049282924e+03 5.460320918330359746e+03 2.329756099840807110e+03 6.987748025492872330e+03 3.561454126991423891e+03 4.038879916771334592e+03 1.871042625560108263e+03 1.037736346958470531e+05 2.359152364941966254e+06 4.893139497217380442e+06 9.803443314796984196e+05 2.644165572475318331e+05 -5.729694243846224708e+03 4.135734739473964146e+04 1.720582029507283878e+05 1.249020155952841014e+05 9.530741305649044807e+04 3.577891752422932768e+04 3.085684910276927258e+04 -8.078793110111213537e+03 7.386254915347514725e+03 6.445582583291306219e+04 4.252250811386586429e+04 1.675859844643530232e+04 3.373462127018487809e+04 4.188667176641184597e+03 3.571551864435724838e+03 1.476983012469803543e+04 -1.555968820332003588e+03 -2.186124079550743409e+04 -7.696202282083990212e+03 -1.667575932787432612e+04 -7.948903314966566541e+03 -1.833711108849203083e+04 -7.915063630256561737e+03 -6.305908532567846123e+03 4.922967251268241853e+03 -1.107915536566210445e+06 -6.996815962676508352e+05 1.610212877663010295e+04 -9.028639583997029695e+04 -1.550728620601194052e+04 -2.676795883607228752e+05 -1.902142956199682376e+05 7.945853620520245750e+04 1.678856076454681170e+05 -4.392876585804441856e+04 1.837147839619953811e+04 3.825258165174320311e+04 -2.440448083487131225e+04 2.394606027374208497e+04 9.360451803053585172e+04 2.703398526324650811e+04 -6.462242705028985256e+03 3.741516364400672319e+04 -8.728266893301364689e+03 -8.220834951446793639e+03 -3.406809524903012516e+03 1.238845492406824178e+03 -6.418614455001380520e+03 -1.974933844672892883e+04 -1.315701938914463608e+04 1.152954472776534931e+04 6.193932629408431239e+03 -1.993530611759937528e+04 -4.556361339211980521e+03 9.280264953516547166e+02
9.388900240621275734e+05 5.030685352897683624e+05 1.365263875654371222e+06 2.393224194667404518e+06 4.792379168237556005e+05 4.685466787883277721e+04 3.160655583313206080e+04 2.927096985391913677e+03 2.978467675402384884e+02 2.052765051843622496e+04 4.170447594317102812e+03 7.064056624390336765e+03 2.878044604621836697e+02 5.832861153312064744e+03 3.066804794869424768e+03 1.088421945050442991e+04 9.396489589213269937e+03 3.889298570244601706e+03 -1.298854384140600359e+03 6.690179525539751921e+03 7.538538136319580190e+03 5.348074726744084728e+03 1.843876663410827405e+03 -7.049685413716695166e+02 -1.353804437592015347e+03 2.451587283101934190e+03 2.378414427755204542e+03 5.142606727700882402e+03 2.902895116453788887e+03 2.733042042182317346e+03 -3.485341595606144983e+05 2.766833069176215795e+05 1.110781371742810355e+06 2.431304289340140298e+06 1.896923198338413204e+05 -1.581510823650317034e+05 -8.483529288617870407e+03 4.478306336572372675e+04 5.520018964437214890e+04 9.787870203242021671e+04 -2.906112197825860221e+03 1.948938795385164485e+04 1.531410858721227123e+04 2.227715648906453134e+04 3.287824211029060098e+04 5.691560044907771953e+03 1.210205168088188475e+04 2.755030009600400081e+04 5.280404121384659447e+03 1.181187622343116709e+04 7.627481154531159518e+03 1.292179847952488444e+03 -1.385555008878927083e+03 2.501910359124286515e+03 1.649750868618813229e+03 5.915278548882869472e+03 7.327924808340985692e+02 6.630691858252634120e+03 2.507037490431222977e+03 -2.709237739101808529e+03 -4.455259499909058795e+05 -2.631399921215582799e+04 3.282178239704524749e+05 3.655500418367301463e+05 -4.618605342910159379e+05 -2.624793637973913574e+05 -5.353376308836234966e+04 -4.814622845716790471e+04 -1.743974870977766113e+04 2.838161942552454639e+04 1.351071622981613837e+04 2.130863869914552197e+04 -1.360778732073007086e+04 9.811059029262461991e+03 2.517624446221664766e+04 1.129757103132578413e+04 -2.821558801960025903e+03 1.940890904770686757e+04 -5.816748122853343375e+03 6.947513227199466201e+03 1.301378837176887464e+04 1.463916318281870645e+03 -7.520335340726664981e+02 -1.438459196853720823e+04 -7.817189391720601634e+03 6.387177949663837353e+03 4.077292907897382065e+03 -1.635818244699272327e+04 -1.003694636427748082e+04 4.576193129942355881e+03
4.336044878825126216e+05 3.999614282271779375e+05 2.849724843310245196e+05 4.792379168237556005e+05 9.138058846229466144e+05 2.157970061462799204e+05 7.953541197318393097e+04 3.068915438635659302e+04 -4.827636244840526160e+03 -7.598198029160367696e+03 2.087399071894590634e+03 6.255306833703108168e+03 5.290773717027866041e+03 1.655973280501558838e+04 1.525966164676711924e+04 1.158518789058058064e+04 7.819154704403694268e+03 7.003457518855624585e+03 5.189118054465890054e+03 2.729867465901715150e+03 3.599666088858719831e+03 3.563787659810687273e+03 3.552284738128833396e+03 -4.673497108708136238e+01 -7.249727543717162348e+01 2.259218711718817303e+03 3.951618173482721886e+03 5.743596895224731270e+03 1.651323455748033211e+03 1.247950171826501446e+03 -4.427723848849592032e+05 4.165903967290301807e+05 4.359129084102562047e+05 5.014996816566329217e+05 8.571208852513056481e+05 8.709869356655253796e+04 -3.955343322946808371e+01 6.125507774274420808e+04 5.105844427487981193e+03 2.584990141618744383e+04 -6.471899975628321044e+03 1.386920239410596878e+04 1.229473481278981671e+04 1.879271259536756043e+04 1.048018058441883295e+04 -4.030045917717125576e+03 5.041685599874140280e+03 9.225055367149569065e+03 -4.614968135762394922e+03 2.878083394955273775e+02 3.219003266254102982e+03 5.029224698412291218e+03 -2.001433617547250833e+03 1.106152709561209349e+03 5.325445682141059478e+03 7.226093759870880604e+03 9.087025934940433217e+03 5.130728915809557293e+03 -2.027105472956169478e+03 3.558880929037816259e+03 -4.928546828940759297e+05 -2.006920394999131095e+05 1.888257102161421499e+05 1.927836428178754577e+05 1.224049679357960995e+05 -1.820393518498105695e+05 -7.635481612174860493e+04 3.484445588506972854e+04 -1.237547552752103547e+04 3.366988365439663903e+04 1.052721095657132901e+04 1.372979885669288342e+04 9.964966652045930459e+03 6.743765444109551026e+03 1.722404042689858034e+04 3.198073942755932535e+02 -1.214593190047131429e+04 -7.421752580956238489e+03 -3.170267011784681927e+03 9.412910450537641509e+02 -1.755529347700424978e+03 5.612938397749770047e+03 3.674536920194741924e+03 -7.622240982750628973e+03 -8.861641674925383995e+03 6.527537768094732201e+03 -2.783205416868192060e+03 -5.698428183367424026e+03 -2.935290875828663502e+03 5.435444614624869246e+03
1.160985865434202860e+05 1.699296467521722370e+05 8.587253022251630318e+04 4.685466787883277721e+04 2.157970061462799204e+05 4.873907732095547835e+05 1.078996724284519587e+05 3.352784831320421654e+04 1.151440541579170167e+04 4.619735935629530104e+03 9.862233279838699218e+01 2.902749466993242550e+03 8.951298986304032042e+02 9.911524637336740852e+03 5.658648746367128297e+03 6.954771653346385392e+03 3.987485336003499469e+03 8.317605082236476619e+02 4.078355343993431688e+03 1.783494317522417987e+03 2.402222449626123307e+03 4.322717350812327822e+03 3.431661328318754386e+03 -9.958768474926365570e+02 -1.319968895441031975e+02 2.227992375384586921e+03 6.487355905070210156e+02 1.281329342536249214e+03 -5.208861415276937805e+02 8.447524022784277520e+01 2.325189039062527299e+05 4.714979012485293788e+04 2.133833439350497429e+04 -7.485910888841515771e+03 2.347230061042442394e+05 5.154516628224188462e+05 7.920766129556701344e+04 4.988776099926570168e+03 -3.093756194646565928e+04 -6.330633959560539552e+03 9.024800414398823705e+03 -4.035590979268077717e+03 8.103028632010634283e+03 9.446777639932210150e+03 3.886903995133473472e+03 1.501656542966500865e+03 -5.955784248535164807e+02 -8.428073137374792623e+02 -1.981597799310897244e+03 -2.014857969234715256e+03 3.906033749492178686e+03 8.558692010776221650e+02 3.155471807659055372e+01 -3.357347762984266410e+03 -1.842757492436742950e+03 6.973289127401169480e+02 3.241103039395079122e+03 3.021013893879176067e+03 -1.360048215429707852e+03 -1.148356244821194878e+03 -3.533298485229627113e+04 1.009203050197674311e+05 2.042276159859651816e+05 -8.265684282233465638e+04 3.019541372553559995e+04 1.838876434405444306e+05 -6.529607779366188333e+04 -1.981771671361790868e+04 3.413688970919107669e+04 5.121505701878199034e+03 2.243259343333642846e+03 2.102736513411088254e+03 2.191036392392843118e+04 2.327764265157772024e+04 1.520924133558648464e+04 1.179684722519652678e+04 -2.692840722726920831e+03 7.594063813218933319e+03 1.104274017608775102e+04 -4.708461898388098916e+02 -1.473370870912054215e+03 -1.361909929933511194e+03 4.409598591756938731e+03 1.491190843968422314e+03 3.940516077143832263e+03 2.082898458463730549e+03 2.238814786605345489e+03 -1.452179129560668571e+03 -6.126490122542858444e+03 3.784144712387063009e+03
-5.920986008454812691e+04 1.152932367946803861e+05 4.083300707353863254e+04 3.160655583313206080e+04 7.953541197318393097e+04 1.078996724284519587e+05 2.692724939904339844e+05 7.525420282245452108e+04 1.803649405720377763e+04 3.573968145518724214e+03 -3.360673342339400733e+03 6.224962439691751570e+03 1.684573967943226307e+03 3.063987461885597895e+03 4.543240286838334214e+03 1.130802992649415046e+03 1.185900524009730134e+03 -1.257550787132679488e+03 3.948368116375057070e+03 8.512052138011576972e+02 2.282410253789835224e+03 1.202680934548055575e+03 3.801253656690695379e+02 8.147920639176800250e+02 1.642251111544864898e+03 2.708387615825873581e+03 1.511906516092692300e+03 9.065579307224081731e+02 -3.038948224699420848e+02 1.472863016831898449e+03 1.068185823589121574e+05 7.540771469340902695e+04 5.820714683127435819e+03 2.788744455984210799e+04 9.795318184670114715e+04 7.312770456199422188e+04 2.644709857863825746e+05 5.043808290401419072e+04 2.875634310267375440e+03 3.682508964242970251e+03 -6.934870171441824027e+01 8.903501196509974761e+03 -5.730746167344720561e+03 -1.613838476087481695e+03 4.116560682099325277e+03 -3.589148503251424245e+03 7.002524762033648358e+02 2.073684401646873539e+03 5.827754486678643843e+03 4.646853788695570074e+03 7.026952080524528128e+02 3.044847412411042114e+03 1.509330437065673323e+03 -1.055444440704734461e+03 -3.155036126589191667e+02 9.661329498941704514e+02 -9.711208300928876724e+02 3.881571252481322972e+03 3.150810593938524107e+03 -9.168644539649694707e+02 2.086299622938814573e+05 4.464065815278504306e+04 -9.714031997273133311e+04 -1.295261486386621691e+05 -2.071178497766075452e+04 2.550674784596134123e+04 4.799628142772103456e+04 1.002639019137792275e+04 -3.295454604532310441e+03 1.810817893303397454e+02 7.807784693604216955e+03 3.972988334400299095e+02 -8.657301769041934676e+03 1.159613078514337576e+04 2.021833594636266207e+04 9.686510595521514915e+03 -3.464931078398760746e+03 -4.033982430003988611e+03 4.431053176764652562e+03 6.162460202768858835e+03 4.358352825184460016e+03 7.851763535724548092e+03 4.194579292311774225e+03 -4.171474804643705284e+03 -5.474806964511489241e+03 4.094348155248345392e+03 -6.784049692314758886e+02 4.276831588668757831e+03 -8.122230913190888941e+02 2.229395987085951219e+03
-1.232670440360018256e+05 -5.807929150197073795e+03 1.969626736067350430e+04 2.927096985391913677e+03 3.068915438635659302e+04 3.352784831320421654e+04 7.525420282245452108e+04 1.778325386231495941e+05 4.925795347654769284e+04 1.484429103433109049e+04 3.090175543414325602e+03 4.540983558777626058e+03 1.226906527220405536e+02 3.433842355613229302e+03 2.884474604791376805e+03 2.423546299756975259e+03 3.642836396078956113e+03 1.701182994742140409e+03 1.847017134348014224e+03 2.080861463897900649e+03 3.543563461883471064e+03 2.168030045380555293e+03 1.741245195431593174e+03 2.135186559408569792e+03 1.347485524496969902e+03 1.608363788457178089e+03 6.150974984480288867e+02 8.765114282763371421e+02 1.325699272766789136e+03 1.036611144783072405e+03 -5.190617414587018720e+04 -1.875738261795833387e+04 1.157849079896110561e+04 6.209643858774019463e+03 2.021734681943824762e+04 2.036560838886607598e+04 6.921566990511887707e+04 1.612207891721892520e+05 4.129891139439170365e+04 7.839938650876029897e+03 7.313105265064851665e+03 1.428216364331405384e+04 -1.853967609393919474e+03 5.898424771124309700e+03 -6.182076004641496638e+02 -7.173457516424058667e+03 -3.990185050610564872e+02 3.192170191097186034e+03 3.393210601964084390e+02 3.815547283843089645e+03 -1.984188925407978331e+03 -1.233172407433382205e+03 2.252173267811124788e+03 1.644961271628681061e+03 -6.041290309921614607e+02 1.417102218486408674e+03 -1.377020144057980360e+03 1.939018890999125688e+03 -1.328242637214742103e+02 7.525993458762600312e+02 9.905430130356573500e+03 6.319324086263574281e+04 -4.235320448051099083e+04 -2.202687725217818297e+04 -4.345362085110937915e+04 -5.366403106793263760e+03 -1.001431821765162766e+02 5.192035475381621654e+04 -6.627046260275780696e+03 6.340451904840481802e+03 1.061462099261700496e+04 -5.228699432607307244e+03 -9.986162700599061282e+03 6.853714851700245163e+03 1.572410378132227925e+04 3.292936125250471832e+03 -7.188115406783168737e+02 -4.944908129995149466e+03 5.747746227079775053e+03 2.525422438670992051e+03 -2.631267200899093837e+02 -7.198201498425540876e+02 3.904367965462080520e+03 2.596497574992753016e+03 -2.780854179617070713e+03 2.145103444343870706e+03 -1.444804750801703221e+03 8.796348504455430657e+02 -1.110433158332660696e+03 -1.968696118461208698e+03
-4.720765189900649602e+03 1.779797382064347767e+04 2.815314970477957468e+04 2.978467675402384884e+02 -4.827636244840526160e+03 1.151440541579170167e+04 1.803649405720377763e+04 4.925795347654769284e+04 1.098605320316279831e+05 3.357382198092988983e+04 9.897628926664687242e+03 3.237788221789244744e+03 3.486163971895508439e+03 1.474036023286156706e+03 2.811823758932702276e+03 4.088758774248333339e+02 1.741714587571478887e+03 4.665987879075793785e+02 8.392972316202162801e+02 1.816604737968810468e+03 1.506964871712138574e+03 4.642892025276094046e+02 4.346282053000384167e+02 8.509858877832498365e+02 1.105225489760299070e+03 5.799654211515507996e+02 1.080626072910525181e+03 8.297055480281210293e+02 5.637911263997714286e+02 9.565404704077632232e+02 1.564455575923296274e+05 9.880243349091170239e+04 1.295540839978203076e+04 3.026238027388168121e+04 -5.267476258930887525e+03 1.425526071440443229e+04 1.451836047374349255e+04 2.913966183797893973e+04 9.473904010534880217e+04 1.584546569609629478e+04 6.600036091850164667e+03 -1.494278765545455826e+03 -4.602800685440611232e+03 -2.656241010582153649e+03 -1.945210566489681696e+02 -1.057412780722175057e+03 -5.434226655689249128e+02 -2.094163801911924111e+03 -3.742821387300721199e+03 -2.261045048794069601e+02 -9.066516772572134641e+02 -1.743795325897678822e+03 1.890812319734063749e+03 -5.423602711642224676e+02 8.947060013438520798e+01 -1.758319725989055542e+03 2.490387049027850992e+02 1.135084115498347273e+03 -1.481411193485082833e+02 3.247035412075669569e+02 2.359240966657810786e+05 4.813819782441681309e+04 -3.771093145066101715e+04 -3.718888974771081848e+04 -2.430689169315598338e+04 1.737449198000074102e+04 1.190629308966515782e+04 2.345983991010881437e+04 2.050081318867819573e+04 -1.947135108243125433e+04 -1.018369238667297941e+04 -5.216472616034583552e+03 -1.702194801180810828e+03 8.918821089992206907e+02 7.180563541433002683e+03 2.815106808927150723e+03 -2.440207314354302071e+03 -4.108522217727800125e+03 6.785110254294586412e+03 4.052566452612691592e+03 2.289446683019684315e+03 4.097884740401901581e+03 3.944929351487740405e+03 -9.291137905211057841e+02 -7.909419348638328984e+02 7.827541503307970743e+02 -6.448174256932004482e+02 4.961274903232056204e+02 5.039119948864531011e+02 2.167020331236876700e+03
-1.561749251479754776e+03 -6.716296344109815436e+03 2.473460290212066320e+04 2.052765051843622496e+04 -7.598198029160367696e+03 4.619735935629530104e+03 3.573968145518724214e+03 1.484429103433109049e+04 3.357382198092988983e+04 7.411736743138232850e+04 1.965505898200514275e+04 5.470038546381510969e+03 3.122292533259992069e+03 3.308976709330225276e+03 2.560255055874577920e+03 1.932965237872591615e+03 2.650990347571469556e+03 1.051524481343420121e+03 1.415361572129835167e+03 1.313689362900141759e+03 3.841703225589059230e+02 8.224177950266949892e+02 7.512080828279893296e+01 2.005238653601781778e+02 9.163926158712221195e+02 8.543831459745453003e+02 4.285552934715927336e+02 7.365499740705834029e+02 3.512108667962890536e+02 -1.467521389958090872e+01 -2.112228585961130375e+04 1.084071811815065448e+05 9.918464800550264772e+04 2.027507089469274797e+04 4.569904045981389373e+01 -4.011315095592070065e+03 1.192516267764402437e+04 3.692096118497866428e+03 2.745789277371538265e+04 6.105387073398256325e+04 7.066828592954078886e+03 -4.025564973366192589e+03 -3.195494957557195448e+03 -2.329295817990660282e+02 5.082588987292788261e+02 1.648562458582883892e+03 4.481298458077877513e+03 -5.447834845361168163e+02 1.202323887927510214e+03 1.257379207659706481e+03 3.365426699611847994e+02 -3.992716115702385764e+02 2.152615713858059735e+03 5.385915747506804792e+02 -3.893808559177102211e+02 -9.049809615667398930e+02 5.804104368200349029e+00 3.955035734492367396e+02 -2.545382550894358701e+03 -8.726989270063182857e+02 -4.399013797709323262e+04 -1.010940801083122460e+04 -4.026739035532918206e+04 -1.590049093657449339e+04 -1.821621308553252311e+04 7.947483914604430538e+03 1.811339258110741139e+04 1.618136091255738211e+04 8.811120743849225619e+03 -2.003741079115612820e+03 -1.551339659533887243e+04 -7.003485796322546776e+03 4.690379255962673710e+01 -3.318981466062018626e+03 1.978438258457359780e+03 2.471587295375403755e+03 5.504889861994023477e+02 -1.158532989300186046e+03 1.476575865993744401e+03 5.037839700703395351e+02 2.109786229122927580e+03 1.441736528847357249e+03 1.655112655857178879e+03 -1.253186243317946719e+03 -1.454794791438188440e+03 1.158471839142661338e+03 1.446494574342742290e+01 -5.541700251442986200e+02 2.343240315263703906e+03 2.010764125270855857e+03
1.800813148718026059e+04 3.416627425494256840e+03 2.644111243603098774e+04 4.170447594317102812e+03 2.087399071894590634e+03 9.862233279838699218e+01 -3.360673342339400733e+03 3.090175543414325602e+03 9.897628926664687242e+03 1.965505898200514275e+04 5.015612046155188727e+04 1.455223110443318910e+04 5.063871091865387825e+03 4.364950180805751188e+03 1.588483335880231380e+03 7.692798087488678220e+02 9.606532058822556337e+02 6.048425730789821273e+02 6.628258478455496743e+02 9.444475358268704213e+02 9.841912340705162023e+02 8.312399040133078643e+02 5.431282852833094239e+02 5.556500361364617220e+02 7.477773208789618593e+02 1.011800070776877533e+03 8.061245244267709040e+02 6.695075291628853620e+02 8.146393046395755846e+02 1.893859180955229533e+02 6.638008481403693440e+04 -2.451500329779222375e+04 7.778229082749361987e+04 -8.437343190189793631e+02 9.988726655982522061e+03 -7.099428730993671707e+03 -1.006244765068215929e+04 -1.341879944174502998e+04 -2.837854331457715034e+03 8.107428982438565981e+03 3.395251536647252942e+04 4.275775554682350048e+03 -3.746388548303872994e+03 -8.036604005246305178e+02 1.558131560186009438e+03 2.085112048675403003e+03 -3.537072390254762126e+02 1.505949838222517201e+03 -1.530710610938780519e+03 5.003835286327722542e+02 -2.287361730725926918e+02 -2.010815060331933410e+03 1.503709329589625213e+03 -3.129170418392699276e+02 -4.438307439841325959e+02 -1.435358339610639632e+03 -1.189980223570211592e+03 -1.439920333731309370e+02 1.366212128743100948e+03 1.260167847314814480e+03 -1.008316830370709249e+04 5.739774597055078630e+04 1.841663901370845633e+04 -1.602891043499329862e+04 1.873498400814557317e+04 -2.215104278836616686e+03 -8.974207199610245880e+03 9.038941579766704308e+03 2.953797330965605852e+03 4.330828571364599156e+03 8.240644183279186109e+03 4.377726711240420627e+02 -9.804413371292936574e+01 -1.538230510775564426e+03 1.295969426700159147e+03 -2.013744198589061398e+03 -3.954691203425519461e+02 -3.832695318491037710e+02 -4.129582389120415428e+03 -1.341774914565439303e+03 1.963997812134258538e+03 -1.730969951716992909e+02 4.780316290529293042e+02 7.878163029498373362e+02 -1.153639299698971172e+03 -2.125819800862890929e+02 -7.104309164003649357e+02 -5.411161403622483022e+02 1.940535897768240147e+03 9.905907100892669632e+02
-4.753151860122029029e+04 2.033364723913646230e+04 2.377258855934692110e+04 7.064056624390336765e+03 6.255306833703108168e+03 2.902749466993242550e+03 6.224962439691751570e+03 4.540983558777626058e+03 3.237788221789244744e+03 5.470038546381510969e+03 1.455223110443318910e+04 3.434016170252715528e+04 1.068431105903882781e+04 2.990794349872561270e+03 1.476640602686129796e+03 1.290691655643787499e+03 1.110969165606654087e+03 -8.862841528409080638e+01 9.811101265695639313e+02 9.025590569545437347e+02 1.208469713616683975e+03 8.210638367326632761e+02 1.240417964680067143e+03 8.467819115208615131e+02 6.399596786130698547e+02 7.324338567460212062e+02 6.917422809049483021e+02 1.007532800892476075e+03 8.610858023474290803e+02 7.112535825335961590e+02 2.517812161662740255e+04 1.144005206037006865e+05 4.710318305467471509e+04 7.806563631462474405e+03 7.336948500733613400e+03 -1.451116215791583090e+04 7.001184391908674115e+03 8.225667222679294355e+03 -9.953196526990521988e+02 4.403932508179551405e+03 6.474488976041386195e+03 2.854922606903582346e+04 5.069530800456374891e+03 1.251033355492412056e+03 8.220465033583762988e+02 9.858787323949597976e+02 1.370966498347005654e+03 1.418278101910862233e+03 -1.299198363248427768e+02 8.763957387370080596e+02 5.286771795184744178e+02 4.844372708806738501e+02 1.844064143805965614e+03 9.921124460993414687e+02 3.545069470958827083e+02 -7.844632453606420768e+02 -4.058350309891441725e+02 -8.651070147680635500e+02 -5.868153321593384675e+01 5.729190226251875373e+01 3.614832244500600063e+04 5.180616534087731998e+04 5.068356042181551311e+04 4.221057622183322383e+04 3.163413176599785288e+02 -2.186723740836067009e+04 1.787866135429947462e+04 1.792430075628479244e+04 -1.084642409241256064e+04 -2.341913268857848834e+03 1.140894649307870850e+03 6.089918840338724294e+03 -1.254306136427803040e+03 2.227321208890576145e+03 2.944427668257669666e+03 -4.418725076647744572e+03 1.896361549200167929e+02 -2.069990027800018652e+03 -3.399941754482073065e+03 -2.140207607187364829e+03 1.746697345021068259e+03 1.626502378916226235e+03 -2.787918204779373355e+02 -5.969213515960133236e+02 -1.070822531960358219e+02 1.000496372144684301e+03 -8.072271239978741733e+02 -1.257362009675723129e+03 4.160421810468305353e+02 -5.017279405277615751e+02
-9.305175694969269671e+02 2.249645871639963298e+04 1.042766691778604400e+04 2.878044604621836697e+02 5.290773717027866041e+03 8.951298986304032042e+02 1.684573967943226307e+03 1.226906527220405536e+02 3.486163971895508439e+03 3.122292533259992069e+03 5.063871091865387825e+03 1.068431105903882781e+04 2.794422697816774962e+04 7.738783220374408302e+03 1.924075504318180492e+03 2.158953225087522696e+03 2.464097274650549934e+03 1.309466461211456590e+03 1.129999029223084108e+03 1.395248683881620082e+03 1.000571474665819437e+03 8.664294642856733617e+02 3.729281354461325009e+02 1.458394583526327892e+02 7.413497763794229058e+02 2.563166678435717358e+02 5.287399111774790299e+02 8.324705778737254604e+02 6.314137789410596042e+02 4.232886348792313811e+02 9.328101721209172683e+04 1.380653089240328118e+05 3.984443860268052958e+04 -2.399840435141406851e+04 6.467850312805180693e+02 -3.921393342900099469e+03 -4.169026524668899583e+03 -4.016060538692692603e+02 3.468846973463747418e+03 2.762574176431638080e+03 -5.167459097158788381e+02 6.302377192817413743e+03 1.319311291572264963e+04 1.188984324671110471e+03 -4.761768866189462983e+02 4.145616843995529166e+02 -3.427712527030109158e+01 -6.311832285968673659e+02 -2.627345697017896100e+02 1.323981777045266426e+03 3.033945742924121873e+02 -1.019877964802785868e+03 4.521765666192128492e+02 -2.454436316427326403e+02 -9.225492090661131215e+02 -1.622715196933773086e+03 5.114764216356033444e+01 -4.320649349618897190e+02 -1.624422966129910719e+02 -2.940368776366466363e+01 -3.194894828102173051e+04 4.988598065358951135e+04 -1.520175448729192794e+04 6.886948482772216266e+03 2.333990395181892382e+04 -2.134155629143470651e+04 1.234535485179725038e+04 9.046837439412587628e+03 -9.228631036651837348e+03 -2.802018551797444161e+03 2.496975677986592018e+03 7.860105476510450899e+03 8.499529620826524479e+03 1.756497554627854925e+02 6.842675462766766259e+02 -1.524434996957791327e+03 3.327488279189529408e+02 -7.702778380235820066e+01 -3.662431586052342709e+02 3.664580716695402884e+01 1.779036914207178143e+03 1.342888476900827300e+03 1.087922302202974834e+02 -9.425300973027641476e+02 -4.188663750073673668e+02 -4.724771923546530843e+02 -3.067328800558946114e+02 -1.353824843384080623e+03 -1.564306531467413492e+02 6.953234061654266043e+02
-2.624955894578707739e+04 2.859921784074493189e+04 1.180651021307646806e+04 5.832861153312064744e+03 1.655973280501558838e+04 9.911524637336740852e+03 3.063987461885597895e+03 3.433842355613229302e+03 1.474036023286156706e+03 3.308976709330225276e+03 4.364950180805751188e+03 2.990794349872561270e+03 7.738783220374408302e+03 2.329670873198479967e+04 7.067909905783205431e+03 2.776582192928613949e+03 1.653568274530974350e+03 1.352843832750508000e+03 1.917777983506729925e+03 1.774015690097943207e+03 1.364967103356211510e+03 1.227848332704439599e+03 1.174259418710816590e+03 5.480355963658388418e+02 8.384525922787130412e+02 6.868622707303974266e+02 9.371790401859250323e+02 5.487378972155637484e+02 2.802190038925543263e+02 4.154923819548368868e+01 7.082946595304610673e+04 4.671265026440646034e+04 1.430343681832617949e+04 -8.202614409559933847e+03 2.815430710123299377e+03 1.329109506052861798e+04 4.855220428370937952e+03 3.528382282570309144e+03 3.953473807174439116e+03 2.965269995619242763e+03 -1.399688107637028452e+03 -1.845664621661053388e+03 5.099071326050874973e+02 1.380217794776985829e+04 3.914738506640076594e+03 -1.187644032634689438e+03 -5.570346083078954962e+02 -4.567694875321698191e+02 3.334308436541550122e+02 8.456962130634811956e+02 5.937437768174888788e+02 3.137333827959060528e+01 1.262860716724829445e+03 -1.614227164146617213e+02 -6.710855846004180876e+02 -2.174906975292729214e+02 -4.222004480567881046e+01 4.216593737895339444e+01 2.309859220571762535e+02 -4.383045187137522589e+02 5.540464112430694513e+04 -3.263564340720933251e+04 2.488473147295715899e+04 -2.105091789287119173e+04 5.834914772975914275e+03 -2.821117869675108523e+03 -4.047862404967370367e+02 7.252027403715841501e+03 -2.574696135714091270e+03 6.649711528868144796e+02 1.430283856597634440e+03 -4.100740957146184883e+03 -6.081017529053211774e+02 2.388643808465715665e+03 -2.842527331739844158e+03 -3.434409905916883417e+03 -2.524261895095178261e+03 -6.112061907940101264e+02 -1.633230356037324555e+03 5.801704695610683160e+01 -8.759902842477666809e+02 -1.329218065718722528e+03 -3.559440638038469018e+01 -9.344809255807858790e+02 1.229674837563930936e+02 -2.032423933919216665e+02 -1.902185704227566987e+02 -7.582875829849565434e+02 -3.793017184803034070e+02 -5.515087256653711165e+02
2.005327744420582349e+03 2.331196358241633425e+04 1.937896061622957131e+04 3.066804794869424768e+03 1.525966164676711924e+04 5.658648746367128297e+03 4.543240286838334214e+03 2.884474604791376805e+03 2.811823758932702276e+03 2.560255055874577920e+03 1.588483335880231380e+03 1.476640602686129796e+03 1.924075504318180492e+03 7.067909905783205431e+03 1.737067468438773722e+04 5.156688305086544460e+03 1.820238079239947410e+03 1.438545420467908116e+03 1.267583160134591708e+03 1.610431638058119688e+03 1.023368364760206759e+03 1.094617902528522109e+03 1.115412447818500368e+03 3.511104442104341388e+02 2.889983817894510025e+02 1.825485940049230464e+02 9.820687465734990838e+02 8.802813064910708363e+02 4.679103963759357043e+02 4.644178542853711065e+02 -6.513325331510283286e+04 8.234135332975839265e+04 1.414957748959518358e+04 -3.694558074978423519e+03 1.282193966208019810e+04 7.519516159769008482e+03 1.106735714183592563e+03 2.025455896123578668e+03 1.966989742040386545e+03 2.746243867469018369e+03 1.320109366736345464e+03 -3.372433764936729403e+02 2.027479293876493784e+02 5.354195796765207888e+03 9.958350571432974903e+03 -8.038021815585732384e+02 -6.391766215595165477e+02 -2.678223708075726677e+02 -4.034697214501217104e+02 1.097416560681714827e+03 8.333860113992809602e+02 1.003616487984426442e+02 8.158122266552261692e+00 1.698790406169375728e+02 -3.322937248571344782e+01 -1.743307335060861760e+02 -1.698671143995846649e+02 -3.975233227089231036e+02 -1.632577140453022650e+02 6.609243724177744070e+02 4.546708188365718524e+04 4.007474198727584007e+04 -1.142098580113544449e+04 -7.909358992142188072e+03 1.911661978605123068e+03 6.765675391474092066e+03 -5.920562962721376152e+02 2.672506819030333531e+02 -2.462027410745926318e+03 -1.164068263760656691e+03 7.706666299373183620e+02 1.010790596765556188e+03 2.398382923817835945e+03 1.547504443193698307e+03 2.965258912821127524e+03 -4.174387910605893012e+03 -3.104342918721473779e+03 -1.056117242986861356e+03 -1.522152948443138939e+03 1.487954496203238477e+03 -6.383468919881793227e+02 -1.249393725599911022e+03 -5.874377316120933301e+02 -2.902663670218979632e+02 4.289981956836879817e+01 -4.149461419402389879e+02 8.847902809984653913e+02 -7.504279285740949490e+02 4.050271660854799620e+02 -7.069869008510526101e+02
1.193708205433384319e+04 -6.462213798949362172e+03 2.154408546856405519e+04 1.088421945050442991e+04 1.158518789058058064e+04 6.954771653346385392e+03 1.130802992649415046e+03 2.423546299756975259e+03 4.088758774248333339e+02 1.932965237872591615e+03 7.692798087488678220e+02 1.290691655643787499e+03 2.158953225087522696e+03 2.776582192928613949e+03 5.156688305086544460e+03 1.475287251482502688e+04 4.452468774411493541e+03 1.982116432407711500e+03 1.348757776576514289e+03 7.181177578640139245e+02 6.381106130632645090e+02 9.864725209706291480e+02 8.158575768852336978e+02 6.801011458460511676e+02 6.763713622109373773e+02 2.435753439698014233e+02 5.448859667780501468e+02 6.594458040723333170e+02 3.899707668595346490e+02 1.377112155205273609e+02 -1.647524385008456375e+04 7.254493018618659698e+04 5.736926026079205621e+04 1.421137782707053520e+04 1.103179227118967901e+04 1.492523154360739318e+04 1.133667458231051387e+04 9.517213415305486706e+03 3.690121335661139256e+03 1.905403341619286266e+03 2.634770136705377581e+02 2.622740434346644633e+03 2.710401139326467614e+02 3.864830408111077759e+03 1.887594831149334595e+03 7.696672094518694394e+03 1.323979955967730348e+03 -8.934614471152855231e+02 1.653968610536824713e+02 1.308645385600062355e+03 5.800699542768555830e+02 4.450209896623599093e+02 -2.159722379291918060e+02 5.091025950520233891e+02 1.597968198861994438e+02 -3.835716637177434905e+02 4.530640181292391162e+02 1.453700030717899381e+02 1.338478019811803676e+02 -4.666258638626098687e+00 3.326838164006094303e+04 7.493249956581933657e+04 1.268023310987372861e+04 -1.569506114587457523e+04 -1.309058751468845185e+04 -1.244865521954172618e+04 -2.845166636059998837e+03 -3.240797437334127608e+03 -8.892727353905640484e+03 -1.475105075477257969e+03 4.233287231284884911e+03 -1.631536861545016563e+03 4.367660052329101745e+02 2.002899194089105777e+03 8.886065710539182874e+02 1.059219588670682924e+03 -1.516938632751781824e+03 -1.955970700703926013e+03 1.717323701136608634e+02 5.969212239629265468e+02 6.654531333602736822e+02 -2.066430223682093583e+02 -5.822006573614158924e+02 -1.125352833225107219e+02 9.751048073122434801e+01 -2.714933653230388586e+02 5.496019629787977010e+02 1.147057900952948330e+03 5.084617265522715570e+02 -1.991785339793321157e+02
6.242156554094658532e+03 -7.184906017998451944e+02 7.779459649279897349e+03 9.396489589213269937e+03 7.819154704403694268e+03 3.987485336003499469e+03 1.185900524009730134e+03 3.642836396078956113e+03 1.741714587571478887e+03 2.650990347571469556e+03 9.606532058822556337e+02 1.110969165606654087e+03 2.464097274650549934e+03 1.653568274530974350e+03 1.820238079239947410e+03 4.452468774411493541e+03 1.175197533771324379e+04 3.957697204680222967e+03 1.571439279666871244e+03 1.248329287680528523e+03 6.940034348150105643e+02 5.812777140679595504e+02 3.793789431467346844e+02 3.678403603201803662e+02 3.611595596032126423e+02 2.696591872441807141e+02 5.207976359948086156e+02 4.764470231477856146e+02 2.977716199666285775e+02 2.865438707992429954e+02 3.773436750163726538e+04 7.530717778501848807e+04 -9.830804616895840809e+03 1.202999715375806227e+04 8.292068740928627449e+03 4.450205826638952203e+03 1.168512686582483866e+03 4.253848055324695451e+03 6.332477753655062770e+03 4.633854637103134337e+03 3.957924231433546083e+03 3.859567763162918254e+03 1.195732580905816576e+03 -8.421839473558326006e+01 1.156521475132794876e+03 -9.790003384511324569e+00 6.689924892480442395e+03 5.144189399555043565e+02 -4.755743375173791065e+01 5.296261193914218666e+02 5.544436360058465425e+02 3.738515008929318242e+02 7.142051323774212506e+02 3.705908507586444216e+02 -2.563932787206729813e+01 1.167710498665817198e+02 6.982551404700169542e+02 1.041981986023604918e+02 2.184532315493449062e+02 2.222304568006335330e+02 6.877418601586786099e+04 8.029181064066791441e+04 -1.033218788509151818e+04 -4.493234123526885378e+04 -9.859973627676969045e+03 -4.506776266358883731e+03 -2.380949473094446603e+03 1.052603577654132891e+02 -1.994776166315431055e+03 -1.723210794253027643e+03 3.807671114086055240e+03 4.539821190813608155e+03 2.517084612266491149e+03 1.138493127641477486e+03 2.414575257287489876e+03 3.035668775169846754e+02 1.553016131263403167e+03 -3.388622256251906606e+02 2.256805543025465397e+02 1.550964485911119709e+03 4.875255469668354067e+02 5.450083958154637997e+01 1.025355716348953763e+02 1.063421434094337883e+03 -8.714099686336202240e+02 2.072708902946649232e+02 8.304434421387800285e+02 5.004952836206638267e+01 1.012339277891864413e+03 9.874676968262846231e+02
