2.368535775606503487e+08 2.775629240051398426e+07 -9.704947272390924627e+05 1.273503414716648404e+06 4.178195609304136597e+05 1.304584610024595895e+05 2.643936568292865413e+05 2.759550811748446431e+05 3.565812553859118489e+05 2.905601288809483522e+05 2.221097378322199220e+05 1.889956521777230373e+05 2.457319276476260857e+05 1.595747219052808068e+05 -5.178032175982477929e+04 5.607415311597489199e+04 4.507797267159033800e+04 6.193895695385599538e+04 8.279659502115185023e+04 4.812148209038349887e+04 1.100980957557061774e+05 1.884545009220177963e+04 2.733577471032681569e+04 -2.814831202422189381e+04 3.460576787300565775e+04 3.002705982370030324e+04 2.705911067898746842e+04 5.621981744953691668e+04 3.801227123190183920e+04 -1.457028040426015650e+04 3.851286061764167994e+07 5.079290021728669852e+07 -5.908941088343583979e+06 -2.422021542647989932e+06 7.775254566746400669e+05 4.847667040187103557e+05 6.043280520809365044e+03 -2.011297127628650633e+05 -8.034292760226210812e+05 -5.934024095086175948e+05 4.111372811790833366e+05 1.639890254535807471e+05 2.606011173914282117e+05 -5.025256116489415290e+05 -5.808460400608005875e+04 1.015190030372073088e+05 3.367532538588321040e+04 -1.233344492939876363e+05 -1.247764087128204847e+04 6.139912373991360073e+04 1.755082450530200440e+05 2.475022742660369840e+04 -6.651651972742163343e+04 7.118905568949117878e+03 -6.878493081260784265e+02 -4.808014523276357068e+04 2.961228131846979159e+04 3.441198285028193641e+04 -2.776312432755242116e+04 -3.460643860163382487e+04 -1.793693627451364696e+07 2.117116409568258375e+07 6.376539546675420366e+06 -2.557511990286242682e+06 2.312904989083859138e+06 2.906035699813796091e+05 -7.565254672183403745e+05 -2.066471318034527940e+05 -3.791039719295345712e+05 -6.398340118719397287e+04 -4.161020724300034926e+05 1.000590848860715050e+06 6.301121393429569434e+05 -2.512528118546231053e+04 1.891106925515618932e+05 6.612894015800244233e+04 3.473108638138105161e+05 -3.844994951198721537e+04 -1.177372743088786810e+05 -3.762945557708307169e+05 2.216852955063042464e+05 -7.979237380211969139e+03 5.741279659784421528e+04 -7.590162034029123606e+04 -1.524389960914566473e+05 1.153214712234563776e+05 3.397752459261655167e+04 -1.452752880502807966e+05 -8.023926242280364386e+04 1.559805224305071461e+05
2.775629240051398426e+07 5.746924979791114479e+07 8.061265995824508369e+06 1.709431790939210681e+06 7.846898794768500375e+05 2.679796747635790962e+05 1.796526343332347751e+05 4.404525732653397718e+05 1.975790295499842614e+05 1.764155249825712526e+05 6.524095282175218017e+04 5.689640493242633966e+04 1.475752885242608900e+05 7.607605021449357446e+04 4.951997728924035619e+04 5.704874391075321910e+04 4.667266344297709293e+04 2.343070136770509635e+04 3.060256538262765025e+04 3.652136859202041524e+04 4.891800064178748289e+04 4.892399194694093580e+02 1.446222903955490801e+04 1.458275210355548552e+04 3.763912897693357536e+03 1.995051055215220185e+04 3.902392533725974317e+03 1.944971645542081387e+04 1.193027974610478879e+02 2.345027021851353129e+04 1.237556697337211482e+07 2.037639396219329908e+07 5.967771570332293399e+06 4.218495347548304126e+05 8.451595647477535531e+05 -5.481327625036877726e+04 8.462287941318778321e+05 -1.040514217327741062e+04 -3.478995741061097942e+05 -2.080335022599437798e+05 -1.378729513454718981e+05 -9.355356022703484632e+04 2.363843704401648138e+05 6.741528386336319272e+03 -1.286061185871637572e+05 -2.184498344329799875e+04 1.210135518646672062e+04 2.275833845482940887e+04 -3.604335004370103707e+04 6.804614971550490009e+04 -7.365054533213936338e+03 -1.186539119509263219e+04 2.238666035277049741e+04 4.542791009125005803e+04 5.040293028464887902e+04 -3.315133158463536529e+04 2.863377237890608376e+04 7.438650999808887718e+04 2.631464358097270087e+04 -2.091297232582432844e+04 1.053287563502008282e+07 5.640769414518154226e+05 -2.167247206980244722e+06 -1.896716186502963537e+05 4.282696270693674451e+05 1.815250107937932014e+06 -4.464635402730917558e+05 2.271436995867239020e+05 9.255160489908287127e+04 -1.953469471268001362e+05 6.967936152861420123e+04 4.477352259994205087e+04 9.853995690541324439e+04 1.590317090373462124e+05 2.573912922859468672e+05 1.052599222281543916e+05 3.598453784911782714e+04 -1.615078836127487302e+05 9.798571051754005020e+04 1.492440594240856881e+05 5.051811139801607351e+04 -1.626930414909768660e+04 6.224064914059828152e+04 1.252840861129831137e+04 -2.207716746035859614e+04 -4.230407275395638862e+04 -7.482135751643323601e+03 -1.408842338560252574e+04 -4.944986849379169144e+04 3.958236790828908124e+04
-9.704947272390924627e+05 8.061265995824508369e+06 1.737830639564983919e+07 2.467534529578711372e+06 3.025902740999664529e+05 -2.677302165916155718e+04 -8.597086351972460398e+04 -6.244610431885090657e+04 8.806265731509403849e+04 2.294525232082161529e+04 8.124208251682332775e+04 4.248932714119356388e+04 4.948082237785362668e+04 7.124837125979161647e+04 7.043288225689862156e+04 7.445675149791596050e+04 5.637381555982856662e+04 -6.422912000934010166e+02 3.478371061715584801e+04 3.213135181112690771e+04 3.704214843952323281e+04 6.641177850035092888e+03 1.151031685520769315e+04 1.311089033064796786e+04 2.347982900184754908e+04 3.065579113080192474e+04 2.335239461283255878e+04 1.313906101697740451e+04 2.124834959735597749e+03 -1.256034430009280914e+04 3.045566751349297352e+06 6.298360328033063561e+06 4.909243543633755296e+06 2.792717599016917404e+06 6.835286382095384179e+05 -4.802839346482316614e+05 9.525460381550399688e+03 -1.026116237478897237e+05 2.273762785891280218e+05 -4.207040739887220116e+04 -4.799037115889550478e+04 5.201060934655070014e+04 2.412561043854439413e+04 8.867860465044886223e+04 1.655414187423668636e+03 7.593248321917676367e+04 3.665174751574626862e+04 7.327130127236065164e+04 4.776989510298856658e+03 4.540029335160287701e+03 -6.517559731174218905e+04 -4.484842600769894489e+03 2.986546677265819744e+04 2.203533590279526106e+04 2.776252314626859516e+04 -7.580998340712317258e+03 2.800214575987118224e+03 -1.363206007206818504e+04 -2.682479851168730420e+03 1.733701493196892261e+04 2.676639122284038458e+06 -3.020844474656989914e+05 2.412040718226333614e+06 1.181342180899282685e+06 9.855652779611459118e+04 6.936485991534201894e+05 4.560396791899102973e+05 -4.847200767723612080e+04 -2.226622586380237190e+05 1.240743724242880489e+04 2.815759322668650566e+04 5.195114705551077350e+04 -1.870855220006215677e+05 -1.982196455988644084e+04 -2.787301213101368558e+04 -6.973498750605301757e+04 -1.058538755845053383e+05 -7.838685817767363915e+04 5.350107113340444630e+04 4.757628103576201829e+04 2.168418446209273679e+04 8.845270808473695070e+03 -6.283469679453122808e+04 -5.496476990350044798e+04 9.262301897889907195e+03 -7.037134579960533301e+04 -4.051405328974880831e+04 1.976768840651871142e+04 -7.201560672260480715e+03 2.000552727707998929e+04
1.273503414716648404e+06 1.709431790939210681e+06 2.467534529578711372e+06 5.990786806889853440e+06 1.102941779761035461e+06 2.577449184284771618e+05 2.805111721346444101e+05 4.168861835453815002e+04 1.395378905170077342e+05 4.040368272288821026e+04 1.039063435000454338e+05 8.867105374079158355e+04 6.649085770562045218e+04 6.873147785848121566e+04 1.588933309334505248e+04 4.144000654619839770e+04 1.225490826817721654e+03 1.263848595951772404e+04 1.766878288936977333e+04 1.373370115068893938e+04 2.151045532677053416e+04 7.392782484238038705e+03 5.742089883586404540e+03 1.901841781853199063e+04 2.021464312895146941e+04 1.354251452728748336e+04 1.021416392553255537e+04 5.151586780036481287e+03 6.372239557395058000e+03 6.846187912361193412e+03 2.241391583085076418e+06 2.483675407574876212e+06 1.635420330603934592e+06 2.915957685500700027e+06 1.180745497216471937e+06 2.263856085002440086e+05 9.064166923492275237e+04 4.293194897545581625e+03 1.145753806071482395e+05 3.647586785036166020e+03 -3.820534285293876746e+04 3.494325606544858601e+04 1.590178272490830932e+04 -3.696285609739540087e+04 -2.375345365728522302e+04 5.380930943884482258e+04 4.768675653905881336e+04 7.612936247765409644e+04 -2.281414251121013513e+04 3.131343723199258602e+04 1.332456127915367688e+04 -6.850929156474734555e+03 1.806359548086370341e+04 3.840670500357013225e+03 -5.716135591625044981e+03 1.893570865159896493e+04 -1.400867381647556249e+04 8.727854076331857868e+03 -2.731391102054010844e+03 6.693775255206413931e+03 9.056325676924597938e+05 1.040400326374958968e+06 -1.649583637675922655e+05 3.565288359383186908e+05 -3.323063533325298922e+05 5.130807501402540947e+05 4.056106164355905494e+05 6.741321452332987974e+04 -8.340775448963884628e+03 -4.659302520286227082e+04 5.161082489242657175e+04 1.183324354506107775e+05 3.951570261989491701e+04 6.480689605744154687e+04 -2.683581902437259851e+04 1.134615832883322764e+04 2.091317515304950211e+04 3.635542286612778844e+04 -1.409534303428629573e+04 -2.716108590934974200e+04 -8.115781391748731721e+02 1.456855080607648779e+04 -3.871647131518226615e+03 -5.329657132634463778e+03 1.902593787422538298e+04 -2.088085484614046072e+04 -1.830031840159621788e+04 -1.025563526016617288e+04 2.910215176560500913e+04 1.233312144039102168e+04
4.178195609304136597e+05 7.846898794768500375e+05 3.025902740999664529e+05 1.102941779761035461e+06 2.753809969833703246e+06 4.338447053416260169e+05 9.207123157714736590e+04 6.868058475934754824e+04 8.673337516304313613e+04 8.915489199436298804e+03 2.355095330966651818e+04 3.818348170476254018e+04 2.940294580701619998e+04 2.107263857422579167e+04 1.833872576025042872e+04 4.671072305483538003e+03 4.642338829153753977e+03 5.058308842583014666e+03 1.220439674263603229e+04 -2.483220171114862751e+03 1.610052204488255484e+04 1.442753315523430501e+04 1.655030877861121098e+03 1.057168343627009563e+04 7.186801919232922046e+03 1.527258685169757939e+02 5.331579762890844904e+03 4.023712248863801960e+03 3.039700857025851747e+03 -8.779546761741456748e+02 -2.139726568841770350e+05 4.839330362029952812e+05 3.058461385569630074e+05 1.201086487872498343e+06 1.002661843215043773e+06 3.195487058976918925e+05 1.365201802681446425e+05 5.370893936043358553e+04 7.190440076045344176e+04 8.203930359909420076e+04 4.973819095730304252e+04 6.727507752298866399e+04 1.969917565465466032e+04 -4.519913981117677758e+04 -6.406042237522509822e+03 7.955360318794712839e+03 4.321487924291738454e+04 2.300068074412346687e+04 -2.931906619305994900e+04 2.435049858961508289e+04 -7.336874727580323452e+03 8.538505253300452750e+03 -2.614345013376047973e+03 8.605755566885129610e+02 1.649646135303280607e+04 6.359705985074559976e+03 -1.177064350742885472e+04 3.302075979882634329e+03 -1.005607790273481260e+04 3.624536395216943220e+03 -6.460098734885802260e+05 6.558018096562274732e+05 4.495313428384241997e+05 5.304381386237720726e+05 -7.331052548963342269e+04 -2.245113103488403794e+04 8.553994421155253804e+03 4.858082051896354824e+04 1.322583041428301658e+05 1.953140586722789521e+03 -9.903171687385140103e+04 4.219016308321958059e+04 4.676729127081869228e+04 -1.434773608175404661e+04 -1.958956812028876811e+04 1.033652861444290102e+04 -1.146806139361013265e+04 3.271164826548443671e+04 -5.389807955165963904e+03 1.347869854538077016e+04 1.276234805953951582e+04 -5.632099404015660184e+03 -7.064712278268088085e+03 4.019967745980731593e+02 9.689812516484664229e+03 -3.583255162423669844e+03 4.246149711176557503e+03 -2.202592136310516435e+04 -2.702414475887656863e+03 -1.905912074458334018e+03
1.304584610024595895e+05 2.679796747635790962e+05 -2.677302165916155718e+04 2.577449184284771618e+05 4.338447053416260169e+05 1.316060496571995085e+06 2.542786292608813965e+05 1.003227002930455637e+05 3.684961109577472962e+04 1.347279043897657539e+04 2.698901033776395343e+04 3.929166331073781475e+04 3.140604017737462345e+04 1.756374839726573191e+04 2.009268007657655835e+04 1.809231965025204772e+04 1.290968511205380310e+04 8.029408223058901967e+03 5.643282855259922144e+03 5.629784366079221400e+03 9.368371611551217939e+03 1.170179319573107023e+04 4.516903534478426081e+03 6.562838562232170261e+03 5.989241009694450440e+03 1.193303011429953403e+04 2.618030366645821687e+03 1.200606043364907691e+03 2.934232098853336993e+03 1.917141892823458193e+03 7.162835690529234125e+04 -5.852491372821823461e+05 -6.025901143803230952e+05 3.418173308227584348e+05 4.094572649739462067e+05 4.530915871619968093e+05 1.998714368848239246e+05 1.983565579972192063e+04 3.227827505965893124e+03 1.401595760177579450e+03 7.502670474947508774e+04 -5.454646101712221935e+03 3.953756911720496282e+04 3.881194580294232765e+03 2.124744110153613292e+04 1.532515415236121953e+04 1.484520351213906724e+04 4.962819254625784197e+03 -1.308649711948132790e+04 1.831108790701892212e+04 -1.063138504672842100e+04 3.106832260421092087e+03 1.324590829334067530e+04 4.020252623380664772e+03 1.359531173542208671e+04 1.502595610704042520e+04 4.271693677210484566e+03 -7.296185717692266735e+03 1.227152919618441274e+03 -6.230748572172379909e+02 -4.900222799493530765e+05 1.100807717304045102e+06 3.841040259265686036e+05 3.656296343503753305e+05 -1.238110883061137283e+05 -5.477627212778414105e+04 8.523088934744651488e+04 8.470783324258769426e+03 6.020613069456202356e+04 -1.606217674285677640e+04 -2.072622972665945053e+04 2.215306719197827260e+04 7.511539719504987261e+03 1.313540541166452931e+04 -3.771481074859138607e+04 -7.296507363884283222e+03 1.682115932174479894e+04 -1.119147960871709074e+04 5.465530304717938634e+03 2.080363292135521260e+04 -8.235832974841608802e+02 -1.169613954304139224e+04 -2.157347848302574857e+04 -1.611797766638630037e+03 6.974314583051681439e+03 1.333922748469869657e+04 1.829460779139542501e+04 -3.721676814994602410e+03 1.932114388843918960e+03 -1.363797962052090270e+03
2.643936568292865413e+05 1.796526343332347751e+05 -8.597086351972460398e+04 2.805111721346444101e+05 9.207123157714736590e+04 2.542786292608813965e+05 7.528183655085561331e+05 1.208320295812010299e+05 3.594857548254941503e+04 2.711091969182640969e+04 1.727843046073795267e+04 1.949277968823134506e+04 9.091298805583024659e+03 1.835116731188047197e+04 9.624281707642303445e+03 1.821289289468159768e+04 9.052306760469309665e+03 1.016190110018910127e+04 1.204030836931784324e+04 8.501152856733910085e+03 3.238912579159585675e+03 7.629239482615128509e+03 8.201274644725517646e+03 6.207063787340770432e+03 -1.359089282432991013e+02 4.552218933676819688e+03 2.036816272978666120e+03 2.864004836446466470e+03 4.060650382183157490e+03 3.032441659180181887e+03 1.138499421584920958e+06 -2.393076475873928575e+04 -6.138391336561541539e+05 -2.119786388240993983e+04 -1.012677973328177322e+05 1.512756983571441087e+05 3.260624303654912510e+05 9.003051384719366615e+04 1.530482829000377933e+04 -4.415082275095877412e+04 1.367877652501928242e+04 1.506719020583837391e+03 1.056982193875391567e+04 -1.459751065753880357e+04 1.615176838375286388e+04 1.780282373161118085e+04 2.307655605772022318e+04 5.667841374501500468e+03 7.888176491906800038e+03 1.339076902894488194e+04 -8.704377725816134443e+02 1.341456190804847756e+04 6.842774900703091589e+03 1.146128910139466461e+04 2.570583943135072786e+03 3.638269008800866231e+03 4.813513960851103548e+03 -5.264554759330534580e+03 5.762713629338695682e+02 8.147008293203628455e+03 -7.013619245196240954e+05 -3.735291535803080769e+05 -2.302474187026096915e+05 -1.466173219615615380e+05 -1.716548807981625723e+05 -1.044074907863811095e+05 4.736167407730250125e+04 -2.615797103204246378e+04 -3.405417004193617322e+04 -3.276773022830824993e+04 4.540327791257726494e+04 4.546735846837705321e+04 5.042644321879211930e+03 -3.677023253979125911e+03 -5.063848338868858264e+03 2.414007132348442155e+03 -1.758330314164966694e+04 -2.706888268618708025e+04 4.944853815967132959e+02 -5.301086424899592203e+03 -9.722246500674151321e+03 -6.239754371718765924e+02 -1.274577588956095678e+04 1.123199689623474478e+04 6.008140589212694977e+03 1.131935886546666916e+04 3.916134609646967419e+03 3.105843274661311625e+03 5.809005928583540481e+03 2.818337752012183500e+03
2.759550811748446431e+05 4.404525732653397718e+05 -6.244610431885090657e+04 4.168861835453815002e+04 6.868058475934754824e+04 1.003227002930455637e+05 1.208320295812010299e+05 5.142442303787634009e+05 1.006493659263626760e+05 3.945810430510262813e+04 1.234950761705308469e+04 2.675485563996588462e+04 5.851981328069842675e+03 1.281026387315187094e+04 9.467391622276838461e+03 1.112944065951268931e+04 8.155765853343323215e+03 9.737596667283960414e+03 1.292407689961131473e+04 1.007983674530302778e+04 7.898560176386121384e+03 7.068158802707256655e+03 1.076947623824919901e+04 6.944941377929701048e+03 4.267697409254667036e+03 4.132975624696665363e+03 2.309139550729394614e+03 -7.971329337283539473e+01 4.273926702899561860e+03 4.315590370983528373e+03 2.183969476690667216e+05 2.046537828829317004e+05 -1.486421382568503032e+05 -7.435046141243595048e+04 1.334694912813409464e+05 1.479451348579950281e+05 1.162952913734739413e+05 1.923435676762990188e+05 6.152778405431569263e+04 -2.345277307568801189e+04 1.891250993032505721e+04 3.103970225097695584e+04 1.899055039534517709e+04 4.198425092641195806e+04 4.649943362831717968e+04 2.171727795017753670e+04 2.531427058758085423e+03 2.899111373902864671e+03 1.206445842794462442e+04 1.398063168825633875e+04 9.587126995175978664e+03 1.039620360664637337e+04 5.876968441283966058e+02 1.266224603676605329e+04 8.893942496677933377e+03 1.008663512566598183e+04 5.328156661493435422e+03 2.530212578895711886e+03 1.403583012672986115e+03 8.960872598430603830e+03 -1.773574076327775838e+05 3.641694413781013573e+05 -1.616589397400590824e+05 -8.880557141314294131e+04 -9.467770916734830826e+04 1.672377408205682150e+04 8.927140015439615581e+02 3.183715475760415939e+04 1.290327495926652773e+04 -9.755437495205771484e+03 -1.184922164915939175e+04 2.205129988496397709e+04 2.621531343950338396e+03 1.675385187457014763e+04 -3.076831270962286908e+03 -1.025127716900947598e+04 -1.920116511693434404e+03 5.832326372333272047e+03 6.491925798407995899e+03 1.305067558368193932e+04 1.332285014871200474e+04 5.991486651171901940e+03 7.174287202791497293e+03 2.565909353480742720e+04 2.529841280067333628e+03 1.426756866437271128e+03 -5.410904138667536245e+03 4.390138930635777683e+02 -1.047321365157361868e+02 -2.130804098145306398e+03
3.565812553859118489e+05 1.975790295499842614e+05 8.806265731509403849e+04 1.395378905170077342e+05 8.673337516304313613e+04 3.684961109577472962e+04 3.594857548254941503e+04 1.006493659263626760e+05 2.821174896297252271e+05 6.255695780435334018e+04 1.383730182741313911e+04 1.301343972405795830e+04 8.265820648653305398e+03 1.346622355171210620e+04 1.382721211739022874e+04 9.468073938782010373e+03 4.384454423231058172e+03 7.650351959667578740e+03 6.031171295256045596e+03 4.388856154261478878e+03 7.654956618977813378e+03 3.320497157712270564e+03 6.107040571304032710e+03 3.945631618806762617e+03 1.659568380056745127e+03 1.949993382182507958e+03 2.887845846092509419e+03 1.281940100942795652e+03 2.608563834154033884e+03 1.693982518573148354e+03 -3.154287818987588616e+04 4.596480476133038756e+05 -2.201979743603854440e+05 5.734937786960807716e+04 5.101810729070423804e+03 4.986262039475185884e+04 2.159931964294035060e+04 5.434130660758954036e+04 7.730084621439690818e+04 3.925212337061879225e+04 -1.960990726582550633e+04 2.184017078309204226e+04 -4.949710540410305839e+03 1.005733706757278378e+04 9.452274146212568667e+03 9.342867167822985721e+03 3.291935837408421321e+03 3.351168537900369301e+03 6.007764073561259465e+03 2.599473299874145141e+03 -9.885985344703512965e+02 1.402636391284094316e+03 5.129779388796327112e+03 3.956196933432867354e+03 -1.387605171197264724e+02 3.333377271167079016e+03 5.388194618572950276e+03 7.541819925459134311e+02 4.240138571745315517e+02 3.342467335585609362e+03 -3.747555438054884871e+04 5.059714582173383096e+05 1.608748761526846210e+05 2.195083975051598463e+04 -5.940090895023759913e+03 6.083449350518089886e+03 -1.353747580365688918e+03 7.433746345181683864e+03 1.132635486789535935e+04 -3.372815841644776083e+04 -1.242882844166608629e+04 5.129615950251767572e+03 9.386640789901559856e+02 1.435480081075828457e+04 -6.789672076391427254e+03 3.805146279133714870e+03 4.905824061936925318e+03 1.206339523886362440e+04 6.972811643989996810e+03 -6.383377187883302213e+03 -4.030244216425543982e+03 3.051133610522073013e+03 5.040081947206887889e+03 1.260636485663012536e+04 1.546417460161608460e+03 -3.082892749015555637e+03 3.044256077215052869e+02 1.623650715036801785e+03 -1.407466772975251843e+03 3.012764300029748938e+03
2.905601288809483522e+05 1.764155249825712526e+05 2.294525232082161529e+04 4.040368272288821026e+04 8.915489199436298804e+03 1.347279043897657539e+04 2.711091969182640969e+04 3.945810430510262813e+04 6.255695780435334018e+04 1.817991220764290483e+05 3.838371640011301497e+04 2.205037426045889879e+04 8.138851802349064201e+03 5.915170272388194462e+03 1.006823536336919824e+04 1.159895319915010623e+04 7.527847334407129892e+03 5.911765302788141526e+03 6.281809875827151700e+03 5.654461548053321167e+03 6.951377605467855574e+03 2.702081651844454882e+03 4.777591006711726550e+03 4.684753515525097100e+03 3.476148457054486244e+03 1.279891058465423157e+03 2.324455349483442205e+03 2.753726495806534331e+03 1.101202737624207657e+03 3.233820030985232279e+03 -5.165853327242225641e+05 2.698849563767361105e+05 -3.077958382909053762e+04 -1.408355978271374770e+05 -2.577962616569260354e+04 1.154542640489441692e+04 3.341952457725094428e+04 3.333809682118194178e+04 5.615818274040763208e+04 4.935382299393906578e+04 9.357993360198099253e+03 8.658313700376549605e+03 8.160364471256581282e+02 3.348076313050996760e+03 1.487951828548626509e+04 9.311073499785359672e+03 6.804511732845851839e+03 -1.564300635348294009e+03 2.117867890800627038e+02 1.081473840271342794e+02 8.868188840689748758e+03 4.237310851560245283e+03 -2.776553903716399418e+03 1.572877001792927558e+03 5.578975168211967457e+02 -1.477283461086215652e+02 4.586947915767963423e+03 3.863429164834286098e+02 -2.781937477902476530e+03 2.866198104427519411e+03 -4.092044277131335693e+05 -4.923168032175032567e+04 2.980515018168662209e+04 2.035833296080467562e+03 9.120725694828671112e+04 -2.190924181343780674e+03 -1.831225847822815922e+04 1.695993994413273685e+04 2.424152634333694732e+04 -7.892840625875292062e+03 -2.214694851997254955e+04 -4.002687953914010450e+03 2.035650315136978179e+03 3.478215599050229230e+03 5.903059596896735457e+03 -2.119207273614752467e+03 1.221553859487220325e+04 5.887215365323243532e+03 1.341127839356361392e+03 -2.944360824150694498e+03 -5.673256763436698748e+03 1.633551411404028840e+03 -8.484162325118868466e+02 1.169107365735427265e+03 2.776297918004875555e+03 4.129251023904324029e+03 6.955163081844206090e+02 6.535675630513545912e+03 -1.575345586158247670e+03 -8.151035607587559753e+02
2.221097378322199220e+05 6.524095282175218017e+04 8.124208251682332775e+04 1.039063435000454338e+05 2.355095330966651818e+04 2.698901033776395343e+04 1.727843046073795267e+04 1.234950761705308469e+04 1.383730182741313911e+04 3.838371640011301497e+04 1.341605247268240491e+05 3.430723060410762992e+04 1.125638950178412051e+04 1.037938821219029342e+04 7.913117452359918389e+03 4.909329383352168406e+03 4.069268274480850778e+03 2.944601763136641239e+03 2.470035432979722373e+03 4.632413260932033154e+03 2.775120673991251806e+03 1.061560771441791985e+03 3.852170883844684795e+03 3.636236879666578716e+03 4.294589124385391187e+03 3.621836527013200339e+03 2.609688897613622885e+03 1.056344142281652239e+03 1.936403244519169220e+03 1.693450167055449128e+03 1.783060083221245441e+05 1.725642459030695027e+05 -4.730381067485010863e+04 1.050706485373016912e+05 1.145094874715087353e+05 5.345891005703841074e+04 2.948281040168317122e+04 3.349517929948797973e+04 2.238451840725012153e+04 1.896894205471840542e+04 3.091447562360389202e+04 3.384721736345392856e+04 1.186377812801099026e+04 3.319239723808335839e+03 4.781862496260232547e+03 4.673222538795224864e+03 4.154426386357662523e+03 6.408084347508010069e+03 2.818321980333202646e+03 7.201703157217210901e+03 3.197123695500630220e+03 5.153628092618481787e+03 2.814646290083175018e+02 1.492753638670501459e+02 3.399678316338737204e+03 9.903106058690865439e+02 3.530368321786933848e+03 2.477151104946718988e+03 2.866350972675804314e+03 1.734418070798803683e+03 1.885392784538254491e+05 3.376986427238183096e+05 5.063527784484215954e+04 5.024832381681164406e+04 2.843504374716528400e+04 -1.777290091625928471e+04 2.131997426838695901e+04 -2.202457379602388392e+04 -1.773572080442035076e+04 -1.055439561399345803e+04 -4.317820904697935475e+03 -9.186385878395024065e+02 5.401950876734423218e+03 2.602406393370339629e+03 2.044650978794399180e+03 -1.939697767679485696e+04 1.580201124005129714e+03 2.648237212225428266e+03 -3.763298200003298462e+03 3.312373371272753957e+03 -2.180480350047216689e+03 -5.110996381123867650e+03 1.267315682754750696e+03 -1.733538776108262937e+03 -5.310215996866934347e+02 2.093628722730381924e+02 2.935173926739899343e+03 -5.320291473961171960e+02 5.394609929618950446e+02 9.555823864942387900e+02
1.889956521777230373e+05 5.689640493242633966e+04 4.248932714119356388e+04 8.867105374079158355e+04 3.818348170476254018e+04 3.929166331073781475e+04 1.949277968823134506e+04 2.675485563996588462e+04 1.301343972405795830e+04 2.205037426045889879e+04 3.430723060410762992e+04 1.008477582405420108e+05 2.108636124077600834e+04 6.515388684002920854e+03 6.501061892422197161e+03 8.861511969669350947e+03 5.708648088241535334e+03 4.868412290050686352e+03 4.417564917594454528e+03 7.225020154046280368e+03 2.508301746927073509e+03 2.587013271597958465e+03 3.600194501712235251e+03 2.210194254282370821e+03 1.751232926320185015e+03 3.416208119833030196e+03 1.715032126335886915e+03 1.559970375163406970e+03 2.029851834748275223e+03 1.380592666385459779e+03 -1.205458723888695968e+05 1.741220444416182363e+04 -8.325523205905958093e+03 -6.398503722667058173e+04 6.179633022492970485e+04 2.354076052637301109e+04 8.320930244142165975e+03 1.933682069294012035e+04 1.111082201957459438e+04 4.813634850592198404e+02 2.337212262373181875e+04 3.820576742958348041e+04 2.454790593072006232e+04 -3.713302520690420465e+02 -1.840265934628935611e+03 1.844226538341034711e+03 -1.635238109757908887e+03 7.196237612705327820e+02 5.892205558678622765e+03 6.269283732150129254e+03 5.150010617154180181e+03 1.821095658729842626e+03 -3.492899592664938154e+03 -7.487189709110272133e+02 -7.169336766796430993e+02 1.914006300532768137e+03 1.099254523319846385e+03 3.279117326730323839e+03 2.594341252996930507e+03 -1.556411415385832925e+03 -3.044220976302146446e+05 5.003925014505837316e+04 1.437538315467128268e+04 -1.049168479149510404e+03 -5.854505328296674998e+04 -4.269864620799964177e+04 -2.892327217151153673e+04 -1.490556091535608903e+04 -2.459787553148432198e+04 -3.057882506421250127e+03 -6.781538963100197179e+03 -3.116030314992238800e+03 3.202067386903981060e+03 3.726679129021211338e+03 4.791579211437724553e+03 -8.521154199123659055e+03 -2.995631904154007316e+03 -2.961035975422893898e+03 -9.639521719200365624e+03 -3.585189712947568751e+03 -1.563205842343005543e+03 3.999092814245705995e+03 4.923877090757343467e+03 1.673389334711412744e+02 -7.414743416286655702e+02 -1.667792272536656355e+03 1.944781326637622669e+03 -1.491404351943049505e+03 3.129843058637405193e+03 -1.408255037630839524e+03
2.457319276476260857e+05 1.475752885242608900e+05 4.948082237785362668e+04 6.649085770562045218e+04 2.940294580701619998e+04 3.140604017737462345e+04 9.091298805583024659e+03 5.851981328069842675e+03 8.265820648653305398e+03 8.138851802349064201e+03 1.125638950178412051e+04 2.108636124077600834e+04 7.010350826375391625e+04 1.789611505379656228e+04 8.142660469999164889e+03 7.910376084956100385e+03 3.991340421816929847e+03 5.288233595682380837e+03 6.114400606213345782e+03 4.988141618957075480e+03 4.606036698609866107e+03 3.541696891051957209e+03 3.562929840987937951e+03 2.763314955967747665e+03 3.323424148236444125e+03 1.701466549105453169e+03 2.046417664480924941e+03 1.599600871579830027e+03 1.045242317713975581e+03 2.051660452471880490e+03 -4.309504077414735366e+04 6.482767225905184750e+04 6.841265995493447463e+02 -3.122239098344840022e+04 -2.763964999167443239e+03 -4.185919362538994392e+03 1.253727721491546617e+04 -1.937004957460974083e+03 9.687294338733927361e+03 4.507021319040558410e+03 3.567166970560274422e+03 8.584988846726708289e+03 1.183184819674208666e+04 7.283312480440786203e+03 -3.457863568599664177e+02 5.127764897639888659e+03 2.391590035401119621e+03 1.508170671711386376e+03 4.979253223010609872e+02 6.843185367615939185e+02 1.626795584936145360e+03 1.532090745435470581e+03 -8.712051261679174559e+02 2.074699659708309810e+03 5.712759546638363872e+02 -1.493990463285933572e+02 -9.679570940583268168e+01 2.031028244803469534e+03 1.190510303015998261e+03 1.294011280395089329e+02 4.899155546743964806e+04 9.055463590539463621e+04 7.024121716567188560e+04 -1.188735972937686529e+04 -3.696842645915082539e+04 -2.865017703268988771e+04 1.988236179578324663e+04 -6.463156452966671168e+03 -1.088417161707051309e+04 1.111194174504865032e+03 -1.190451790463082034e+04 -5.835489294352895740e+03 7.073339462517827087e+03 -2.871773840029598432e+03 2.166313133851186194e+03 -4.987216676689185988e+03 4.536323003599042750e+03 6.536029662174798432e+03 -4.573183884402796139e+03 2.058797566978778377e+03 -3.277154511900555008e+03 4.096818604608988608e+03 2.484299268622432464e+03 -3.451949606658823541e+03 -3.369862248567552342e+03 -1.742337913432229243e+03 1.246642953019355446e+03 3.097544233059699764e+03 8.520930605062672214e+01 2.296730022147427462e+03
1.595747219052808068e+05 7.607605021449357446e+04 7.124837125979161647e+04 6.873147785848121566e+04 2.107263857422579167e+04 1.756374839726573191e+04 1.835116731188047197e+04 1.281026387315187094e+04 1.346622355171210620e+04 5.915170272388194462e+03 1.037938821219029342e+04 6.515388684002920854e+03 1.789611505379656228e+04 5.721212765098240925e+04 1.452458238615383925e+04 6.035768627494808243e+03 4.113664928776768647e+03 2.151140116561654850e+03 2.989158471419844318e+03 2.759258682042459895e+03 2.569371692497890308e+03 2.250209196027653434e+03 1.765409559328185651e+03 2.330354205533916684e+03 2.622389982176035119e+03 1.060925254170706694e+03 2.169499248129350690e+03 1.372311098184263756e+03 1.381183032542682213e+03 2.218361376863190799e+03 -7.702591613791896089e+04 1.465485662584595557e+05 -3.875651640423398203e+04 7.363174199854083417e+04 2.456108917886182462e+04 7.631087479666765830e+03 2.372886173423836226e+03 6.645300087256603547e+03 1.100420942503552033e+04 -8.407678892967116553e+03 -8.421540236450857265e+03 2.056045438983677286e+03 -2.492006069394385577e+02 1.053881446614452216e+03 6.969458414780967360e+03 5.058484245683168410e+03 -1.968250029168136507e+03 5.165730429000559525e+03 -3.378851165099556056e+03 2.012510953487276765e+03 1.780013356034460685e+03 1.374635750500393442e+03 2.815339947516570192e+03 -2.595018597105648155e+02 4.614136420613592691e+02 -1.744560228866599871e+01 3.165956646173324316e+02 -1.544338510990138502e+02 2.820823557860379651e+02 5.253015933192431248e+02 -3.291907675096798630e+04 -8.154562805416919582e+04 -1.834971345613585145e+05 -2.105253418361076911e+04 -6.270040122604590579e+04 3.850312171299644251e+04 6.265068997673742160e+03 -5.895881031129640178e+03 1.911352889766340377e+04 6.026450512465547945e+03 -7.851932589389286477e+03 6.563789336693747828e+03 -3.284657114283693318e+03 2.860645552803920964e+03 4.538496779627269461e+03 -7.147640155273484197e+03 6.692497704052654626e+03 1.174920714730362761e+03 -3.575126727077336909e+03 8.136541107434713922e+02 -1.276021949056150106e+03 6.370050674981847578e+02 1.664886448025478330e+03 -1.041039646989458333e+03 8.223621302904975892e+02 -1.519889989164436884e+03 -3.792995173151969652e+02 1.993048603731263711e+03 -2.281459930997549463e+02 1.148680315997357184e+03
-5.178032175982477929e+04 4.951997728924035619e+04 7.043288225689862156e+04 1.588933309334505248e+04 1.833872576025042872e+04 2.009268007657655835e+04 9.624281707642303445e+03 9.467391622276838461e+03 1.382721211739022874e+04 1.006823536336919824e+04 7.913117452359918389e+03 6.501061892422197161e+03 8.142660469999164889e+03 1.452458238615383925e+04 4.488864543872297509e+04 1.349897622669497832e+04 5.045164295350965403e+03 2.834458038778992432e+03 4.593612216844024260e+03 1.888192527035045941e+03 3.333201755549051086e+03 1.428335482781442124e+03 2.303194149317867414e+03 1.614079055338100034e+03 1.780141767398780985e+03 1.352163474579347394e+03 3.043742847809747218e+03 2.140375870555675192e+03 8.266304414558414919e+02 6.654517782616500199e+02 -1.533219855530702916e+05 6.715566838783286221e+04 -1.149114814741190094e+04 1.700745713696796884e+04 1.628334856811483587e+04 3.077959095380569124e+03 1.031033687161728267e+04 4.846532549585930951e+02 7.997013285003466990e+03 3.061689254694394549e+03 -1.726553376444327796e+03 1.076320544722941304e+04 2.574696948392543163e+03 5.645942753401022856e+03 1.009355768212568728e+04 7.108472131722021004e+03 5.610298443790786223e+03 1.006480569651648921e+03 3.630199320842952488e+02 2.780453697713783967e+01 -1.660086298166806273e+03 2.135696954313513743e+03 1.576728143914312341e+03 5.948383416530715522e+02 1.174114667482741652e+02 9.125719045522446322e+02 -3.262234364544722780e+02 9.845129061309784220e+02 -1.111227385336527050e+03 1.144331077275679490e+03 -1.341603834475510812e+05 -8.833240742090597632e+04 -4.266523818290857162e+04 9.984284349990277406e+03 2.150006609648052836e+04 4.069299090409566998e+04 1.752128240671512685e+04 1.135273314554407079e+04 2.518703521288819320e+04 9.925565348322505088e+03 -8.964324370373678903e+03 4.244741979365695443e+03 -7.117971572000647029e+03 -7.093241307205471458e+03 -2.806190987524611955e+03 -7.897707732710415257e+03 -3.421187281774012376e+02 3.681057214568780182e+03 2.013753880150939722e+03 -4.044424825295037351e+01 -2.460185910591005268e+03 -2.410288872253788668e+03 -3.363300960177091383e+03 -3.625184785067309804e+03 -1.310981405239562264e+03 4.179826168769639025e+02 2.327511987497018254e+03 9.196326611610164719e+02 1.247811310245932646e+03 2.592938171595521979e+00
5.607415311597489199e+04 5.704874391075321910e+04 7.445675149791596050e+04 4.144000654619839770e+04 4.671072305483538003e+03 1.809231965025204772e+04 1.821289289468159768e+04 1.112944065951268931e+04 9.468073938782010373e+03 1.159895319915010623e+04 4.909329383352168406e+03 8.861511969669350947e+03 7.910376084956100385e+03 6.035768627494808243e+03 1.349897622669497832e+04 3.577842178493473330e+04 9.237229854070015790e+03 3.900459839470020597e+03 4.469082096004576670e+03 2.849989609537914930e+03 3.676858368468080243e+03 3.175868949310013704e+03 3.210366086079801335e+03 2.119596127925738074e+03 2.850938409715807211e+03 1.618345618372144827e+03 1.815814009652991444e+03 2.023787876210309605e+03 1.555072235398848306e+03 1.501188383248282435e+03 1.602585945691312954e+05 1.404318300087306707e+05 5.487950805415295326e+04 1.794329066593028256e+04 -1.321162160704232701e+04 3.633260404968069633e+04 4.099528042793313034e+03 1.204610064003137268e+04 6.659008847593923974e+02 -1.008506374897885507e+03 3.911353509813385699e+03 7.526805789516225559e+03 -8.220048689085091382e+02 2.162073135607241511e+03 1.937660468336150871e+03 8.012891456985430523e+03 5.251024778682267424e+03 1.211777851218807456e+02 2.794078425297226659e+03 9.486307815163446548e+02 -1.771867448797155191e+02 1.860523197819416055e+03 2.570584545758600598e+03 2.673829686802277593e+03 3.726959754394430888e+02 2.303308645866054576e+03 1.586873389017134969e+03 8.047804116594452353e+02 5.552657150368854673e+02 9.617097888959441434e+02 1.959021165119415964e+05 -4.978137237906593509e+04 4.952202629440366582e+04 3.322410808031031775e+04 9.392968595898320928e+03 5.535311547148111458e+03 2.467104486221641127e+04 8.020916779636686442e+03 -8.632028633055431783e+03 -4.896103906630901292e+03 -1.922506848269915645e+04 9.105191261007761341e+02 -1.257776124709146279e+04 -9.512698352017981961e+03 -7.644184750194218395e+03 -7.962872044888155870e+03 -1.781043330227746310e+03 -3.048602310634801142e+02 -1.900505617968454544e+03 -2.236040418848757326e+03 -2.552200257632432113e+03 1.599803258569408172e+03 -1.742989217977600674e+03 7.969204408481148221e+02 1.413277237245044262e+03 -6.250135213628675501e+02 -8.404504736170425758e+02 1.874932629826648963e+03 2.998154558933800899e+02 1.863155938621887572e+03
4.507797267159033800e+04 4.667266344297709293e+04 5.637381555982856662e+04 1.225490826817721654e+03 4.642338829153753977e+03 1.290968511205380310e+04 9.052306760469309665e+03 8.155765853343323215e+03 4.384454423231058172e+03 7.527847334407129892e+03 4.069268274480850778e+03 5.708648088241535334e+03 3.991340421816929847e+03 4.113664928776768647e+03 5.045164295350965403e+03 9.237229854070015790e+03 2.741779575851324989e+04 8.069290511469091143e+03 3.712362560642439803e+03 1.980510298033600975e+03 2.611910843369783834e+03 8.425988077606976958e+02 2.163729406525611012e+03 1.517038199615115900e+03 1.651672799330292719e+03 1.494537208518181160e+03 2.109048890007873979e+03 1.203518451460273127e+03 1.006919500328256390e+03 4.483616506200020808e+02 -3.502087209470372909e+04 1.073125406722485204e+05 1.731022127001857734e+04 -3.541198998122569174e+04 -1.992132926740614494e+04 9.128482974013990315e+03 4.521771867499159271e+03 3.466185094155976003e+03 3.385065064210765740e+03 2.544196567561121114e+01 -4.750301042975378550e+03 -9.615255427618377553e+02 -3.926732150342002114e+03 3.350752327128411252e+03 2.007307808672659576e+03 3.128897754433400678e+03 2.544659744211574889e+03 1.799911784719640536e+03 -4.402150464973451562e+02 1.623318106180785435e+03 1.710527556525486716e+03 1.482756219632328111e+03 3.767556450427309301e+03 2.622565417436699136e+03 2.001434178695685205e+03 -5.756386022331838603e+02 3.929499563698138900e+02 3.100761298668671770e+02 2.174152124592150415e+02 1.267009570538531534e+03 -1.356233197645390173e+05 -7.827560701376591169e+04 -3.060437729024141299e+04 -3.060106241661715831e+04 -1.404633577440654699e+04 -2.631799329897956341e+03 7.269689811174245051e+02 4.423693882210773154e+03 9.653073371339001824e+03 2.653519056661871218e+03 -8.090505760197896961e+03 -3.686535978259673811e+03 -2.880778801236072468e+03 1.942245092565574168e+03 2.662847949048212286e+03 -3.010243696688792625e+03 -2.800529197655008602e+02 -1.776582793560532537e+03 2.322189140667576794e+03 8.232966786914155364e+02 -1.152466167790990085e+03 2.309124750982651676e+03 6.969277073054608991e+02 3.269283545464571148e+02 -2.683126159353472303e+03 -3.899162934314152267e+02 1.531191945243915143e+03 1.902963625807345352e+03 2.027302016081883266e+03 1.189949207881600614e+03
