1.124087585201374054e+09 6.426987449322827160e+07 -1.332088434197803400e+07 -7.020163095959107392e+06 -3.034042083299665828e+05 -4.463677586901240982e+06 -3.690893722477199626e+05 -1.876100576954766177e+06 -1.727639330339677166e+06 -1.769699151517083403e+06 -1.080651719093565131e+06 1.202347941144390934e+05 -7.101821467746689450e+05 4.111801077720609610e+05 1.977243056621078285e+05 1.489794598686544341e+05 -7.806043193240634864e+05 2.006237009151069506e+05 7.235119062024664599e+05 3.563978597566818935e+05 1.580886904083143163e+05 -1.971926324229987513e+05 -2.704637834116409649e+05 -1.476073950452705321e+05 6.944136975361297664e+04 1.527328733395510935e+05 -1.904188243054723134e+05 -5.068724966882471927e+04 3.355534360093799478e+04 -1.994597164401258633e+05 1.410106794414061308e+09 4.364055672867707163e+07 -2.901021426606244221e+07 -1.898005610442683101e+07 7.822609705792246386e+05 -1.404597396576988511e+07 -5.974931796717825346e+05 1.979718047769835684e+06 3.681563041296391748e+05 -5.632358899170318618e+05 -2.049051676996714959e+05 3.709001711483306281e+04 -9.109917422464415722e+04 1.886698651695951587e+06 -9.961015010196316871e+04 1.198772001754791418e+05 -1.405311239211575128e+06 -1.210264846186022507e+06 1.475575760889332043e+06 3.144293729465895449e+05 8.677788770537783857e+05 -5.285002203552384162e+04 -5.860497200490159448e+05 -9.357014829274102522e+04 -1.046070983480090945e+05 -9.738106691704713739e+04 -1.751238157334646094e+05 -3.408975568719514995e+05 -6.849909623724057747e+04 4.189101709557847935e+05
6.426987449322827160e+07 4.085253444607732892e+08 1.637121890416943468e+07 5.647326138441060670e+06 6.838364476085598581e+06 7.605827126084896736e+05 -7.710715560556119308e+05 -6.700389986834563315e+05 1.557072781341014197e+06 4.920518958987505903e+04 1.935530953716124059e+05 7.298691548009414691e+05 2.637561742806203547e+05 7.219224777799077856e+04 4.438292414745462593e+05 2.283434118012663675e+05 9.988477483699945151e+04 1.702347080913330428e+05 1.622074044487476931e+05 2.712351741745971376e+05 2.602036150016927859e+05 -8.560007281962553679e+04 1.876560708611047303e+05 3.024521705529316678e+05 -1.674678742397986061e+05 2.226760253640853625e+05 1.598837954763867019e+05 1.711339049417754868e+05 -3.874911440694232442e+04 1.886071892596074322e+05 1.521815515964620113e+08 5.918345552664216757e+08 2.930125769421043620e+07 2.101816661399934068e+07 1.053024574662648328e+07 -1.259386470949691255e+06 -1.041179815297596273e+06 -2.790855038233440835e+06 1.279242001434931066e+06 -5.854988086150594754e+05 2.768424845447465777e+06 9.053789938280873466e+05 -6.909589860687811160e+05 1.217647999406775692e+06 6.104177626673755003e+05 2.719512538727211650e+05 5.456922420065473489e+03 -2.011119205254050612e+05 3.404873975306116045e+05 1.346874951809187187e+05 -1.593391047162335017e+05 -3.393408610624842695e+05 7.237356275263968200e+03 2.487879680487616861e+05 -4.899537472119788290e+05 2.921456156605033902e+05 1.455863618612416030e+05 3.199670681156626670e+05 1.500601068258204323e+05 -1.870509205529301107e+04
-1.332088434197803400e+07 1.637121890416943468e+07 1.172624991194586456e+08 7.352317173812070861e+06 1.067143041094333865e+06 2.362649688297689136e+05 -9.174150880701575661e+05 1.038466432277464191e+06 5.726587185277508106e+05 4.676982175577267772e+05 2.285206919203432335e+05 1.783396363138388260e+05 4.297736033860236057e+05 2.409334109385909687e+05 2.945364650933136581e+05 -1.642213616990391984e+03 3.800209268300899421e+05 4.126865042248903046e+04 2.204947425788565888e+05 1.306963969548358873e+05 4.443628288169899315e+04 6.729227922386737191e+04 5.352127299090882843e+03 9.742049567330395803e+04 3.782493665971980226e+04 9.298882005465409020e+04 3.622834809623724868e+04 1.444112087148660612e+04 6.119589487787590042e+04 1.239199609425398230e+05 -2.720358725909321755e+07 4.017210844994592667e+07 1.854707031385876238e+08 5.454018916217802092e+06 -2.880136422795439139e+05 -2.814271303246406605e+05 -1.121736068430144107e+06 1.589276625392587390e+06 2.107357715400131565e+04 7.744658716730744345e+05 8.401713332692020340e+05 -7.839557495613534702e+05 3.164545865796419093e+05 1.066166381033903599e+05 6.368287121823924826e+05 1.571279159520299290e+05 2.767530420784002054e+05 -1.274085617105785423e+04 -6.106385667312896840e+04 1.985364744019980135e+05 -1.012023188189613211e+04 2.426166725897311117e+05 6.966049214002052031e+04 2.310048882521231426e+05 -1.289565057726565137e+05 2.562407257215723221e+05 -1.076892253711505182e+05 1.598517590117375075e+05 2.028803182869900775e+05 1.240322936119106162e+05
-7.020163095959107392e+06 5.647326138441060670e+06 7.352317173812070861e+06 4.133599497628264129e+07 2.740306866598310415e+06 9.562283111611016793e+05 1.270109941160306189e+05 4.951853458305810345e+05 4.213352381002110778e+05 -1.410229089117225667e+05 -2.603613082569422841e+04 1.840619855764366803e+05 2.196858749356192129e+05 1.065287804118140048e+04 5.022019152008738456e+04 1.221941053927743924e+05 5.489335629210566549e+04 6.448568340262593119e+04 8.515244115359029092e+04 8.964243561983872496e+04 1.799550375114511553e+04 3.964402868969015344e+03 -1.688815112131071146e+04 1.103067467595966446e+05 6.414438125297332590e+04 4.877099277141539642e+04 3.289140691084684659e+04 3.026704263299933518e+04 2.805095484173289151e+04 2.443951915156901669e+04 -1.052946988896925747e+07 2.548003884672798216e+07 1.660901407504509203e+07 6.057031381618655473e+07 2.536544391712425277e+06 2.537060758245377336e+06 2.800676850988981896e+05 4.796925272999165463e+04 4.514725518845515908e+05 -8.311583652656476479e+05 -1.204076014579498151e+05 3.886871057343566208e+05 2.093992339404454106e+05 4.931174423353237798e+05 7.060053544924677408e+04 -4.229440199707862485e+04 1.541274501619052025e+05 1.004714394884249050e+05 -1.668589569224811275e+05 -7.733984782701320364e+04 -8.224714068764292460e+04 -1.665354664931629668e+05 -1.790087023082390078e+04 1.422223147079404735e+05 -3.552645303846449679e+04 1.608353732268501190e+05 1.883889098522058339e+04 9.621538646605459508e+04 6.712677244300897291e+04 5.172466266346447810e+04
-3.034042083299665828e+05 6.838364476085598581e+06 1.067143041094333865e+06 2.740306866598310415e+06 1.821124158649154380e+07 8.923140641394191189e+05 1.242598646101897612e+05 -1.147945595179040101e+05 5.121414604224666982e+04 1.202179884835698176e+05 2.834094301190435071e+05 2.477170000168358820e+04 7.679889232983722468e+04 -5.126668787073944259e+03 -2.845945075410167192e+04 9.051190983005927410e+04 4.864573147616120696e+04 -2.365491004859075838e+04 1.314325857141450688e+05 2.957455416615041031e+04 4.682930512248522427e+04 6.168373435268425237e+04 2.623111304498906975e+04 1.887068847900597393e+04 2.337816442629016819e+03 4.109281429656589899e+04 6.890322015217924491e+04 2.321148142278157684e+04 -6.906282712513284423e+03 3.925882007590134162e+04 9.735335201417364180e+06 6.884329381954374723e+06 -3.046001388418141287e+06 5.222464924499918707e+06 2.591257163880671561e+07 6.186660000317537924e+05 7.109545339015293866e+05 4.044931624614971952e+04 1.423236104994441557e+05 -3.087742038635968929e+05 6.617999662209281814e+04 -4.053125981509790108e+03 5.453185605076246429e+04 -6.640681694924940530e+04 -6.524423208273296041e+04 1.244856792913229874e+05 2.139408012491541740e+05 3.237363912589896427e+04 2.888206363080165465e+05 1.641524467514652351e+05 1.710752718574207101e+05 6.317068190031230915e+04 7.938723919275478693e+04 7.049535289692759397e+04 -3.442491899004797597e+04 8.461945914708774944e+04 1.715668932746169157e+05 -2.342114389560949712e+04 6.628054547090005144e+03 4.244959886391185864e+04
-4.463677586901240982e+06 7.605827126084896736e+05 2.362649688297689136e+05 9.562283111611016793e+05 8.923140641394191189e+05 7.958236784707963467e+06 2.287118398390174552e+05 3.298562856519617344e+04 1.653125150091205433e+05 -9.469389042556883942e+04 4.895205781603560172e+04 2.360125701728373315e+04 -2.781750414006035135e+04 9.094524094505926769e+04 8.331747137079441745e+04 7.520254408646958836e+03 2.998756668605119921e+04 3.126282672839640873e+04 5.709055866515459638e+04 2.191241113829677488e+04 5.282096413337520789e+04 4.233259204283659346e+04 2.917600318861413325e+04 2.145585455381919382e+04 1.075156774101835981e+04 1.390429692722319487e+04 1.073207693388432017e+04 9.623385392949328889e+03 -1.222716110744369325e+04 1.675556888395754413e+03 -1.916011573556774994e+06 3.305966957396368030e+06 -1.697457592428598553e+06 1.886855538700047415e+06 7.871717248479062691e+05 1.211543466548629664e+07 6.241768302159316372e+05 -1.650138484923134965e+05 -1.002967051269653166e+05 -1.125365470509382867e+05 4.734934825370774488e+05 -4.389617386790292949e+04 1.219782877005696209e+05 3.660512928732052096e+05 2.081144124061214970e+05 8.559627826376431040e+04 -2.249887810579984580e+04 5.540013693439305644e+04 -2.070706260598819063e+04 -3.544511132897740754e+04 1.780682480465008848e+04 5.119613052275593509e+04 6.491986447695513925e+04 1.775104148164759681e+04 3.212903640868751245e+04 -2.594925108558228385e+04 -4.943966775447631335e+03 4.264768533631897299e+04 -2.847863137937555075e+04 -2.963907553029096744e+04
-3.690893722477199626e+05 -7.710715560556119308e+05 -9.174150880701575661e+05 1.270109941160306189e+05 1.242598646101897612e+05 2.287118398390174552e+05 5.107145461276235990e+06 3.768194613200278254e+05 -1.463253091301759705e+05 7.617832328576603686e+03 1.013481064476384345e+05 1.212578083734295942e+05 -1.516406411705791106e+04 2.512825296335883831e+04 -7.702803904017880086e+03 4.057726452565429645e+04 2.899573348908728440e+04 1.154867766687828180e+03 2.294256461204476727e+04 3.055456627607775954e+04 3.069452076315310842e+04 -8.406823880415839085e+03 2.915292906514020797e+04 1.032036008472330650e+04 1.580279556332219727e+04 3.088999279938666587e+04 5.063854925979178915e+03 -5.225275427394616599e+03 6.297284609127805197e+03 -1.050388162774685043e+04 -1.261431532061321428e+06 -5.673220663512347266e+06 -1.512434041214338271e+06 -1.005709306484253757e+05 6.611758649946773658e+05 7.107300884778095642e+05 8.103938821348865516e+06 4.828161433334993781e+05 -1.611526747326354089e+05 1.921753720210762549e+04 3.331124157586061046e+05 2.416743765697678027e+05 -9.716319419029701385e+04 1.417323586434395111e+05 -1.107865366345764342e+05 6.979295809676492354e+04 3.819922333464701660e+04 1.986914312924056867e+04 9.285837826300785309e+02 8.713093256747910345e+04 -6.286144014197088836e+04 -6.232432157399000425e+04 1.140601002659678852e+04 -1.931851102999068826e+04 2.755461561388696282e+04 6.506983683537625620e+04 1.551434067091624638e+04 -7.331222120345436451e+03 2.011979204904724247e+04 -1.051475696283187608e+04
-1.876100576954766177e+06 -6.700389986834563315e+05 1.038466432277464191e+06 4.951853458305810345e+05 -1.147945595179040101e+05 3.298562856519617344e+04 3.768194613200278254e+05 2.937780954045417719e+06 2.203777014896421169e+05 -3.908216801423914876e+04 -3.621428736279229634e+04 3.730297088752620039e+04 3.025156582904063180e+04 2.135566873515819680e+04 -1.123852110094637283e+04 6.662210339171893429e+04 -6.675888381945619585e+03 8.291284045323102703e+01 1.886595073281498480e+04 3.045209096044836042e+04 1.634063157153641259e+04 8.702108208962474237e+03 3.643236565975392296e+03 2.452363688076533072e+04 9.843627833273741999e+03 2.170531935384463577e+04 1.996925548601270566e+04 -2.263728546342586469e+03 1.865959636305465756e+04 -3.526240939647229425e+03 3.199341285002125078e+05 -4.266979309214747511e+06 2.653691712391089648e+06 1.636553959199292120e+06 1.579285427724645124e+05 1.834140303297787905e+05 5.929775000970852561e+05 3.978044004567999393e+06 1.857964826346526679e+05 -1.287751246398233052e+05 -5.491465705693245582e+03 4.130820321176313882e+04 1.518274435505468573e+05 4.541244138131044019e+04 -7.328846254466741073e+01 4.227092977772052109e+04 -5.571298115717234396e+03 -3.637655077062509918e+03 5.809577141098800894e+03 3.528096737486005441e+04 -9.724619717270863475e+03 -2.035428083308667510e+03 1.346582966897975894e+04 -1.590611700522536376e+04 3.231227102832697346e+04 6.178958260191657610e+04 4.169248153965852543e+04 4.077641961179062946e+03 2.630241461421667191e+04 1.253100099804911224e+04
-1.727639330339677166e+06 1.557072781341014197e+06 5.726587185277508106e+05 4.213352381002110778e+05 5.121414604224666982e+04 1.653125150091205433e+05 -1.463253091301759705e+05 2.203777014896421169e+05 1.747940818522825139e+06 3.417705911820819892e+04 6.437273770057176444e+04 5.135489041355978407e+04 5.879068980245414423e+04 1.577280038078458892e+04 1.131166859921496143e+04 3.192584911548437231e+04 1.844896879326754424e+04 6.456999264182323714e+03 2.901381563408959119e+04 2.297285797088193431e+04 1.372752460998630522e+04 1.851651297479567074e+04 1.524669116849217062e+04 -3.281479411742108368e+03 -9.977191337316145336e+02 2.235143239368574723e+04 1.138802877267816802e+04 5.682695053665798696e+03 -2.197836387722576546e+03 1.018071798033083905e+04 -4.140384448132038582e+06 6.860884869073840091e+05 9.172898420031039277e+05 3.330784668867372675e+05 1.095389502629078779e+05 -1.344063961978764273e+05 -3.149322354902224615e+05 -6.455576920206711657e+04 2.377063574526672717e+06 -8.751642566913223709e+04 5.934029357307356986e+04 7.840938537716546853e+04 1.704624604669485052e+04 2.884128682910145289e+04 -4.187358718456147471e+03 3.399204107578659023e+04 1.140258907296204598e+04 -3.271636784047844685e+03 7.718227549702150282e+04 -1.238928483821024929e+04 -1.027629197218200534e+04 6.408122179305949248e+04 2.510090827021041332e+04 5.761350358080208935e+03 2.539732732173778641e+04 2.636356255555009920e+04 3.249553218558836306e+04 4.125051648015617047e+02 3.013471663536474443e+04 -8.279200451695100128e+03
-1.769699151517083403e+06 4.920518958987505903e+04 4.676982175577267772e+05 -1.410229089117225667e+05 1.202179884835698176e+05 -9.469389042556883942e+04 7.617832328576603686e+03 -3.908216801423914876e+04 3.417705911820819892e+04 1.035419213527481188e+06 4.908547806042445154e+04 -7.608415979493649502e+03 -1.249780943504547031e+04 3.483628691285752575e+04 4.519543327164295988e+03 1.043239937151987033e+04 1.957520602377068280e+04 1.143195339079323821e+04 8.106247578906643867e+03 -7.563666817502508820e+03 5.080074096155189523e+02 6.398921934975028307e+03 1.147482365093540102e+04 4.467949534000258609e+03 -1.132617756371317455e+03 -9.300810509527658724e+03 1.889715061138660985e+03 -8.156797838042087960e+02 -2.836877898513493165e+03 6.612426977319896650e+03 2.519200778320316167e+05 1.235524532840646338e+06 5.111249251214244869e+05 -3.956478880995350191e+05 5.390064111746950075e+05 -1.516254812456773288e+04 -2.373441828231504187e+05 -7.271616177407710347e+04 5.119725256851091399e+04 1.514772094082455151e+06 4.819825463513274008e+04 -1.550587484398193556e+04 -3.981960453977669385e+04 1.088452076063185814e+05 1.993000157641250917e+04 -2.395827375230703910e+04 3.558002194095851155e+04 2.926546091966611584e+03 4.162636321834711271e+04 -1.376344625450044805e+04 -1.136092943198386274e+04 -1.488737257714448788e+04 1.879895994896723641e+04 -4.713903883863903502e+03 2.777966172586662287e+04 4.358504683164993367e+03 1.690077695157497146e+04 1.208325552858559968e+04 9.488779706062156038e+03 1.230267912299793352e+04
-1.080651719093565131e+06 1.935530953716124059e+05 2.285206919203432335e+05 -2.603613082569422841e+04 2.834094301190435071e+05 4.895205781603560172e+04 1.013481064476384345e+05 -3.621428736279229634e+04 6.437273770057176444e+04 4.908547806042445154e+04 6.530586322582997382e+05 5.196704579311503039e+04 1.139600381779244708e+04 3.121580870585253069e+04 1.144425293345941100e+04 1.020445127998585849e+04 5.200999868261955044e+02 1.739072477765901567e+04 1.538149245874091139e+04 1.272623886138560692e+03 6.326876987390221984e+03 -1.291215805364939115e+04 4.858255495424871697e+03 2.548019472634612612e+03 7.102064823981035261e+03 7.428983916896152095e+02 2.389603682118727193e+03 9.876303148941031395e+03 5.198703797185426993e+03 8.471848171655750775e+03 3.124186253014823887e+06 8.167669905548130628e+05 2.231856908275317401e+05 -4.308286522934127715e+05 2.976822583535201265e+05 -5.465536218641043524e+04 1.738455212909573456e+05 -1.728367145082402276e+05 -1.619147798223658583e+03 1.021878106092569942e+05 9.972344988523580832e+05 6.978617751505045453e+04 1.306458676316468882e+04 6.288739402317588974e+04 1.211575521037763065e+04 1.550952177698665946e+04 -1.609479124785785098e+04 3.846334824201516312e+04 5.459495130967194564e+04 -1.239611670801140281e+04 7.708961842569351575e+03 -1.674709857607980666e+04 1.292850592735497412e+04 1.939622449666044849e+04 1.339700359568349086e+04 5.325209654204096296e+03 -2.724199372190393206e+03 1.885345317449939103e+04 1.076353017025038207e+04 1.850822148083369029e+04
1.202347941144390934e+05 7.298691548009414691e+05 1.783396363138388260e+05 1.840619855764366803e+05 2.477170000168358820e+04 2.360125701728373315e+04 1.212578083734295942e+05 3.730297088752620039e+04 5.135489041355978407e+04 -7.608415979493649502e+03 5.196704579311503039e+04 5.408796091789501952e+05 8.016953382384411816e+04 3.615542941722081741e+04 2.691990010812635956e+04 1.819197009252558928e+04 3.169196741301003385e+03 1.930582919208478415e+04 -5.774206013786895710e+03 2.272117242240842097e+04 1.043912035130473123e+04 3.151309743558860191e+03 4.683099778739742760e+02 1.068682133163544131e+04 3.743972711846378388e+03 4.895778549912227390e+03 4.504580057744965416e+03 9.684285629319267173e+03 9.121823203491976528e+03 6.018108893535235211e+02 1.007083952752085897e+05 5.515879433499479201e+05 3.368718072710091947e+05 6.681989598308949498e+05 1.473698243297204899e+05 5.339506165475588205e+04 1.187637578430893045e+05 1.486670400249031663e+05 6.106587339562136185e+04 -1.266040743739947357e+05 1.057882394793509739e+05 7.149158474305937998e+05 1.068853143508860376e+05 5.818001464359157399e+04 -2.039268008251444144e+03 -2.035112082024832853e+04 -4.473422535886785226e+03 4.460348628432018450e+04 -2.393436698616889407e+04 2.858113249880502917e+04 1.318046726063306096e+03 -2.294173126173177297e+04 -2.207690575553141025e+04 3.067567759491561446e+04 9.900894454784105619e+03 1.104124901794917605e+04 4.150806190505675659e+03 2.100967553067621338e+04 2.175404022987853750e+04 1.594985118032076207e+04
-7.101821467746689450e+05 2.637561742806203547e+05 4.297736033860236057e+05 2.196858749356192129e+05 7.679889232983722468e+04 -2.781750414006035135e+04 -1.516406411705791106e+04 3.025156582904063180e+04 5.879068980245414423e+04 -1.249780943504547031e+04 1.139600381779244708e+04 8.016953382384411816e+04 3.937662885359569918e+05 5.138003366846641438e+04 2.917771333404127654e+04 4.407627206954551184e+03 1.239613566738165446e+03 1.756495287158716746e+04 9.965670311255340494e+03 8.334082614078395636e+03 6.907379498046271692e+03 3.572434324912338980e+03 2.822271935908657269e+03 -3.455823270414255148e+03 9.108428760842141401e+02 4.450529798991211464e+03 5.169112380603192832e+03 5.624654059167342893e+03 -1.669731926737778238e+01 -3.149264286990184246e+03 -1.128404319149942836e+06 1.631032961990173362e+02 9.312701245497955242e+05 4.618522441218792810e+05 8.580056871061335551e+04 1.181741062672213957e+03 1.367943959449232352e+04 1.118617106200090639e+05 8.442070011153785163e+04 -3.446409157638818579e+04 3.256161943598915968e+03 8.957956418725624098e+04 5.491509225930131506e+05 5.190589489942853106e+04 2.459830610956924284e+04 1.646351653028706642e+04 -2.289159233354582466e+04 2.747285214212628125e+04 -2.781914820946959935e+03 1.121038035117192351e+02 3.250967410841056790e+03 1.388149798191799891e+04 -9.568949724655407408e+03 -1.874414347631272540e+04 -3.706013249826123229e+03 1.621215822236659551e+04 1.616061455997268968e+04 1.617936451567735094e+04 9.649728980802365186e+03 -3.514872622816127659e+03
4.111801077720609610e+05 7.219224777799077856e+04 2.409334109385909687e+05 1.065287804118140048e+04 -5.126668787073944259e+03 9.094524094505926769e+04 2.512825296335883831e+04 2.135566873515819680e+04 1.577280038078458892e+04 3.483628691285752575e+04 3.121580870585253069e+04 3.615542941722081741e+04 5.138003366846641438e+04 2.823597138464486343e+05 4.028988200643017626e+04 3.304289112578698223e+03 2.870371283051109458e+03 8.356481644974937808e+03 1.569687868245597747e+04 8.263378567279303297e+02 5.998554882901417841e+03 8.375137517720380856e+03 3.160681630430503901e+03 3.785280107146222235e+03 1.850943488658809599e+01 2.683870070432347347e+03 6.509241133278571397e+03 2.770466636758624190e+03 8.273578120398817191e+03 4.886755397937758062e+03 1.204756172583347186e+06 -5.855563853195823031e+05 1.209216387402603286e+05 1.979036166421867965e+05 -9.756131725541628839e+04 1.134751286003461428e+05 6.190078976217195304e+04 1.637795040350119416e+04 5.152323713307764592e+03 8.315476028512550693e+04 4.504767803039107093e+04 2.141550002269904871e+04 6.256328886258702551e+04 3.918704111766388523e+05 3.897444580383373250e+04 1.352353550687527786e+04 -6.140887285146162867e+03 5.541869040468923231e+03 3.534396481722706812e+04 -7.446546262415336059e+03 6.210844705734389208e+03 1.150826421404490020e+03 -3.922119086232465179e+03 9.922673680000511013e+03 4.641981893756818863e+03 3.381221682452510322e+03 4.517401813070014214e+03 1.484060318106661907e+04 1.247897830880130277e+04 9.105268628575447565e+02
1.977243056621078285e+05 4.438292414745462593e+05 2.945364650933136581e+05 5.022019152008738456e+04 -2.845945075410167192e+04 8.331747137079441745e+04 -7.702803904017880086e+03 -1.123852110094637283e+04 1.131166859921496143e+04 4.519543327164295988e+03 1.144425293345941100e+04 2.691990010812635956e+04 2.917771333404127654e+04 4.028988200643017626e+04 2.050478480671052530e+05 2.015460648357334503e+04 6.209418368223169637e+03 1.065314995712644850e+04 7.135245787754538469e+03 -2.072517335566765269e+03 6.842882457654976861e+03 2.621563327759443382e+03 1.713760097538643322e+03 -2.375660462179032947e+03 3.483176226563809450e+03 3.352939939537669034e+03 5.721871764809913657e+03 1.024336591850426885e+03 3.492486706988583137e+03 1.722257245541510713e+02 -4.906387415224916185e+04 1.005372150031344849e+06 -1.375827676467214951e+04 1.294756710256947117e+05 -1.342799160015037342e+05 8.416378080622543348e+04 -8.008206718601808234e+02 1.295327466165615624e+04 2.229923480131907127e+04 -1.802970686320516688e+04 3.675958385451862705e+04 3.227371679433927420e+04 3.276394231443764147e+04 5.924209145296510542e+04 2.546531946274085785e+05 2.643997827488035909e+04 1.026554073444502137e+04 1.823849367984674245e+04 1.672402164930715298e+04 -7.439008264572772532e+03 1.071985112243428011e+04 4.930735633423919353e+03 -7.194361207392397546e+02 4.921163360612385077e+03 7.499666688124347274e+03 5.991810704307201377e+03 -3.468930418017347620e+03 9.268237117587350440e+03 7.130378389927555872e+03 -7.544089317835636393e+03
1.489794598686544341e+05 2.283434118012663675e+05 -1.642213616990391984e+03 1.221941053927743924e+05 9.051190983005927410e+04 7.520254408646958836e+03 4.057726452565429645e+04 6.662210339171893429e+04 3.192584911548437231e+04 1.043239937151987033e+04 1.020445127998585849e+04 1.819197009252558928e+04 4.407627206954551184e+03 3.304289112578698223e+03 2.015460648357334503e+04 1.629657831182268565e+05 1.938611837889108574e+04 9.529527131162676596e+03 7.784790179672364502e+03 6.602107042110601469e+03 6.626890307684644540e+03 1.106497236096957386e+04 2.667833412516520639e+03 2.669531960944571892e+03 6.899284008383551736e+03 4.291506056080706912e+03 3.453179785357283436e+03 -1.311725829077696744e+03 5.120911617071917590e+02 3.657130363545192267e+03 5.557530948925309349e+05 -5.282815593674681149e+05 -6.980324560343302437e+04 4.659305214528452489e+05 2.001394234183341323e+05 5.321137772682979994e+04 -4.805426391804663581e+04 3.397633300436055288e+04 3.073035937327599459e+04 1.701897472094943078e+04 2.150066115057645220e+04 4.964349668490928161e+04 2.235820811011054684e+04 -2.116295822179378592e+04 -1.954246832956867593e+03 1.957258827426453354e+05 3.267403162519839316e+04 2.430508828709306908e+04 -2.276953975994591019e+03 5.285499841115601157e+03 3.528628048955246413e+03 1.766874665220769384e+04 -5.630885596535672448e+03 6.338686440472852155e+02 9.383064754122646264e+03 5.410247573081062001e+03 5.331121326760155171e+03 1.888733710726460686e+03 7.996322107994706130e+03 1.101995264202965336e+04
-7.806043193240634864e+05 9.988477483699945151e+04 3.800209268300899421e+05 5.489335629210566549e+04 4.864573147616120696e+04 2.998756668605119921e+04 2.899573348908728440e+04 -6.675888381945619585e+03 1.844896879326754424e+04 1.957520602377068280e+04 5.200999868261955044e+02 3.169196741301003385e+03 1.239613566738165446e+03 2.870371283051109458e+03 6.209418368223169637e+03 1.938611837889108574e+04 1.373126842407103977e+05 1.406426247969836186e+04 -7.205778989774526053e+03 2.404024332000881714e+03 -8.015881620899464224e+02 1.205863537276679835e+03 7.067465639516101874e+03 4.125867923532754503e+03 -4.632175905414914041e+02 5.149629018143796202e+03 7.734088515603956466e+02 3.017210491811893917e+03 -7.794912693622110567e+01 3.015900048735236396e+03 -1.524839907521511428e+06 4.397294464098120807e+05 6.267842312691970728e+05 7.335038215499724902e+04 8.126537016154301818e+04 4.161240089681723475e+04 -2.542251230013007444e+04 -4.980416588009183761e+04 1.227916950716145948e+04 5.943391985448385094e+04 -1.403607069901115938e+04 6.065112787553352064e+03 7.317772933370560168e+03 8.581104915382633408e+03 7.785364476760618345e+03 4.313300333910017798e+04 1.883283288990825531e+05 3.137594186461002027e+04 -1.298138029491397720e+04 8.532247099833928587e+03 -1.127600132755436607e+04 5.035213606842589797e+03 7.816099595665407833e+03 8.136137658513977840e+03 6.185210099059110689e+03 9.571685489684730783e+03 3.854268166681096773e+03 6.117665118000101756e+03 4.400341004131233603e+03 8.893621958031179020e+03
2.006237009151069506e+05 1.702347080913330428e+05 4.126865042248903046e+04 6.448568340262593119e+04 -2.365491004859075838e+04 3.126282672839640873e+04 1.154867766687828180e+03 8.291284045323102703e+01 6.456999264182323714e+03 1.143195339079323821e+04 1.739072477765901567e+04 1.930582919208478415e+04 1.756495287158716746e+04 8.356481644974937808e+03 1.065314995712644850e+04 9.529527131162676596e+03 1.406426247969836186e+04 1.064635200921646028e+05 1.096897139235569557e+04 1.717526087259561336e+03 3.501392855654326922e+03 7.233915513251903576e+03 6.212013381356696300e+03 3.933160401030932007e+03 1.976458462620019191e+03 4.268792329161581620e+03 3.267767936819131137e+03 3.032673195369418863e+03 1.687411041658798240e+03 5.087200672000936720e+03 -2.436437744689664105e+05 -9.686490186726604588e+04 -2.014331996017080382e+05 1.166404383039200475e+05 -1.228338181074303138e+05 7.160540284656039148e+04 -5.088406466283080226e+04 1.794643580590442798e+04 6.974868825920157178e+03 1.014760008196590024e+04 3.067993988438384622e+04 5.616610007035062154e+03 4.648566423231601948e+04 -3.743841327303904905e+02 7.540411881818243273e+03 1.516243696983404152e+04 2.245445432362766587e+04 1.368261660028191400e+05 2.913332869696255329e+03 -1.400308189817354287e+04 4.822595063317279710e+03 3.798852077550620379e+03 8.189230319834538022e+03 2.169896289258922764e+02 4.570504059237503498e+03 3.414940210734561788e+03 -1.729600195945686437e+03 7.921211679822026781e+03 5.645298945984927741e+03 4.364681267488049343e+03
7.235119062024664599e+05 1.622074044487476931e+05 2.204947425788565888e+05 8.515244115359029092e+04 1.314325857141450688e+05 5.709055866515459638e+04 2.294256461204476727e+04 1.886595073281498480e+04 2.901381563408959119e+04 8.106247578906643867e+03 1.538149245874091139e+04 -5.774206013786895710e+03 9.965670311255340494e+03 1.569687868245597747e+04 7.135245787754538469e+03 7.784790179672364502e+03 -7.205778989774526053e+03 1.096897139235569557e+04 9.232167242406475998e+04 1.302548543618833901e+04 7.554532588842451332e+03 6.031161924520070897e+03 3.335021441218794735e+03 -1.069772320338627480e+02 1.242364847361163129e+03 6.498547127374908996e+03 3.663639561410369424e+03 -8.446836640255917246e+02 2.402561490463856899e+03 -1.557387334200379428e+03 1.548107223188941134e+06 6.018377112404973013e+05 4.170462353312312625e+05 2.473847088249197695e+05 2.366362823536396900e+05 1.827734155639883102e+04 5.567585069776534510e+03 -1.426742360885411836e+04 3.797361041686755925e+04 1.787754627315332982e+04 2.944785732249837747e+04 -4.767530535060689544e+03 2.256687386508934287e+04 3.151038804767138208e+04 3.145714048456704859e+03 1.050545711417706843e+04 -6.059249378447044364e+03 1.212222202096406909e+04 1.145464141804307728e+05 1.977087231517855253e+04 1.132916836217824311e+04 6.373280590037757975e+03 1.480943100081235343e+03 -3.068069354642461803e+03 -4.432769305946260829e+03 5.570745408893052627e+03 1.660881308890961691e+03 -9.142339259964778648e+02 7.517197165054855759e+03 -7.367479687386527075e+03
3.563978597566818935e+05 2.712351741745971376e+05 1.306963969548358873e+05 8.964243561983872496e+04 2.957455416615041031e+04 2.191241113829677488e+04 3.055456627607775954e+04 3.045209096044836042e+04 2.297285797088193431e+04 -7.563666817502508820e+03 1.272623886138560692e+03 2.272117242240842097e+04 8.334082614078395636e+03 8.263378567279303297e+02 -2.072517335566765269e+03 6.602107042110601469e+03 2.404024332000881714e+03 1.717526087259561336e+03 1.302548543618833901e+04 8.197472157476044958e+04 9.697863263502835252e+03 2.703158493532650027e+03 1.960765199567650143e+03 5.157912138007760404e+03 3.895529678720725428e+02 3.025721878849160930e+03 1.816282868163071953e+03 3.278847190592775405e+03 4.329552923079276297e+03 1.764487361298256474e+03 7.691637677070935024e+05 1.556781315838052251e+05 3.013214332741398248e+05 4.532021776436356595e+05 1.492654291405864933e+05 1.865787665554182604e+04 8.694722092845111911e+04 4.693587981764754659e+04 4.568598287308801082e+04 -3.216342505210791569e+04 -1.915695148195190268e+04 2.802323229660823927e+04 3.109933871331064438e+03 8.185722165761282668e+03 -1.166102454054723603e+04 1.936865974592525163e+04 -1.836871874096518513e+04 1.393009355579392832e+03 1.519137446987090516e+04 1.069487318104677688e+05 1.598530180155193739e+04 -3.758203174076345931e+03 3.758902083768565717e+03 6.223022498740368974e+03 6.003784488023621634e+03 4.074509973897183500e+03 3.533532657186140113e+03 4.658032363858638746e+03 5.075525313734823612e+03 3.780931774973592383e+03
1.580886904083143163e+05 2.602036150016927859e+05 4.443628288169899315e+04 1.799550375114511553e+04 4.682930512248522427e+04 5.282096413337520789e+04 3.069452076315310842e+04 1.634063157153641259e+04 1.372752460998630522e+04 5.080074096155189523e+02 6.326876987390221984e+03 1.043912035130473123e+04 6.907379498046271692e+03 5.998554882901417841e+03 6.842882457654976861e+03 6.626890307684644540e+03 -8.015881620899464224e+02 3.501392855654326922e+03 7.554532588842451332e+03 9.697863263502835252e+03 6.553427994494549785e+04 7.731879268611881344e+03 3.704440647732966681e+03 1.792881308265119287e+03 -3.532025228472525669e+02 2.893375892864439720e+03 1.675120058831846563e+03 -5.547141697227342405e+01 1.386523228853051705e+03 6.612865166063385232e+02 3.918611978196690907e+05 3.984394950647486257e+05 6.834302178561051551e+04 1.160879586292812310e+05 -3.871819559275019856e+04 3.355865987191278691e+04 4.151823757679770642e+04 -3.086850246572997276e+04 3.027399016611326078e+04 -1.327283672614959869e+04 2.897293270991102327e+04 4.207091345804876255e+03 2.424957233016522878e+03 1.513497991346603158e+03 9.875404273051086420e+03 1.617621495655539911e+04 8.856427213707816918e+03 4.359672059009439181e+03 2.117264532582612082e+04 1.329659743381295448e+04 8.027734343344703666e+04 6.150382197293960417e+03 4.825054211659101384e+03 7.651806336865938363e+01 -2.525613860786119403e+03 3.991332905507203122e+03 -2.183705157874103406e+03 1.286541797688104452e+03 7.884521695535613617e+01 3.565985617863682819e+03
-1.971926324229987513e+05 -8.560007281962553679e+04 6.729227922386737191e+04 3.964402868969015344e+03 6.168373435268425237e+04 4.233259204283659346e+04 -8.406823880415839085e+03 8.702108208962474237e+03 1.851651297479567074e+04 6.398921934975028307e+03 -1.291215805364939115e+04 3.151309743558860191e+03 3.572434324912338980e+03 8.375137517720380856e+03 2.621563327759443382e+03 1.106497236096957386e+04 1.205863537276679835e+03 7.233915513251903576e+03 6.031161924520070897e+03 2.703158493532650027e+03 7.731879268611881344e+03 6.003644394192287291e+04 8.355149113840516293e+03 2.050093926858649866e+03 4.251733594043016637e+03 5.845026405828356474e+03 1.721087413131976518e+03 5.832830448459305899e+02 7.925361015284986479e+02 2.538699535723334975e+03 3.035540061315930216e+05 -3.306653160415263119e+04 1.129863258209421474e+04 4.104008268729201518e+04 1.188072645763333712e+05 5.300575793574611453e+04 -3.785069274754119397e+04 -7.254355376571360466e+03 -2.900954086296386595e+04 1.323419887280913281e+04 -1.642296038223127471e+04 1.382323886963004588e+04 -4.664858443790350975e+03 1.320946407039868063e+04 -7.351509173930523502e+03 1.619131549328670189e+04 -1.750683086257540708e+03 8.604244962705781290e+03 2.146594500075247561e+04 7.271014039788089576e+03 1.043183521349994044e+04 7.516495384126629506e+04 9.723032335077652533e+03 -3.483798539846337462e+03 1.343267966760902937e+03 8.441003601169068133e+03 -1.514409988489703210e+03 1.894748485438545231e+03 5.491259620589738688e+02 -2.251015269896523478e+03
-2.704637834116409649e+05 1.876560708611047303e+05 5.352127299090882843e+03 -1.688815112131071146e+04 2.623111304498906975e+04 2.917600318861413325e+04 2.915292906514020797e+04 3.643236565975392296e+03 1.524669116849217062e+04 1.147482365093540102e+04 4.858255495424871697e+03 4.683099778739742760e+02 2.822271935908657269e+03 3.160681630430503901e+03 1.713760097538643322e+03 2.667833412516520639e+03 7.067465639516101874e+03 6.212013381356696300e+03 3.335021441218794735e+03 1.960765199567650143e+03 3.704440647732966681e+03 8.355149113840516293e+03 4.679802248404338025e+04 6.591006091166322221e+03 9.390237275620804667e+02 2.913607971922453544e+03 1.480817364956972824e+03 2.882336720627836257e+03 3.004277174569397175e+02 2.450788645468929872e+02 -3.507046662296836148e+05 2.094550216456851631e+05 1.772448940641213849e+05 -3.165732028594676012e+04 8.407856988869755878e+04 4.393757456265938345e+03 7.944287304072188272e+04 -2.426706704107482437e+04 1.662394380247897789e+04 4.630928841036248195e+04 1.745869559271126127e+04 -3.711348310997510453e+03 7.781287433648605656e+03 -1.227032340117518470e+04 4.963349605207943569e+03 2.496465945688439206e+03 1.069306083853245582e+04 1.345450323468811439e+04 7.027728741048666052e+03 5.247744727479082940e+03 4.742389448738176725e+03 1.304818660189243383e+04 5.263728644978770171e+04 8.694653793348896215e+03 9.891467914173290410e+02 9.493587746719680354e+02 2.298825323334744098e+03 4.052336433740427310e+03 -2.932217476032421928e+03 -1.896285927274288724e+03
-1.476073950452705321e+05 3.024521705529316678e+05 9.742049567330395803e+04 1.103067467595966446e+05 1.887068847900597393e+04 2.145585455381919382e+04 1.032036008472330650e+04 2.452363688076533072e+04 -3.281479411742108368e+03 4.467949534000258609e+03 2.548019472634612612e+03 1.068682133163544131e+04 -3.455823270414255148e+03 3.785280107146222235e+03 -2.375660462179032947e+03 2.669531960944571892e+03 4.125867923532754503e+03 3.933160401030932007e+03 -1.069772320338627480e+02 5.157912138007760404e+03 1.792881308265119287e+03 2.050093926858649866e+03 6.591006091166322221e+03 4.259738795057078096e+04 6.293376416163773683e+03 2.622690568678981435e+03 1.435995469318944515e+03 3.344616526461386002e+03 1.459959788998274007e+03 4.189586943341549159e+03 -3.213610068102025543e+05 2.302565103259464377e+05 2.157936383163651044e+05 2.077549044031941739e+05 9.477660801345936488e+04 4.878868223771461635e+04 -2.387680099193958813e+04 1.502271910687627860e+04 4.554671143951998602e+03 -2.794057159414122452e+03 4.291869565072058322e+03 5.594482072379875717e+03 -1.375344031243360405e+03 1.048092571104009585e+04 -3.740505327582499831e+03 -9.688682235095162696e+02 8.696342804565620099e+03 2.505162326562020553e+03 -3.777682412719248532e+03 7.808367018294380614e+03 3.542544621074472161e+03 -7.071554096312274851e+03 1.080743632978041205e+03 5.107354547949425614e+04 9.973390592899208059e+03 4.384360203388472655e+03 1.701422323777539305e+03 3.535988161813128499e+03 2.291916216143223664e+03 5.602151496521783884e+03
6.944136975361297664e+04 -1.674678742397986061e+05 3.782493665971980226e+04 6.414438125297332590e+04 2.337816442629016819e+03 1.075156774101835981e+04 1.580279556332219727e+04 9.843627833273741999e+03 -9.977191337316145336e+02 -1.132617756371317455e+03 7.102064823981035261e+03 3.743972711846378388e+03 9.108428760842141401e+02 1.850943488658809599e+01 3.483176226563809450e+03 6.899284008383551736e+03 -4.632175905414914041e+02 1.976458462620019191e+03 1.242364847361163129e+03 3.895529678720725428e+02 -3.532025228472525669e+02 4.251733594043016637e+03 9.390237275620804667e+02 6.293376416163773683e+03 3.840743376184884983e+04 5.862622544779402233e+03 7.773170655394814048e+02 3.067231462374393686e+03 1.553411876538119714e+03 2.194512954130911112e+03 7.798441789096263237e+05 1.006255619708981249e+05 1.146723212568290182e+05 1.372534933582315862e+05 2.090333201947974521e+04 -4.858641011945222999e+04 1.651884430714070550e+04 -4.199271662834282324e+03 -3.298870800187533405e+03 8.814404537965150666e+03 -7.585975369820440392e+03 3.099370383524043064e+03 -2.102167389050705879e+03 2.384897950907962240e+03 -5.145360854001610278e+03 1.083627398477640327e+03 -5.377062631547327328e+03 -3.465939898460318091e+03 6.446187675104107257e+03 6.842012268856681658e+03 -1.887244985038020104e+03 2.280087698912918313e+03 7.576029362903094579e+02 7.341557742435627006e+03 4.297437067816592025e+04 7.854885295140779817e+03 1.322087030216133144e+03 5.148638656169766364e+03 -1.239098810542428055e+03 1.139490453925200200e+03
1.527328733395510935e+05 2.226760253640853625e+05 9.298882005465409020e+04 4.877099277141539642e+04 4.109281429656589899e+04 1.390429692722319487e+04 3.088999279938666587e+04 2.170531935384463577e+04 2.235143239368574723e+04 -9.300810509527658724e+03 7.428983916896152095e+02 4.895778549912227390e+03 4.450529798991211464e+03 2.683870070432347347e+03 3.352939939537669034e+03 4.291506056080706912e+03 5.149629018143796202e+03 4.268792329161581620e+03 6.498547127374908996e+03 3.025721878849160930e+03 2.893375892864439720e+03 5.845026405828356474e+03 2.913607971922453544e+03 2.622690568678981435e+03 5.862622544779402233e+03 3.540614123119398573e+04 2.593715187106122812e+03 1.570805508034148033e+03 4.226529972134181321e+02 1.125302587810511795e+03 4.753785430754209665e+04 3.173890371574196615e+05 3.122399760871057515e+04 -2.103762293175763625e+04 3.479876264442826505e+04 -3.075782120501850295e+04 2.879127086846621387e+04 2.902802056234146221e+04 1.815371044794765112e+04 -2.860890106526056115e+04 -6.986771996182567818e+03 1.158900586243290491e+04 -5.494194688467573542e+03 5.364054704186982235e+03 2.491037578604096325e+03 3.001610196790396003e+03 2.623926873762370178e+03 3.548807487432570724e+03 9.506539940115433637e+03 1.559408712713107889e+03 9.556887264740490764e+02 4.145697488164748393e+03 3.428827371492760903e+03 2.639445365017594668e+03 6.457218602130819818e+03 4.024874626646059914e+04 4.489844004129864516e+03 2.064410897563549497e+03 -1.397798256947446021e+02 -4.339315630965519404e+02
