5.065503587385988832e+08 3.127795843772709370e+07 1.185616498275961960e+06 1.045453612415957381e+06 -1.710276473645818187e+06 -2.736918103223955724e+06 1.745752751379665860e+05 -4.243105979211316444e+05 -4.024372659790934995e+05 -1.175345450526879868e+05 -6.862816393875379581e+05 -1.946377426505055919e+05 -2.570203057001896668e+05 7.275116627139355114e+04 1.674840044107567810e+05 -2.431630814946167520e+05 -1.645550939002745436e+05 4.087201601416644407e+05 2.783554438316255691e+05 4.021104067276226851e+04 -1.330648935619332769e+05 -1.388924243887363118e+05 -9.227109799226513132e+03 -7.983985839860861597e+04 -1.219345170543753775e+05 -7.701451608194636719e+03 -1.879280789211513475e+05 -8.266956804428414034e+04 -3.225443651901738849e+04 -5.778807642254116217e+04 2.555965481036421061e+08 -2.215018483481975645e+07 -1.232006215565870702e+07 -3.850959071962877177e+06 -3.094623092500249855e+06 -3.456653437100383919e+06 1.385836880786244292e+06 -1.075805152723895153e+06 -4.701225939862230443e+05 -2.338976914812060539e+06 -1.652008772425334202e+06 -6.321624333339877194e+05 -7.144172537171371514e+05 -4.972046037735165555e+03 1.437221597337062703e+05 6.909370723802316934e+04 -2.972582653141201008e+05 -2.360481114930679614e+05 1.280589621497197804e+05 1.316722118024101364e+05 4.314961569096200983e+05 -3.221949315988179878e+05 -2.732593750535050058e+05 -7.664603976408412564e+04 -8.981817529166513850e+03 2.247758105487462017e+05 -3.862537672607130662e+04 -7.769021045943832723e+04 4.041711755404119322e+04 2.268622149042900128e+04 2.028555376968594640e+07 2.284870578716148809e+07 -5.847761860939986072e+06 -1.372602621728234924e+07 1.657346925733931363e+06 -5.559810068457745016e+06 9.166592647796879755e+05 1.958230626100361114e+06 2.283049893263990991e+06 1.162262411847866839e+06 -1.168970717562586942e+05 -3.149755561907466617e+05 1.064609160845145583e+06 1.462988034351389797e+05 -7.357080186871262267e+05 5.085775775614755112e+05 -5.409201345918120351e+05 -5.345900246453010477e+05 2.320944952884082741e+05 -1.820433860786609584e+05 -1.122101591973429458e+05 1.370528566491551755e+05 -1.988322419818679336e+05 1.539163146544168703e+05 -2.793650210626320913e+05 -5.116740660601396230e+05 -1.745558478054967709e+05 -5.081623956124198739e+05 -2.227731672528565105e+05 2.945213535431438359e+05
3.127795843772709370e+07 1.477061605089189410e+08 7.499993695314766839e+06 2.130703052049102553e+04 1.928023120787307853e+06 6.175598373104865896e+05 3.688992182054307341e+04 -1.483587084413753473e+05 6.021927115520541556e+05 -1.324302051449756545e+05 -2.045747749978343491e+05 2.056815112428146531e+05 2.997623493323953880e+04 -2.646745483415454510e+04 8.264469358169489715e+04 1.690738592948541627e+05 2.754370444719211082e+04 1.764512327896597071e+03 4.659747686289543344e+04 1.034745143887303420e+05 9.368198144374090771e+04 1.458757909850195210e+04 1.615897404203773185e+05 1.287050850317778386e+05 -6.702225361907797924e+04 8.810830695423121506e+04 -1.064838202069805993e+04 1.569243505026608545e+04 -2.771995463360427311e+04 6.953064411931856012e+04 2.941431273576967046e+07 1.477832521095436215e+08 -3.342985030792290345e+05 3.103307725212155841e+06 3.912155636162306648e+06 2.393213146980190650e+05 1.169059958739074180e+06 1.197317467234053474e+05 9.991281436349338619e+05 -1.495922525190032902e+05 6.354153429623817792e+05 3.120298351590515813e+05 9.601942905677534873e+04 1.491603681997119565e+05 5.219414841739932308e+04 2.664162947981235920e+05 -8.183510933448318974e+04 2.415644935070831852e+05 2.845191450455018203e+05 9.641292932095115248e+04 1.294157092543352192e+05 -8.761105308646694175e+04 6.399161184746865183e+04 1.559864473387449107e+05 -1.669841442112111254e+05 2.275793974066793453e+05 8.671192959190947295e+04 2.003976735499486967e+05 5.810336099055992963e+04 6.414401633184264938e+03 1.038907096245032549e+07 2.187408515644929837e+06 1.171258039887243696e+07 4.730705889822672121e+06 4.942200683708227240e+06 -8.539436274950219085e+05 -1.089918830567849101e+06 -3.442752564569135197e+06 -1.926445165735227056e+06 -4.632876896855394589e+05 8.653284426558183040e+05 6.094428928636454657e+03 -2.443791917098513513e+05 5.264249595343427500e+05 -4.246862630620861892e+05 9.569800505558076111e+03 -3.941235335159256938e+05 -9.480763166995924257e+04 -4.336567031155832810e+05 -2.857216932860547095e+05 -4.576654590092761209e+05 -1.740263115271996940e+05 8.626621200716598833e+04 3.689246212986297905e+04 -1.913177860409065615e+05 1.689308027122797503e+05 -1.793044296530172578e+05 9.547125942166389723e+04 6.226894842402648646e+04 -1.466496741282426519e+05
1.185616498275961960e+06 7.499993695314766839e+06 4.095803849844975024e+07 2.812837279820024967e+06 4.990436593458955758e+05 1.681165413638018363e+05 -2.550375625371361966e+05 1.510567799303178035e+05 1.436827791816391691e+05 -7.381108259727763652e+04 -5.267105508738582103e+03 3.628437803576916485e+04 3.768835159835550439e+04 6.825016152286963188e+04 6.983302277750145004e+04 -1.316671457178834862e+04 6.433524816392503271e+04 2.502166971060580545e+04 4.100516429841078207e+04 5.047419523127279535e+04 2.334460822831216137e+04 4.310994827070230531e+04 7.767741141217795303e+03 2.376965761338738957e+04 2.765684041831148716e+04 3.394054655335237476e+04 1.088541829051816967e+04 4.836061724638072519e+03 -3.372321637634718172e+03 2.731384941537688792e+04 -1.032137223351843655e+07 1.475091286116023082e+06 4.174478822778784484e+07 -6.998514039853625000e+05 1.112567551524736453e+06 9.123846567384537775e+05 -9.183757834243013058e+05 4.920081269649756141e+05 2.948599546536106500e+05 4.631513176578026614e+05 -1.150665975676363742e+05 -2.061546346375972498e+05 1.635439729631799855e+05 1.019574342690181365e+05 2.421347016168180271e+05 6.333758863025438768e+04 3.317972880290837493e+05 8.234562346988405625e+04 2.302981127511483501e+05 6.837697905851936412e+03 -6.793547759220299486e+04 6.013638321314808854e+04 -2.441694083730378406e+04 4.814633669429446309e+04 -9.984171332499975688e+04 1.567993624395958032e+05 -1.584178679250264213e+04 6.667485976060703979e+04 9.716077375421959732e+04 5.602582190056857507e+04 2.890113765935040079e+06 6.464034336333336309e+06 1.066070476068715006e+07 -3.123077807413865346e+06 -8.405321026554442942e+05 -4.013410992719114874e+05 -3.256048208510489203e+05 -9.739719074812790495e+04 -3.074032036467774305e+05 1.878221840272363916e+05 3.397955401364815189e+05 -9.529878083741133742e+04 -4.742988881272631115e+05 -9.661845213293736742e+04 -7.968914223981295072e+04 -2.594360610239393718e+05 -3.066685146406345302e+05 2.815868161431004773e+04 -3.445106485690943664e+05 -6.494528431244077365e+04 -4.544184714752263972e+04 1.515558901648147439e+05 1.687755290234515269e+05 -1.073291718651984593e+04 -9.553639221020453260e+04 1.321676239644500602e+05 -1.076891846648572391e+05 -4.123781611941739538e+04 2.001567625018631952e+04 -4.196007009910595661e+04
1.045453612415957381e+06 2.130703052049102553e+04 2.812837279820024967e+06 1.491949383140165918e+07 9.924440627787488047e+05 -6.355791654951027886e+04 -1.166676697058593563e+05 1.243406927159714833e+05 9.031703224176481308e+04 -1.841370556418777051e+04 6.827238748595073412e+04 3.023533720123653256e+04 -3.289468417000647605e+04 -4.316018771551669488e+04 2.549518254515778244e+04 4.061727322409953194e+04 4.057189786283738067e+04 4.910434408078920387e+04 3.609491702252468531e+04 1.304676551835127066e+04 -1.353356718378337973e+04 1.044073487633665718e+04 7.106103102160070193e+03 4.349119868994331773e+04 3.839195189979400311e+04 1.828355296092751087e+04 1.010054395232832394e+04 1.091881730795798285e+04 1.898486317414721498e+03 5.014841607269309861e+03 -1.124367311497069895e+07 2.967227511540081352e+06 4.928169015423150733e+06 1.512974308327981271e+07 6.572206753447150113e+05 7.281196191874832148e+05 3.001424243370673867e+04 1.831417843302938272e+05 5.148829020239402889e+05 -2.067884214516686334e+05 -1.546706869947476080e+05 -5.661843528009051079e+04 1.880115844071205065e+05 -1.331090988938557566e+05 -5.398150387962584500e+04 -2.619205883700351933e+03 6.939046184391736460e+03 3.618436837960364755e+03 -2.517526542249936392e+04 -5.601252410205494380e+04 -4.574769130040513846e+04 -4.752658418707131204e+04 -1.563400170124675788e+04 7.182791292569499637e+04 -1.979502157351369169e+04 4.853292004670416645e+04 3.982287186849285354e+04 2.546389634358046897e+04 8.394876369193190840e+03 2.580094121835706028e+04 -2.734142625040785410e+06 1.317891975990911014e+07 3.921544951777934562e+06 9.658829098382005468e+05 -5.624184952893547015e+05 9.195092975114465225e+05 -5.720889623896973208e+05 -6.331207164927459089e+05 -3.328451479300091742e+05 -2.836265255465104128e+05 1.191455291410578138e+04 -2.147741192461879791e+02 -1.740233020359006186e+05 1.696357633815337322e+05 1.494421347123257692e+04 -9.330551128133226302e+04 1.088233851638410706e+05 5.982029412822415179e+04 -1.628332539864854480e+05 -1.244102610740305390e+05 -3.280261726870157145e+04 -3.701978219107561745e+04 5.075026228107005409e+03 -5.668259707437016914e+03 -9.284193338412580488e+04 9.286829323533504794e+04 1.505592995700912434e+04 1.169848088921736962e+04 4.257162785774600343e+04 3.080830032513888909e+03
-1.710276473645818187e+06 1.928023120787307853e+06 4.990436593458955758e+05 9.924440627787488047e+05 7.044797157515284605e+06 4.239284849394839839e+05 -3.401905981102822989e+04 -6.652365111430124671e+04 1.784717649969751801e+04 2.270244496930461901e+04 1.057215730217095552e+05 7.631728935817675665e+04 3.363846682381754363e+04 5.533023398085882036e+03 5.147857249481719919e+03 2.946146977884665466e+04 4.378487161035572171e+03 1.429400185445622083e+04 2.273197022363992801e+04 1.726054666147650323e+03 2.008457501774971024e+04 1.731111372570377716e+04 7.232951806173470686e+03 -1.817529173683201952e+04 2.431707164263949323e+02 4.636065617138676203e+02 1.569392715817522367e+04 1.646957190843474746e+04 -3.977369113486102378e+03 1.743170551487125340e+04 4.861294112904408015e+06 6.165309891054576263e+06 -1.736475535929892212e+05 1.445582803026777459e+06 6.340829340007886291e+06 2.403452547330779489e+05 1.024773233255201194e+05 -7.300540498472422769e+04 3.903010449339346815e+04 -3.207372824524042881e+04 1.732442175376776722e+05 -5.079133309043315239e+04 1.494944746022424952e+05 -4.965581150576300388e+03 2.529885805454680303e+04 3.067119842299517768e+04 7.962642723389285675e+04 2.928311019162245429e+04 1.046395155139576236e+05 -2.493493775776843904e+04 4.009000500065525557e+04 4.693658257288868481e+04 3.827086909190495498e+04 3.077578296238385155e+04 -7.055460095858701663e+01 6.284692962655001611e+04 6.227553924689369160e+04 2.149172713925741846e+04 -4.691479020279545864e+01 1.052173245757967015e+04 5.338295129571173340e+06 9.105097354663437000e+05 -2.619811878850457259e+06 1.079555181402034359e+06 7.399216037664482137e+05 -1.720147523464426631e+05 1.965048571971905767e+05 9.409944488259377249e+04 2.709211627848344870e+04 -3.877646873003215878e+05 -1.637182772406539007e+05 2.616940826089979055e+03 -5.182253883189161570e+04 -7.530667888789462449e+04 -5.700788015647062275e+04 3.624101959004077798e+04 9.430486703679189668e+04 2.872609860958384888e+04 3.385786692681466229e+04 3.640243336043668387e+04 -4.822070443081171106e+03 -3.486717873088800843e+04 -3.418830416316703486e+04 1.257000412789438815e+04 -9.649351320598540042e+03 -2.930979731816085405e+04 5.396051567770248221e+04 -4.148905065364161419e+04 1.492743824613034485e+04 1.510424433905427759e+04
-2.736918103223955724e+06 6.175598373104865896e+05 1.681165413638018363e+05 -6.355791654951027886e+04 4.239284849394839839e+05 3.122414183148511220e+06 8.662610585034139513e+04 6.209490733880634798e+04 1.437682701088282047e+05 -1.880419910812136732e+04 6.871886597817595430e+03 2.055681590433786550e+04 -9.982591133791388529e+02 6.996117307923661429e+03 2.053079654650453449e+04 -1.793789207299534246e+04 2.165693584915957763e+04 1.577543922351142646e+04 1.827703722553749685e+04 7.227387007048864689e+03 1.821515236103747884e+04 2.338856297040171557e+04 9.619146573434521770e+02 -4.132642633276593074e+02 1.225247068153148393e+04 1.160677568829939264e+04 6.349247284193218547e+03 6.135110366848349258e+03 4.027912486977236881e+02 6.599998612986987609e+03 4.052427300144763431e+05 1.081835897836436518e+06 -6.316689688660532702e+05 1.081759317183199339e+06 2.008461651241449872e+05 2.420423767788507976e+06 -1.039970463787181652e+05 -2.370601007593884060e+04 -4.064411983530681755e+04 -7.246774676703818841e+04 3.326906887289031147e+04 -7.058043174199333589e+04 -6.797252706609714551e+03 4.975787543200048822e+04 8.952064440925803501e+04 6.518740802584181074e+04 -5.063740370794852788e+04 2.585446312457398381e+04 2.830805356309565104e+04 -7.510249896367331530e+03 1.586771330150014364e+04 2.118320715846152780e+03 1.284843653720257134e+04 1.561025584435799647e+04 2.148961923766619293e+04 7.442281713424039481e+03 1.000373749590193256e+04 1.298051179548633809e+04 -1.240000492838164246e+04 -8.004423784882511427e+03 -9.520288188462868566e+05 1.925711064879284706e+06 -7.741721498375382507e+05 1.157057784801103873e+06 -1.017025016969641583e+05 5.056252359909579391e+05 2.320590269585862698e+05 -7.743732223358711053e+04 -1.750353190238753741e+05 -5.284783090180350700e+04 1.875313708505842369e+05 -2.326130720934124838e+04 9.640261438588779129e+04 1.671569088472477160e+05 4.181808912818654062e+04 -3.375591714542590489e+04 -1.697064037466682748e+03 5.076984501239664678e+04 -5.413412993262813688e+04 -1.732713505807764886e+04 -6.752784722649644209e+03 3.245243856128578409e+04 1.805314974602591064e+03 -5.346587554496955272e+04 -1.308916838427682342e+04 -1.896799526628143212e+04 -2.324929517928494170e+04 1.645829954487825307e+04 -8.170459321039530550e+03 -1.236287932030245429e+04
1.745752751379665860e+05 3.688992182054307341e+04 -2.550375625371361966e+05 -1.166676697058593563e+05 -3.401905981102822989e+04 8.662610585034139513e+04 1.903075117070762906e+06 1.590279948063706106e+05 -3.086030967456490907e+04 3.252079435467918756e+03 2.229532932157563118e+04 2.419921804313013854e+04 1.131327643487670139e+04 1.017551300641699345e+04 8.977999884431706960e+03 2.105835663991566980e+04 1.456391246621870778e+04 7.888813911340583218e+03 1.685001427720393622e+04 6.451967924777805820e+03 2.615301187937221039e+04 6.760992840894508845e+03 6.936252641705166752e+03 8.160420671448432586e+03 2.287075953857575314e+03 1.909938812463247450e+04 2.490462102888721802e+03 1.165884700031605462e+03 6.806760559402729996e+03 -2.309352658208157663e+03 3.253624684647230315e+05 -1.695830220634884434e+06 -6.188204243525342317e+05 1.392814493411086733e+05 2.254883357930595230e+05 -7.757845628812127688e+04 1.549876349910717923e+06 8.382708373476407724e+04 -1.027475487858083216e+05 7.240474031995283440e+04 8.210821755192703858e+04 6.102308192994749697e+04 -3.880286276401200303e+04 1.567027811877334170e+04 -6.476689268798733247e+04 1.956157816456475484e+04 -7.319585716675523145e+03 -3.854887584212550422e+01 -1.556040939999992952e+04 3.004417037458758386e+03 -1.792707973044870596e+04 -2.098719071698284824e+04 -2.766232883001428945e+03 2.180506852534696463e+03 2.120648514605381570e+04 7.459343889520106131e+03 -7.696512548988928756e+03 -1.565443803561477762e+04 -9.817917393251824251e+03 -1.573816101049491044e+04 -3.867985945593425422e+05 -1.622139154765373096e+06 -7.919222164320219308e+05 -2.687586232206068235e+05 5.291411388479052112e+05 5.826997514195159602e+04 2.424345494725911703e+05 -8.658328158135894046e+04 -3.203354471305176412e+04 -3.661965057100753711e+03 8.588632358161090815e+04 -2.856789534010550051e+04 -4.957513141232614726e+04 6.294336407622918341e+04 -3.390955789613557135e+04 -6.518170018231377071e+03 2.463616804071665319e+04 -1.253147051422959521e+04 4.997750580840401381e+04 1.976795909111576111e+04 -3.847285634342818958e+04 -4.471161600533243472e+04 -2.489139319208031884e+04 -2.281684947194887354e+04 -6.901832956914951865e+03 2.823365192392630343e+04 -9.911149461417612372e+01 4.798645680517679466e+03 1.438619133430986039e+04 -2.137349645376100671e+04
-4.243105979211316444e+05 -1.483587084413753473e+05 1.510567799303178035e+05 1.243406927159714833e+05 -6.652365111430124671e+04 6.209490733880634798e+04 1.590279948063706106e+05 1.137549470086250454e+06 1.157598459921377653e+05 -2.834808677526523752e+03 -8.153163373851959477e+03 -9.798642884714090542e+03 -6.758449404670464844e+01 8.849154878921957788e+03 -5.768203802372571772e+03 3.560147362697554490e+04 2.403595162798442743e+03 1.379889451968447247e+03 1.577351851570756480e+04 1.403645362834773368e+04 1.141569191187973775e+04 8.924199727044420797e+03 -4.557442911583646037e+02 1.165463686580104331e+04 5.053174036656590943e+03 1.198705394027302646e+03 1.729169899913004429e+03 2.072215138767722237e+03 4.173563443079295212e+03 -4.209150241356128390e+03 -2.081662035682070069e+06 -2.048474213830805616e+06 7.001750937387325102e+05 2.872804281380244065e+05 -7.126217947019805433e+04 -7.534139669308910379e+04 8.103564129687966488e+04 8.175366033569551073e+05 1.158750026772008569e+05 -1.702777558217614205e+04 8.494392638590110437e+03 2.061806732324001496e+04 2.557886602349331588e+04 2.630613838005755679e+04 -3.968374696484775632e+04 1.514045323195370656e+04 -1.203273704223806271e+04 -1.729692221634649104e+04 -5.526662791182052388e+03 6.111544117878983343e+03 6.900104095217529903e+03 -8.643451926212595936e+03 3.323341715161790944e+03 -1.022184583012004077e+04 7.112781945842160894e+03 2.190983476944074937e+04 1.738922402773966314e+04 1.029996805436617433e+04 1.338409054820546589e+04 -1.766293195343190746e+03 -1.293071962082902173e+05 -1.635374417738540098e+06 1.121834276745827636e+06 4.727202074868017808e+05 5.922248389423188928e+04 2.710283223687889404e+04 -7.525531644812981540e+04 -1.724838847943007131e+05 -1.891060662255370698e+05 -3.410731949972284201e+04 3.168328822124723229e+04 -3.685937412652908733e+03 5.708646371062893013e+04 4.075073201766968123e+04 2.469898421150429840e+03 -1.276238050940752328e+04 1.333090938547080623e+04 -1.402625966199491086e+04 -7.533880034480542236e+03 -1.509283617391637790e+03 9.088766459973828660e+02 5.128737874850787193e+03 5.735456218679512858e+03 -8.820650024981081515e+03 1.642572073018239462e+04 1.214860827593253634e+04 -1.293273612157668140e+03 -4.616252212449321064e+02 3.718913599230854288e+03 -7.435642699419129258e+02
-4.024372659790934995e+05 6.021927115520541556e+05 1.436827791816391691e+05 9.031703224176481308e+04 1.784717649969751801e+04 1.437682701088282047e+05 -3.086030967456490907e+04 1.157598459921377653e+05 7.501169346510008909e+05 2.632164912060800998e+04 2.941373896193435212e+04 2.040639998727564307e+04 2.241384468591397308e+04 -3.724151899934418566e+02 3.032317374386798747e+03 1.230601610887201969e+04 2.674056424286941365e+03 6.083584392409723478e+03 4.018716661050348648e+03 1.207001952237110163e+04 7.023000157643173225e+03 6.787637437479197615e+03 1.316989959299150541e+03 -4.048012347440079338e+03 1.166777964541439133e+03 6.376148429191347532e+03 3.681211596986067320e+02 1.621382453574183273e+03 -1.093611510548665137e+03 4.295482684280239482e+03 -4.901620488762839814e+05 4.881489291966317687e+05 3.225351111308989930e+05 1.082815319568891719e+05 -7.272427750187659694e+04 3.057004324096201526e+04 -1.525282007672342006e+05 -7.572513760037937027e+04 4.824531567240100121e+05 -7.415425070607214002e+04 6.476220468478720431e+04 1.554222810192324505e+04 3.190497892295798010e+03 3.414316298263846693e+04 4.921965962362556638e+03 5.965584632979030175e+03 1.630731094739158834e+04 -2.358279704180886256e+03 3.179055436165037099e+04 -1.500153352630774680e+04 1.017269085295739615e+03 2.172549830643326277e+04 7.038473431518596044e+03 -1.059294107142241410e+04 -4.638794175405109854e+03 1.113618055382040438e+04 1.111239176987290193e+04 8.118022754981706157e+02 4.293681471172962119e+03 -6.971148289625601137e+03 -8.021371632393327309e+05 5.033041645534266136e+05 -1.431176501653376617e+05 2.996263624303718461e+04 -1.058958711683096044e+05 -2.457334005276909738e+05 -1.216941542222181597e+05 -2.170800418576296361e+05 5.083974701063999237e+04 -7.681844077587324136e+04 -5.119936562834356300e+04 8.312854986251597438e+03 -1.050534691637600772e+05 -1.671989912914552042e+04 -7.750952797974146961e+04 -2.334305511056053092e+03 -2.956315421125211651e+04 -5.759773297863986954e+03 3.884478635215042232e+03 -1.367580348442019022e+04 -1.671837040811468614e+04 2.507876409255257022e+04 -3.394440234084920121e+03 4.520657352498407818e+03 4.556332381828142388e+03 -1.004603814365582366e+04 -9.115308289796820418e+02 -5.728668974628716569e+03 2.012446837688000960e+04 -4.372809636511965437e+03
-1.175345450526879868e+05 -1.324302051449756545e+05 -7.381108259727763652e+04 -1.841370556418777051e+04 2.270244496930461901e+04 -1.880419910812136732e+04 3.252079435467918756e+03 -2.834808677526523752e+03 2.632164912060800998e+04 4.225635381630484480e+05 2.152143872360720343e+04 9.881469413026230541e+03 6.309368500641114224e+03 -3.392765415427677453e+03 -4.938426227612630100e+03 4.603243974067074305e+03 3.039006581019486021e+03 9.112846762522516656e+03 -4.680785663278616653e+02 -9.223672737264170109e+02 5.666438970773409892e+03 2.653075749836296382e+03 9.773566723065320048e+02 1.321343190134299448e+03 -5.985652763594277531e+03 -1.297418523096175250e+03 -8.474063535115233208e+02 -2.525967580367346272e+03 -4.727115285195973797e+02 1.957823242277408553e+03 -1.703955436425779248e+06 3.761310772014000686e+05 3.628530810070016305e+05 -1.309294505856607429e+04 1.926572896676706150e+05 -5.996304600944904087e+04 -1.365504624713388039e+05 -7.120146770821142127e+04 1.459816555289029930e+04 2.601107896965574182e+05 -3.044350730850525451e+03 -7.805058841883101195e+03 -3.357602140588654584e+04 4.506894588021942764e+04 6.375267925910311533e+03 4.151247877582566616e+03 8.142935564474334569e+03 7.945417218309301461e+03 1.325022161264608440e+04 -5.403327312388596511e+03 -4.152529863707267396e+03 2.163730750362356503e+03 3.439408861905254525e+03 1.203388316427119207e+03 -7.904384078352092047e+02 8.495092348921513121e+02 9.022208397543715819e+02 1.539871758060037564e+03 -4.085694686572449427e+03 4.545778273922383050e+03 1.246883081565937959e+06 5.534953095623758854e+05 -4.489470065228050807e+05 -1.123538126678333501e+05 2.229408084661048779e+05 1.398497286442462937e+05 -1.495764561290170532e+05 5.930643423593095213e+04 -7.497404066478551249e+04 8.383467098891492060e+04 -1.040983235287059870e+04 -2.208791102959697309e+04 -3.554187207728128215e+03 1.228301455684206121e+04 1.047384240997676898e+04 -1.791182990646134567e+04 -2.495320997680686617e+02 -9.182727339781164119e+03 9.379185396615393984e+03 -8.203918383510617787e+03 9.803426560912846981e+03 -2.581630821294610359e+04 6.661790787921800984e+03 -2.774996396103315419e+03 8.291765573245276755e+03 4.122638042488056271e+03 9.005391981530790872e+03 6.216164736914403193e+02 1.268773465514359305e+04 -2.634060899373456323e+03
-6.862816393875379581e+05 -2.045747749978343491e+05 -5.267105508738582103e+03 6.827238748595073412e+04 1.057215730217095552e+05 6.871886597817595430e+03 2.229532932157563118e+04 -8.153163373851959477e+03 2.941373896193435212e+04 2.152143872360720343e+04 2.731960776866741362e+05 2.091355125183662312e+04 6.648029895166198912e+03 5.737096852769681391e+03 8.453896469411864018e+03 5.160840976687069997e+03 3.684759452960949602e+03 8.199572658337856410e+03 1.885196104660029732e+03 -1.310060342059476170e+03 4.651680636687713559e+03 -4.311968257802245716e+03 -1.641750482281351651e+03 -1.239802150990476321e+03 2.877145209935008552e+03 -3.035182865064944508e+03 1.361601302692634363e+03 1.966989076145185891e+03 2.929874388673425983e+03 5.279366816498528578e+02 -3.040825677240655641e+05 -1.730888895662991563e+05 4.344494685278654797e+05 1.293266682084922832e+04 1.535892689399377850e+05 -2.833609815984626039e+04 1.346349341008932424e+04 -5.941680779907850228e+04 -2.427272478321930612e+04 2.071702680586905990e+04 1.229369983533094055e+05 1.480972131928005365e+04 2.513783563335751296e+03 1.726812509001400031e+04 -1.447254669570017722e+04 -4.867897816106865321e+03 -2.305078213501815753e+03 1.337431347551601721e+04 1.479357572622841144e+04 8.816003303271958430e+03 -3.164074699270634028e+03 -1.274678988614479567e+04 6.695442057200913041e+03 2.783806005760675362e+03 6.151376451988565350e+03 2.204554378987891141e+03 4.899036249656946893e+03 6.707434929782049949e+03 1.638535452493364573e+03 1.530255474242805940e+04 2.068846624822835205e+06 5.111197890257409308e+05 -3.447976273530363687e+05 -5.043945286754181143e+05 -1.836478050016188354e+04 -9.324720465696914471e+04 -2.044310373000836626e+04 2.878885366840778261e+03 -2.759204128178773681e+04 -9.713914529723802843e+03 8.124414258129909285e+02 -1.567379373707815103e+04 -2.725410200982840365e+02 -3.160259417449678494e+03 1.226210414487050002e+04 -1.020478461835847338e+04 -1.422203636985070807e+04 1.585324021116870426e+04 2.275464228932509650e+04 -2.147613955389452531e+04 5.948957557377340891e+03 -5.099511258386188274e+03 -1.793790350529647640e+03 1.078804178067825706e+04 8.710172880965259310e+02 -9.489788652028470096e+03 7.973097636560080446e+02 8.879760935452987951e+02 4.640660146870549397e+03 4.830897940903407289e+03
-1.946377426505055919e+05 2.056815112428146531e+05 3.628437803576916485e+04 3.023533720123653256e+04 7.631728935817675665e+04 2.055681590433786550e+04 2.419921804313013854e+04 -9.798642884714090542e+03 2.040639998727564307e+04 9.881469413026230541e+03 2.091355125183662312e+04 2.357193718928414164e+05 2.866648649326723171e+04 1.591992499286027305e+04 1.393800737652190401e+04 7.973922903182701702e+03 7.033714734348222009e+03 7.003732926797619257e+03 -2.397035341035890724e+03 6.447177734073949978e+03 7.721173705845254517e+03 3.597730825114862910e+03 4.031276386275318600e+03 2.001699187007387081e+03 3.857813019252045706e+03 2.624510059686374007e+03 2.721537577740514280e+03 2.145572920838417303e+03 3.216207856425508453e+03 1.433877457421427607e+03 5.034210032212196966e+05 1.033586826316487859e+06 6.590136136769513832e+05 1.733550805943794549e+05 -5.643443334164647240e+04 2.131671519721710865e+04 3.002351602529685988e+04 7.526543540459020005e+04 2.182961494009529633e+04 -3.631321463277671864e+04 4.508514771206429032e+03 1.268261695919150807e+05 4.284747820504059200e+04 2.708955752687932545e+04 2.869725350063409678e+03 -3.914606588857737279e+03 -5.340193489953037897e+03 1.879766763140104740e+04 -1.500801554048402295e+03 1.000859832347142401e+04 3.594633282365477044e+03 -8.307928359699208158e+03 -1.062536951151281573e+04 1.098521841629154551e+04 -4.077272391416262280e+02 2.480977166856609273e+01 7.722325242460467052e+03 5.737725013277867220e+03 3.860948181959910471e+03 3.460025721756710027e+03 -4.783072079482767731e+05 -6.587735340168561379e+04 1.802554518141142908e+05 1.460751400583003415e+05 1.260640113726599375e+05 5.432254095558032532e+03 -5.121870295647974854e+04 5.650471416983060772e+04 -2.020774854851445343e+04 -5.661747237249319005e+04 5.132014171427106339e+04 -6.662208614293102073e+03 1.622141071535199808e+04 1.331619094700308779e+04 -1.146380037879307383e+04 2.830392343381282672e+02 -8.035182587247114725e+02 1.568913837322364452e+04 -1.042336758927195842e+04 -4.770831973072187793e+03 6.606837160641239279e+03 -7.695008364286236429e+03 -6.413946953500733798e+03 5.844809026538570834e+03 4.319240476168659370e+03 2.791475502838828561e+03 1.719437480595807529e+03 8.152825659852696845e+03 8.766271578857893473e+03 1.099462891242933620e+04
-2.570203057001896668e+05 2.997623493323953880e+04 3.768835159835550439e+04 -3.289468417000647605e+04 3.363846682381754363e+04 -9.982591133791388529e+02 1.131327643487670139e+04 -6.758449404670464844e+01 2.241384468591397308e+04 6.309368500641114224e+03 6.648029895166198912e+03 2.866648649326723171e+04 1.723916998384714534e+05 2.649366064411150728e+04 8.751341441315869815e+03 3.212142995335207615e+03 2.682409212105176266e+03 3.896531891751429157e+03 2.706458234681375870e+03 4.346816101125563364e+03 8.662235328467057116e+03 2.446553075315746810e+03 3.992820693695804493e+03 2.472173676788072214e+02 1.442551738994489597e+03 5.277090726469356923e+03 2.289026846532786294e+03 2.009533126576478935e+03 -1.286285301612888610e+01 3.322058773102249347e+02 -4.205983765422888973e+04 1.787652419522829223e+04 2.150058125028041832e+05 2.346574659274063888e+05 1.902386885454991898e+03 -3.385777951390990347e+04 -4.727602256631648174e+02 7.953683036493523105e+03 4.525176251101877278e+04 -1.344812735797280948e+04 -3.635510780657185478e+03 3.871051255156187835e+04 8.704292654569784645e+04 2.021900540833036575e+04 1.567313080290926337e+04 1.830605493885976784e+03 -1.179813682783721015e+04 6.133913799619405836e+03 1.315255210660305056e+04 -2.327152995879161608e+03 -4.493327552549779284e+03 4.226206689661876226e+03 -1.691924681738968957e+03 -5.757268508285670578e+03 -7.987523589951509848e+02 1.875938916895825059e+02 -1.689741490928540316e+03 5.030947801291988981e+03 -9.669267919231930364e+02 -1.186197637395825041e+03 -4.464950749741487671e+05 -4.036839577370475163e+05 1.253125567766829190e+05 1.484941948938557653e+04 3.429507170425395452e+04 2.144317753276235453e+04 3.373518053481474635e+04 2.528583485069223389e+04 -3.121665546480218836e+04 -2.255260909594915574e+04 -7.722783453522363288e+02 -1.181695422372211578e+04 3.825613626774095610e+04 3.923127725678831666e+03 -1.855702450101864815e+04 2.145517308168917225e+03 -1.227511549805462346e+04 2.328330997255720831e+02 -3.317537551912836989e+03 -3.611495969501583659e+03 8.546615244298254765e+03 4.859855884283652813e+03 9.980618103358873441e+02 -3.437713361549355341e+03 -8.464287026632582638e+03 4.070512750003204019e+02 5.679566601524469661e+03 1.073272685160424044e+04 1.094727638398119780e+04 -3.615493148964342822e+02
7.275116627139355114e+04 -2.646745483415454510e+04 6.825016152286963188e+04 -4.316018771551669488e+04 5.533023398085882036e+03 6.996117307923661429e+03 1.017551300641699345e+04 8.849154878921957788e+03 -3.724151899934418566e+02 -3.392765415427677453e+03 5.737096852769681391e+03 1.591992499286027305e+04 2.649366064411150728e+04 1.287412291591021494e+05 1.651999573331709689e+04 8.433613122379760171e+03 6.201863103854202564e+03 3.638329806024054506e+03 3.781470307956735724e+03 1.973854941362481213e+03 3.340973770423799124e+03 2.472290228602903881e+03 3.474933072245732092e+03 2.410020970000047328e+03 -1.092751553421590643e+03 1.675460282158646805e+03 2.305552502044388802e+03 7.009689464995396975e+02 3.952555257821078158e+03 1.752755468355529956e+03 4.639619455303525319e+05 6.134668198148630472e+04 1.585420034478809393e+05 7.946146219429114717e+04 -4.488694068128351500e+04 2.996214612653692166e+04 -4.669302442624606192e+04 2.598112273275173357e+04 1.799216395435133222e+02 6.050077666137648521e+03 1.498478845744693353e+04 1.378896320246468167e+04 1.148650425065815944e+04 4.831746226709557959e+04 2.000809131547671495e+04 -4.920219192368989752e+03 -7.073157570712477536e+03 4.330912693531243349e+03 1.078457392775990775e+04 -4.758611191404364035e+03 1.373366363815428713e+03 4.373633385845067096e+03 1.672778011845820856e+03 1.959746672314270882e+03 6.706838852744351243e+03 9.868465475308452142e+02 5.132491655828417606e+03 3.463664591258246219e+03 2.840625967390729784e+03 7.223135852864446633e+02 5.379443230028214166e+05 -5.791113042085863417e+05 -1.325263282122756355e+05 -3.044905551449865015e+04 -1.183623620145421446e+05 -2.456439124281182376e+04 1.910761908592687541e+04 1.640022619748094803e+04 3.479586065565612807e+04 2.022412280455846485e+04 -9.941691715542666543e+02 8.546680502267314296e+03 5.632058680316629761e+03 -1.425432578470125407e+02 -1.164259170925571743e+04 -2.606423639958947660e+03 -6.842906973876702978e+03 2.136889689062725665e+03 1.227107305850807643e+04 4.267696393337313566e+03 9.428095964791071992e+02 -1.318761596606009334e+04 -7.524478901514207791e+03 1.723324019464256708e+03 1.126708084518373425e+03 -2.929520127400240654e+03 -7.212662182875958024e+03 3.989824802945820920e+03 3.858493336695881680e+03 -3.391121344580919867e+03
1.674840044107567810e+05 8.264469358169489715e+04 6.983302277750145004e+04 2.549518254515778244e+04 5.147857249481719919e+03 2.053079654650453449e+04 8.977999884431706960e+03 -5.768203802372571772e+03 3.032317374386798747e+03 -4.938426227612630100e+03 8.453896469411864018e+03 1.393800737652190401e+04 8.751341441315869815e+03 1.651999573331709689e+04 9.879387508656413411e+04 1.449476151331639448e+04 6.562632411403013975e+03 6.571660377894948397e+03 3.796829041359655093e+03 -3.772181286191431582e+02 2.122044972616110954e+03 2.763442538583746227e+03 1.294737829882110873e+03 -2.280505014687701987e+03 6.569558352789434821e+02 7.528721103121067699e+02 3.345681573537923214e+03 8.248930525581661186e+02 1.305046234592729206e+03 -7.097618519926438694e+02 2.058329083886190492e+05 3.536427920788787887e+05 5.906692684047344665e+04 5.853977771138332901e+04 -6.609304392447520513e+04 2.249262837302865228e+04 4.039177139715378871e+04 9.539755709974428100e+03 -8.158240968957409677e+03 1.646804664009615590e+04 1.150918221053782690e+04 2.303051213725766866e+04 1.858385992809626259e+04 1.323785055461037336e+04 2.641236541320223841e+04 -3.177990033273073095e+03 -4.652911911756918016e+03 5.090676603866629080e+02 3.971352779702318003e+03 3.542052822131612402e+02 4.107002750701204604e+03 3.221203196983143698e+03 -2.824403922799517659e+03 2.014846678592774879e+03 5.750786573132306330e+03 1.648199110471642825e+03 2.499677646629391802e+03 2.295129544483777906e+01 1.007282178330120132e+03 2.209421181595759663e+03 6.527329208312397823e+05 3.107530374766609748e+05 -1.359307198409847042e+05 -1.181672992846497073e+04 -1.270519490082625562e+05 4.045976281389978340e+02 -4.018945077025421779e+04 -2.865173079738824163e+04 2.607355701998632867e+04 -5.807581397071517858e+04 7.553952985640268707e+03 2.245056427726482070e+03 -1.810184904484822255e+04 6.338459060870748544e+03 -1.678392603326399330e+04 -2.290342217804801749e+03 -4.979766232917156117e+02 5.087739953539996350e+03 -3.646391892206659577e+03 -2.801178690725045271e+03 -8.782523348067949200e+02 1.992563360635062111e+02 -5.955436513205216215e+03 -1.243298570215093378e+03 3.033992669370045405e+03 5.234950890560764492e+03 -5.954187959210345070e+03 4.336125419560252340e+03 5.997207999610126308e+02 -5.812279370416961683e+03
-2.431630814946167520e+05 1.690738592948541627e+05 -1.316671457178834862e+04 4.061727322409953194e+04 2.946146977884665466e+04 -1.793789207299534246e+04 2.105835663991566980e+04 3.560147362697554490e+04 1.230601610887201969e+04 4.603243974067074305e+03 5.160840976687069997e+03 7.973922903182701702e+03 3.212142995335207615e+03 8.433613122379760171e+03 1.449476151331639448e+04 8.383932479567703558e+04 1.056630902379263898e+04 5.195748973117182686e+03 2.939336347112811382e+03 8.124506234556358777e+02 2.326323682294557329e+03 3.007394045935127451e+03 1.464565955460387158e+03 4.081336332973432036e+03 2.329069715124892355e+03 1.149048867518627276e+03 2.810934695427242332e+03 6.813058132979242600e+02 1.222131230015023903e+03 1.391537939381866863e+03 8.674319756746334024e+05 -3.797474376690556528e+04 -2.638583682802610565e+05 1.711276068343795196e+05 7.035922171939989494e+04 -5.113390353894815053e+04 -2.945749097435256772e+04 2.708395689680791838e+04 3.141011361158346699e+04 1.032420473283679712e+04 -5.109607347174909592e+03 2.658758075305552848e+04 -5.935560887213845490e+03 -1.430949626088920195e+04 -4.660423688836391193e+03 1.785483357391537720e+04 -1.256652778150533322e+03 -4.734372824123898340e+02 1.111611221806604817e+03 -1.731934847670775071e+03 -3.400754424779946476e+03 7.643489532794624211e+03 -2.262585190027961289e+03 -3.041684496964911432e+03 2.538738861932703003e+03 9.464262910239643816e+02 2.950143050370515425e+02 -1.820020402661652497e+03 -4.319850265022492408e+02 7.299619478180864462e+03 -6.350942227034426469e+04 -3.901854489920160850e+05 -4.745440230648551369e+04 2.022950150452728558e+05 5.853969491266323894e+04 3.745219049975948292e+04 -1.131450548931555822e+05 -6.012069062935432157e+04 -1.499822690637280539e+04 -5.096091871642643127e+03 -3.233357827865498621e+03 2.382669756849969417e+04 8.370407779815432150e+03 -1.950307925883296048e+04 -2.190673415526133613e+04 7.636052205110513569e+02 1.157871789369219914e+04 4.440516951304392023e+03 -1.683148135462669961e+04 -7.312395812736737753e+03 -8.334228378945048462e+03 2.206068237589910495e+03 -6.532461169032543694e+03 5.371930808664898223e+02 -4.404973913966736291e+03 -9.049083130157151800e+02 5.773894125704727287e+01 1.794100673140183744e+03 4.625795070569341078e+03 -2.181259169439827929e+03
-1.645550939002745436e+05 2.754370444719211082e+04 6.433524816392503271e+04 4.057189786283738067e+04 4.378487161035572171e+03 2.165693584915957763e+04 1.456391246621870778e+04 2.403595162798442743e+03 2.674056424286941365e+03 3.039006581019486021e+03 3.684759452960949602e+03 7.033714734348222009e+03 2.682409212105176266e+03 6.201863103854202564e+03 6.562632411403013975e+03 1.056630902379263898e+04 6.506705935617875366e+04 4.479095984239287645e+03 -3.995247505654762335e+03 1.819575943248753219e+03 8.423970998658787721e+02 -7.270754986016465864e+02 2.214522630551284237e+03 2.668285186446005810e+03 5.553399503151368890e+02 2.846217490347672992e+03 -1.072358559297717647e+03 1.168108037753919461e+03 7.104817262682737464e+02 8.116914957681206033e+02 -7.540836375031939242e+05 2.285924047296549252e+05 2.212692392661916965e+05 5.483968779609258490e+04 3.901640896921971944e+03 4.580770086274948699e+04 1.111339030576235928e+03 3.034014502110083868e+03 4.122365535975237435e+03 1.406583487246944605e+04 4.360162310829932153e+02 -6.557067755849671812e+03 6.012706767138994110e+03 -3.647515687337575855e+03 9.248505319021069226e+02 3.134783776809706069e+03 1.533159511839249899e+04 4.000216386286196212e+03 -5.530885277680142735e+02 3.984344110768037808e+03 -5.091249850993894142e+03 9.711507398893027130e+02 2.028351488642074855e+03 2.096740851345408373e+03 1.600197697679816429e+03 -1.038564889762156781e+03 -4.990110039555668777e+02 4.459398465534418392e+03 7.368639761079311938e+02 2.317209435311935522e+03 -2.777979835213485057e+05 5.177149959216661227e+04 2.003177421253823468e+03 5.870682089156986331e+04 6.735554619914159412e+04 3.183852549879874005e+03 -5.134425602696861461e+04 -1.141589624976396226e+04 -1.663209389576592730e+04 7.855274223448516750e+03 6.213288893938191904e+03 6.577702003602734294e+03 1.399772013973764842e+04 1.073746839047904723e+04 4.248117303520180030e+03 1.461341655014046592e+04 7.178300691266105787e+03 1.209900198619858384e+04 -6.935405662780533930e+03 2.272917432043016106e+03 -2.415068912604014713e+03 -9.950408143557476492e+00 -3.467449259136471483e+03 1.526004809701229306e+03 5.474243276160314963e+03 3.415355386760109923e+03 -1.177977716927761520e+02 1.393821542495376889e+03 2.652369270733991925e+03 -1.662233113670381954e+03
