2.116802146805674732e+08 2.838170291495069861e+07 2.433227389600921422e+06 2.777876539380567148e+06 1.273558891918567941e+06 9.133399620850260835e+05 8.874122861415978987e+05 4.007473851589260221e+02 1.692566239360557520e+05 -2.846607057108326699e+05 -4.696133201948529313e+04 -1.047652756742569618e+05 -1.169444235096371558e+05 -6.417846407159629598e+04 1.204999389639322326e+05 1.026748225093281944e+05 -1.143934619693934219e+05 -7.124552514216832060e+04 -4.875093371700967691e+04 1.702107227892394585e+05 8.767173093412819435e+04 5.423378446291629371e+04 2.359040621392510002e+04 2.290281576175099690e+04 -1.072171802234293136e+04 -2.843758790197729468e+04 -7.901539360250506434e+03 -2.202001446989840770e+04 2.344219936707122906e+04 -3.101065361677872352e+04 5.319244974912180752e+07 -5.237005756733956747e+06 7.453610927605428733e+05 9.213329885379527695e+05 -2.880299147410137230e+05 7.346510227479011519e+05 1.697492551887220936e+06 -3.317278008527680649e+05 -3.003499818171729567e+05 -3.317259650836663059e+04 4.732169356235537562e+05 3.996750836230759160e+05 3.802392930871134740e+05 5.489171482212204864e+04 -1.904567762343663198e+05 1.143967590130201861e+05 3.152623139381785877e+05 -5.404085388169751241e+03 -4.247905123865155474e+03 -7.470121355420208420e+04 -2.545052045042896643e+05 -9.037331204567302484e+04 3.284180732118008018e+04 -3.426214869718247792e+04 -6.051090820458698727e+04 -1.275638891978237662e+05 4.413965028518019244e+04 4.078309634477965301e+04 -3.172056042111400166e+04 -1.497623214875932026e+05 -5.752044284857197665e+06 -9.324002806776961312e+06 -3.637412773846894968e+06 -7.989561763238534331e+05 1.151321251154906349e+06 1.643017722559846705e+06 -5.515027693197157932e+05 -1.557142406799715711e+06 3.948937504212209606e+05 -2.083452867065289174e+05 -1.362228352563569497e+05 8.758915191626801388e+05 -6.069712828161107609e+05 1.334672819077417953e+05 2.204349659909979964e+05 -2.813757578992162016e+05 -1.414351665775231668e+05 5.079172801583920955e+04 -8.435456638614693657e+04 -2.717623027660749503e+05 -3.049706991453483934e+05 -1.103770686288648430e+05 1.995785762037103414e+05 6.632764629110414535e+04 -1.834430268961268885e+05 -1.964661751333769353e+05 1.639940181137200125e+04 -5.324594979310056806e+04 4.889951897032360284e+04 -1.215441993335139705e+05
2.838170291495069861e+07 6.932520733383077383e+07 8.873049727274747565e+06 1.030825726760016871e+06 8.798173046157320496e+05 9.502187144129374065e+04 4.838039483439635951e+05 2.805630814106216421e+05 1.581978602898974204e+05 -1.205172019716830837e+05 7.635103227145224810e+04 -5.886101483440005541e+04 5.899254579458374064e+04 4.401270368813873210e+04 4.768027161247173353e+04 7.582797421505268721e+04 -2.483097472655753518e+04 -2.854860303887367263e+04 -3.548444633737731056e+04 2.444602759896449788e+04 4.037535635310114594e+04 3.455515703737339936e+04 2.332703984375322398e+04 5.208348347057072533e+04 -1.944096988667446340e+03 4.263460427935481857e+04 -2.663164335704789210e+03 -1.894432111359527698e+04 3.324264842661888542e+04 -1.854530579880010919e+04 2.497744245841627195e+07 5.283471883738661557e+07 -2.990801763008914422e+06 -2.242299202773006167e+06 2.098559661904961336e+06 2.534969745909350167e+05 6.787139782907458721e+05 5.110935205461391597e+05 -1.155801399202500215e+04 1.584781588959197397e+05 8.443713329301982594e+04 1.018791570559458050e+05 3.234551956901733647e+05 5.354700464706980711e+04 -1.307777226439731567e+04 3.123442864964812543e+04 1.716728703589920406e+04 -7.806974507900844037e+04 -7.886463894577341853e+04 2.644624051999313815e+04 -4.815914044725700660e+04 7.199503459328941244e+04 7.096799685434840285e+03 1.448084040656324214e+04 1.103215491197908268e+05 6.037330463737532682e+02 -6.433474507532770804e+04 -3.254980031366577532e+04 -1.265359924139807390e+03 -5.159233805374751682e+04 7.947314791274604388e+06 -4.735788266943119466e+06 -5.341791894121158868e+06 -4.543653904396351427e+06 1.099332382463883732e+04 2.224534416613291949e+06 -8.426812849786980078e+05 7.161298254393180832e+05 7.364912668997679139e+05 -4.316723691835022764e+05 2.813024452622486278e+05 -5.846965029196218529e+04 1.137555269322973036e+05 1.465268975140831608e+05 3.902805574084792170e+04 -2.041290427159442042e+05 -1.196921348845380271e+05 1.049401116277100809e+05 5.784726028008037247e+04 1.674567752130738154e+04 -2.376734655079411168e+05 -6.729760321697840118e+04 1.323909005538305209e+05 1.114262957868180965e+05 6.297955882535069395e+04 -5.314397301824337774e+04 -1.762605968045485861e+04 -1.382757484463049914e+05 6.477618674117242335e+03 -1.032189979253254278e+05
2.433227389600921422e+06 8.873049727274747565e+06 2.167228088705359772e+07 2.725672933499384206e+06 2.955307033086587908e+05 -8.232558484494709410e+04 7.842746334193965595e+03 7.091164374457523809e+04 7.748624248342421197e+04 8.924602601029831567e+04 9.194947391170130868e+04 3.978562640297043981e+04 7.601759959246023209e+04 2.534317642904982131e+04 1.626998000032778327e+04 6.666697165498087998e+04 2.861935629074220924e+04 3.496230922254920733e+04 1.239924680503998570e+04 2.377212980399163644e+04 3.047965643660536443e+04 3.117215407676023460e+03 3.358783730692250538e+04 2.310290649973558538e+04 8.682658641086773059e+03 1.648792626616361304e+04 2.329897448560364501e+04 -1.634207224231693374e+02 1.479252079197618514e+04 -4.038330039216938076e+03 1.936930178121417761e+06 9.075487156587516889e+06 2.101645199435509741e+07 1.470110587668419350e+06 6.001736663338579237e+05 2.351167284053088806e+05 1.801931472541909316e+05 5.462128093112766510e+05 1.798748669863216637e+05 2.131291964820138819e+05 1.212662952498708764e+05 3.093231803055881173e+05 1.359685925327365112e+05 6.957170771193270048e+04 6.617337135440115526e+04 1.509415605037290952e+05 1.299908051141017058e+05 7.375083256353109027e+04 9.134673667297839711e+04 1.378078984673359810e+04 2.571911213597540336e+04 8.728994013771212849e+03 -6.104187328288102435e+04 -1.645320090685138439e+02 4.019457252863245958e+04 -2.864611265568019371e+04 -1.256268259821884749e+04 6.066723983969643996e+03 5.389556640837073064e+04 3.310444274402762676e+04 -2.816626794462033082e+06 -3.403835282928702421e+06 3.699421860576795880e+06 -1.710022471876015421e+06 -3.502650492220027372e+05 1.213530958709529077e+05 5.137792159055797383e+05 3.847716366819517571e+05 8.756684948164227535e+03 2.710727753615815891e+05 9.723940090562844125e+04 1.917402658131224962e+04 -2.206335030237533792e+05 6.345273881934450037e+04 3.035134682090863134e+04 1.776796902890619094e+04 -8.847486222256986366e+04 1.095199620533990092e+05 5.780097361049046594e+04 8.282384807594396989e+04 7.356309960179850168e+04 8.605974609629449333e+03 2.724770776997331268e+04 1.897283728530500230e+04 -3.515988282065562544e+03 -1.811960103387011986e+04 -1.973261796750205758e+04 -2.849935510964842979e+04 4.187351107528027205e+04 2.609206025241120733e+04
2.777876539380567148e+06 1.030825726760016871e+06 2.725672933499384206e+06 7.972146934585676529e+06 9.360320318048263434e+05 -8.332731915802866570e+04 9.169585864523032797e+04 -8.681383957992242358e+03 -1.609329871368629028e+04 4.479052807297382969e+04 -2.907200105251976129e+04 3.217941454326704479e+04 2.687914573971039863e+04 4.393121624011640051e+03 5.231849597182968864e+03 3.801111192943245260e+04 8.484065742173346734e+03 3.706109242993702537e+03 -6.656987457428547714e+03 1.531988842938554444e+04 1.442173468794067412e+04 9.775928779903442774e+03 2.875293470935763708e+03 -1.002738304858154333e+04 3.791987870956197639e+03 8.940462533389345481e+03 5.946318261900234575e+03 2.620372105128202747e+03 1.065932892374725634e+04 5.339893360860088251e+03 2.938822463257488329e+06 1.183310600299379788e+06 2.176032270050868392e+06 8.412831915520105511e+06 4.262158920051864116e+05 -4.399411047970399377e+05 3.101205489502050332e+05 3.078419602316543460e+05 1.085158008108528593e+05 1.015708875119604090e+04 -1.161115401817615566e+04 1.089679027192914364e+05 -1.509130807720982375e+04 5.943475420368819323e+04 7.045229638780539972e+04 8.409519024134689244e+04 6.266976175263941695e+04 -1.004132190001156778e+04 1.565366392780930983e+04 6.271560400119375845e+04 1.787482437582242346e+04 2.422531164479405197e+04 -2.030798637095276717e+04 1.209919999668176570e+04 5.093506682671721137e+03 2.855253782438020789e+04 -2.976848380930255644e+03 1.916845035113108315e+04 1.151869688251681509e+04 8.362296019587125556e+03 5.166131330558795482e+06 1.809551228394378442e+06 -3.263349798836149275e+05 2.354125541843192186e+06 -1.222938801369750407e+06 -4.316189172030740883e+05 1.259863975802378409e+05 -6.230291310293639981e+04 -3.290791787700071582e+05 1.377970293338150950e+05 -2.770295126588118364e+04 1.944707353253235851e+04 -8.638774706904926279e+04 -3.539889467412617523e+04 -1.156158550903733703e+05 -1.026361731683184371e+04 -2.697140016734399251e+04 2.239365448012396519e+04 6.058763653248883202e+04 5.809650172324161394e+04 -5.159998053091330803e+03 -4.214390111782476015e+04 1.382700158995068887e+04 1.282443365738396278e+04 9.846481841352933770e+03 1.991597164503310341e+04 1.060894037864766688e+04 -2.792301104832531564e+04 2.945906692835621288e+04 -5.112636497346292344e+03
1.273558891918567941e+06 8.798173046157320496e+05 2.955307033086587908e+05 9.360320318048263434e+05 3.168288384801385924e+06 3.916438347988885362e+05 9.319900625366602617e+04 4.803278373475642729e+04 1.911295911956377040e+03 -3.623667625745456462e+04 2.219712612615435501e+04 -1.975149524100470080e+04 3.203530025497414317e+04 4.577122634653858768e+03 2.421506135653718957e+03 2.670285049011393767e+03 1.491023188237216164e+04 -4.834603957841904048e+03 1.483115969033764850e+04 5.311093176865570967e+03 1.215903226144567998e+04 -2.228395865356673312e+03 -1.518918526309518938e+03 8.537656891156031236e+01 9.861395881498792733e+02 -4.865388979121971715e+03 1.091799189088557796e+04 2.947471481488790232e+03 4.571627456202953908e+03 5.584540398932213975e+03 4.534260884026562562e+05 8.795568518896468449e+05 8.719050751268904423e+05 8.684512543259601807e+05 3.317924320162386633e+06 -7.822150607927903184e+04 -2.131511502408641682e+05 4.505325235279875642e+02 4.036113002320696251e+04 -5.081019013403319695e+04 -2.170981412576172806e+04 1.550428114966879912e+04 -1.433206678276165576e+03 2.231314677586331527e+04 3.899213577941197582e+04 -1.991013518394640414e+04 2.824335085772410093e+04 -1.523547552128912139e+04 -5.426041490378992421e+03 2.761547656858302071e+04 1.433436826798512084e+04 5.216067490390268176e+03 3.112099376527533968e+04 6.523844159762178606e+03 1.812638258226382823e+04 1.287182211914346590e+04 -5.203412383648802461e+03 8.452778019467417835e+03 1.222053623947718961e+03 1.161581830860065384e+04 -4.273892926024626009e+06 -2.308956709601030685e+06 -7.818646688584719086e+05 8.389323312198445201e+05 4.449930389905828051e+05 -4.648501294559284579e+05 -9.790435508095668411e+03 1.848570460915044532e+05 5.460695126550357963e+04 5.629826262526784558e+04 2.138168407952619600e+04 3.454731267923939595e+04 7.725294534354070493e+03 6.370679899771824421e+04 1.806050023408302877e+04 -4.254190628831158392e+04 -2.650278951318374675e+04 1.156246281953552852e+03 1.798790851401612599e+04 -1.566831483223137184e+03 2.483554783032724572e+03 -1.404612554985643510e+04 2.005958189402438074e+04 1.248998730578972936e+04 -1.762281094533189389e+04 4.032331129066757512e+03 -8.496335977954940972e+03 1.548451153694202185e+04 2.352254728488993715e+04 1.472223903378195428e+04
9.133399620850260835e+05 9.502187144129374065e+04 -8.232558484494709410e+04 -8.332731915802866570e+04 3.916438347988885362e+05 1.686425745503140148e+06 2.557521302293715125e+05 4.582176143161852087e+04 4.550400286006522219e+04 2.333238653154003987e+04 1.836109270770903095e+04 2.915781459004531280e+04 2.874276860595539256e+04 1.713961834620702211e+04 6.272073551269071686e+03 7.258063870593305182e+03 3.426292673712039687e+03 -4.640080978194485397e+03 5.752125163783011885e+03 2.811071487712909857e+03 8.986091141668539422e+03 1.014464642358962351e+03 -5.474802034954097508e+03 -5.669167768673111141e+02 1.240025876255724597e+03 4.314392753330419509e+03 1.669406285532201082e+03 -1.699397103800560444e+03 2.257197679521796090e+03 -3.124838851202430305e+02 3.912642439917266602e+05 -7.783607810981537914e+05 -2.832048224079268984e+05 7.879895803256162617e+04 6.599395258726201719e+05 1.712649410139961401e+06 2.422724096336815273e+05 1.566974292411603674e+05 2.395414562233835750e+04 4.211718691498483167e+03 6.161654140609335627e+03 2.973854960036845296e+04 5.999555231012692093e+04 3.996179753186071321e+04 3.061493217279494274e+04 4.093076214763555618e+04 3.644600287906009908e+04 2.402676801213134240e+04 8.498597226453328403e+03 1.693831317797506199e+04 2.140329962756147142e+04 2.351782109158019011e+04 -1.742729453493890560e+03 3.172064688128249327e+04 1.608086334622550748e+04 9.841952619412424610e+03 7.423265508520701133e+02 1.550253546095438821e+02 1.782105713105165705e+04 4.998076062124298005e+03 -6.193981018846689258e+05 -4.840563345332900644e+05 -4.931854913765632082e+05 6.773602933495267280e+03 -6.169927690691257885e+04 3.846643646470226813e+05 2.129999887532150315e+05 2.461399996633943229e+05 5.086232340083093004e+04 2.838035779121780433e+04 -9.584113547230610493e+03 2.575668876262083722e+04 1.154152668375845315e+04 1.861938699229318445e+04 -2.062263196707532552e+04 3.072747386565266083e+02 6.703765324838463130e+03 2.563108342954786622e+03 -6.858517342358701171e+03 1.135852567200556223e+04 5.237671467606936858e+03 -4.640187431505874883e+03 5.135910903268913899e+03 3.229665202636879712e+03 8.842754406008314618e+03 2.029307414261155282e+04 2.282749367024865205e+04 1.373131758031669960e+04 -1.329577368783536031e+03 8.735103936374986006e+03
8.874122861415978987e+05 4.838039483439635951e+05 7.842746334193965595e+03 9.169585864523032797e+04 9.319900625366602617e+04 2.557521302293715125e+05 9.525336982512561372e+05 1.850073906859609997e+05 2.759377978626027470e+04 3.099227519799448055e+04 4.357546267828747659e+03 3.039229306597707910e+04 1.814123646138079494e+04 8.364511947488745136e+03 2.052978458765129108e+04 -6.677447100010538179e+02 -1.073482212763810594e+03 6.390869070351266600e+03 3.100458036477559290e+03 4.054946669367541745e+03 3.818322809270112430e+03 1.569526748803799819e+03 -1.392590269123023290e+03 5.633606280420578514e+03 4.061390913622160951e+03 2.817650250412170863e+03 -4.086830485703736940e+03 -6.327353261267141534e+03 4.593139849264522127e+03 3.545818687176311414e+03 8.164271073115926702e+05 1.141864208224672184e+05 -3.062760888055526302e+05 -1.075839389786018000e+05 -8.609898878802660329e+04 2.258595250771291612e+05 9.740962285907510668e+05 1.529231633872454113e+05 -2.461313325812081530e+04 3.657842569432724849e+04 -5.754424448796186880e+03 4.474971747881644114e+04 3.607258823666064563e+04 2.159348096171102588e+04 3.656437561221203214e+04 2.577891294448838380e+04 -1.264646478820776110e+03 3.416689963237648044e+04 -3.829083848618860202e+02 2.483762479583864842e+04 -1.123534771257161447e+04 1.685457787651272668e+02 6.318647964561291701e+03 -4.669217597096417194e+02 8.169723724406318979e+03 6.360881008347146235e+02 -7.701263910004155150e+03 -3.163011144468841394e+03 1.215579669387458489e+04 1.312442331520510015e+04 7.700089026596605545e+05 -2.258452222998080251e+05 -7.679260507776336744e+05 -3.140178725979992887e+05 -3.185707563281948096e+05 -1.542749249499910911e+04 1.295635762236463197e+05 3.858623120988508890e+04 6.542214937141437076e+03 -1.820072170946864208e+04 -7.153660666301081619e+03 5.760783042997452867e+04 2.174433869878443511e+04 -2.238535239150317648e+04 5.041627072493000742e+04 3.228756111345627869e+04 -1.163557182812931751e+04 5.013199577174819751e+03 -3.098829431881109485e+04 8.380583197274960412e+02 -1.536255768197647376e+04 6.267642931783765562e+03 1.280634668274445403e+03 -7.020979331914888462e+03 3.810855350051707319e+03 1.018052664819643724e+04 6.793282898863862101e+03 -6.962058084999721359e+03 -8.482749055690337627e+02 9.644448343531015780e+03
4.007473851589260221e+02 2.805630814106216421e+05 7.091164374457523809e+04 -8.681383957992242358e+03 4.803278373475642729e+04 4.582176143161852087e+04 1.850073906859609997e+05 5.540298394193368731e+05 8.240673036151207634e+04 1.367820027211338311e+04 8.757418745338152803e+03 9.141776764560767333e+03 -4.644882989142829501e+02 6.050988592801025334e+03 1.166424731068986148e+04 -2.316807603649975135e+03 -1.011305950101240256e+02 1.127548797805992217e+04 6.864849586369780809e+03 -1.151328372842446242e+03 2.933832955100652725e+03 -1.063447103080939769e+03 1.817589137763231292e+03 3.530925921502177061e+03 6.990613841746758226e+03 3.494809929799653673e+03 2.657784292416623430e+03 1.071728562242496992e+03 2.309578702592026730e+03 1.229290545190395108e+02 -5.499224302579554496e+05 4.281596184749729000e+05 1.067569496761985502e+05 -7.081620218372413365e+04 -3.377698757023725193e+04 -9.374775757227076974e+04 1.070505601325710741e+05 3.858626275973251904e+05 2.699087891259008757e+04 -7.182641920959674280e+03 -1.086282617285925909e+02 3.854153498890083029e+03 -8.144333929560484648e+03 3.271712969370393239e+03 2.437422471162801230e+04 3.910107576935845373e+03 2.834738579138250770e+03 -5.402901092536143551e+03 2.527324224799395324e+03 9.327298516264903810e+03 -7.799873259382879951e+02 -1.105439938662883151e+03 1.305841379526210176e+03 1.334314023687396457e+03 2.661127073397967251e+03 4.407028906781239129e+03 2.359512757015556417e+03 -1.239312200118132523e+03 6.272086427034619192e+03 7.009445072098051241e+03 6.101451839664946310e+05 6.370823244751726743e+05 7.865203243398809718e+03 -6.128282447646619403e+04 -1.461140879830316990e+05 -1.375253962992239758e+04 2.432760164118631656e+04 7.152992743332489044e+04 -3.000132827527396512e+04 -1.263059429582919438e+04 -2.167809552406791045e+04 -1.324346502708326625e+04 -3.751287696131442499e+04 -4.789311186666662252e+03 2.866126124357424851e+04 8.567149750532684266e+03 1.959498659804036652e+04 4.274540435378436996e+03 -8.493590745754469026e+03 2.121775076648913455e+04 -5.778150152353055091e+03 -7.899692297857123776e+03 -6.964231081588924098e+03 -2.375750977783730377e+03 -8.761842838901055075e+03 1.822383698367872000e+02 -9.484213181853572678e+03 -6.778985636496758161e+03 1.285683822935524404e+03 1.073913333706525736e+04
1.692566239360557520e+05 1.581978602898974204e+05 7.748624248342421197e+04 -1.609329871368629028e+04 1.911295911956377040e+03 4.550400286006522219e+04 2.759377978626027470e+04 8.240673036151207634e+04 3.726109145190962590e+05 7.114025761711646919e+04 1.681535382123038289e+04 2.586973757221198866e+03 3.341306589051227093e+03 1.080298264299685434e+04 1.212975570206548764e+04 2.734501105490890041e+03 1.075949552445350491e+04 8.811841410911767525e+03 9.440942205420640676e+03 6.840287828388342859e+03 3.120483922057878772e+03 7.288906642132664047e+02 2.042406394265565723e+03 1.663395437101602511e+03 6.006713136492347985e+03 3.148713230021785421e+03 3.604214825841975198e+03 2.166474552609212424e+03 1.612681087545515766e+03 2.956350267710971366e+03 -1.037028917860416579e+06 -1.583964375203653981e+04 -2.520442476470162801e+05 -6.389557029836909351e+04 -1.201110329273709067e+05 7.395103430502473202e+04 1.333436344130248472e+04 -2.907502360897409017e+04 2.733381350232718396e+05 1.889765429324710567e+04 1.321382130278236400e+04 -1.188164776240471474e+04 4.082106074811743838e+03 2.242285836141484106e+04 2.219154264740478175e+04 -1.329101730760021383e+03 -1.742240330833232747e+03 6.780436119333033275e+03 8.587520096615469811e+03 1.492857609749886979e+04 1.415019237267360586e+04 -6.199027345529641025e+03 2.154833947264124163e+03 -8.273190757759588450e+03 1.768697524206202388e+03 6.445152417100821651e+01 -1.681362481906939593e+03 7.880654283923159937e+02 3.273271369275748384e+03 3.692712985738926363e+03 2.935992670033987379e+05 6.300189184453783091e+05 -3.681267828566799872e+05 -6.653148051822476555e+04 -1.436894232056278852e+05 1.079655458907331194e+05 -9.203070563654267971e+03 1.878202809903864545e+04 4.468163099493079062e+04 -2.164459102658218762e+04 9.549472240919305477e+03 9.419131493365688584e+03 -1.074592766503402345e+04 -2.515732440926466370e+04 -5.486499565813184745e+03 1.009357901131935432e+04 2.756318564836098176e+03 1.524471108882331009e+03 -1.972373431619402027e+02 -1.903056815392452563e+03 2.846264977761485625e+03 -2.173793581599022218e+04 -3.988562138036066699e+03 -6.232008515926603650e+03 -1.092662353732690235e+03 7.827791977976485214e+03 6.093289237711354872e+03 1.623625744002807323e+03 2.025506268353061159e+03 4.984561003148145346e+02
-2.846607057108326699e+05 -1.205172019716830837e+05 8.924602601029831567e+04 4.479052807297382969e+04 -3.623667625745456462e+04 2.333238653154003987e+04 3.099227519799448055e+04 1.367820027211338311e+04 7.114025761711646919e+04 2.369835388364226965e+05 4.058213301974388742e+04 9.848742105024297416e+03 6.371897768472969801e+03 5.970816001996722662e+03 5.863967006976055927e+03 4.125508415627778049e+03 6.128913693022549523e+03 6.056995924760675734e+03 5.222088054747866863e+02 2.317825896026920418e+03 6.531312021786587138e+03 1.041194130202618453e+03 2.878177624134877078e+03 3.009955329114913638e+03 3.849572238046830080e+03 1.791631792102376039e+03 8.086449224384211902e+02 1.647989135053130667e+03 2.989791695878005612e+03 2.380305992151503233e+03 -8.790638268150937511e+05 -7.209931658450025134e+04 1.926064860633237695e+05 2.112456849447740751e+04 -1.388943793449165532e+05 1.808730799683280202e+04 7.442558850158500718e+03 -4.710390090151047480e+04 3.696589804462514439e+04 1.675350674785541196e+05 1.215237489186691528e+04 6.632849569688764859e+03 1.314489796671768318e+03 8.465284063433222400e+03 1.445395074123855557e+04 4.988524458387202685e+03 -1.038581135452216040e+04 5.751517841381392827e+03 5.506956701847634577e+03 2.045517482399470737e+03 5.743302976528001636e+03 -3.159085141996324182e+03 -1.431899716044961224e+02 2.230694131913629406e+02 1.058559494207332500e+04 -3.155849513415073488e+03 -3.857800434773909274e+03 8.684610281057060774e+02 -4.447679413880198808e+03 2.140793929205144195e+03 5.900481643633197527e+05 6.735712507581942482e+05 -2.898125819147711154e+05 -1.276681362405480759e+05 6.756717781315864704e+04 4.462007654718100093e+04 -3.507396337156229129e+04 -1.983049110316361475e+04 1.910005515649331574e+04 3.355137877968366956e+04 -3.049199905189111450e+04 8.732289190755433083e+03 -6.523119472103901899e+03 -1.729505815771093330e+04 8.848660693362169695e+03 -7.294129523072351731e+03 -5.478659897878147831e+02 -2.497884370861299885e+03 -1.074474312047376588e+04 2.643923453990830694e+03 4.973156417702865838e+03 -6.048194438800222088e+03 -5.491121627190971139e+02 5.245414142265760802e+02 9.513826067962609159e+02 -3.546160395561497580e+01 1.298994456133468702e+03 1.599424549656023601e+03 2.709138300750566486e+03 -1.250013404316153355e+03
-4.696133201948529313e+04 7.635103227145224810e+04 9.194947391170130868e+04 -2.907200105251976129e+04 2.219712612615435501e+04 1.836109270770903095e+04 4.357546267828747659e+03 8.757418745338152803e+03 1.681535382123038289e+04 4.058213301974388742e+04 1.433057166891577072e+05 1.915131760192449292e+04 5.628923728321536146e+03 6.205854953832590581e+03 5.072231120563240438e+03 4.535637747178770951e+03 5.977940795950277789e+03 6.392282785515402793e+03 2.319353852248734711e+03 3.675144748941645503e+03 5.711865041890648172e+03 1.908000204661948146e+03 1.828391048505561457e+03 2.678299281272533790e+03 -7.444787110699239747e+02 -3.561792492185833225e+01 1.713615170122653808e+03 -1.064493055370209476e+02 3.172686511152018625e+02 1.135841210330226204e+03 -6.407380037947662640e+05 3.545120479641249403e+05 2.829069965348165715e+05 2.515958469687313482e+04 8.200673853606951889e+04 -2.453212887704407876e+03 8.214833338324126089e+03 4.220391676432253917e+03 2.617346080067751973e+04 9.604563719615332957e+03 8.106026907589042094e+04 -2.638005516903233001e+03 6.110285931795842771e+03 1.566723759982734009e+03 6.825563963248161599e+03 4.265485060836173943e+03 7.031810306023803605e+03 5.036080470466967199e+03 5.913581283866451486e+02 1.816539887926926667e+03 -6.196074718107172430e+02 -2.078890664463931444e+03 1.456496298034135179e+03 1.769390339850538112e+02 -1.991736519118237766e+03 -3.275192429374927769e+02 -1.756608442893898200e+03 6.529656986185723326e+02 -1.706617595930611515e+03 2.987476620604223172e+03 -3.414784315779274039e+04 1.170464495099635387e+05 4.528221280643160571e+04 -1.502094925408009731e+05 -2.620415352954029368e+04 -1.280021784764240692e+04 5.388199297707747610e+04 -3.584486096394560445e+04 1.900841673360397544e+04 8.129621904156511846e+03 -6.339946601665466915e+03 -2.831951566153741442e+04 1.548591506928197305e+04 6.438961394034786281e+03 1.171211072794124630e+04 5.838705495123768742e+03 -1.194185977080784141e+04 -5.551545591856577630e+03 -6.424912510246108468e+03 2.128622066750357590e+03 3.398494474470729074e+03 1.462094871296302244e+03 -1.129013039033467749e+03 3.556552734420529760e+03 -1.899617754616495404e+03 -1.112799810253869964e+03 -3.394187400025368788e+03 3.241200346821871790e+03 6.060171726962208822e+02 2.681224077424576990e+03
-1.047652756742569618e+05 -5.886101483440005541e+04 3.978562640297043981e+04 3.217941454326704479e+04 -1.975149524100470080e+04 2.915781459004531280e+04 3.039229306597707910e+04 9.141776764560767333e+03 2.586973757221198866e+03 9.848742105024297416e+03 1.915131760192449292e+04 9.912489996805290866e+04 1.793173361681700044e+04 6.915991292471101133e+02 3.406871356656981334e+03 3.980832925353997325e+03 4.519387470778006900e+03 3.330125101731041013e+03 3.399128749267582407e+03 1.200426118857968959e+03 4.669257031344639472e+03 1.170326376099990284e+03 3.255386478221909329e+03 2.288535326322444689e+03 1.973245640362659515e+03 6.836584912412475887e+02 -2.329516905911818814e+00 -6.599631596401977731e+02 1.210327762726451056e+03 -7.425321892720602364e+02 -4.312340078333207057e+05 3.371183560514408746e+05 1.185173119538738683e+05 -1.004958690359268985e+04 -6.331491316598458798e+04 1.303548335264094567e+04 2.908757753893405243e+04 1.597631676177064764e+04 1.632828334036708839e+04 1.757700137244925372e+03 -4.214193154420388964e+03 5.474502419303587521e+04 2.618220645365031942e+03 -1.213626620759479556e+04 -4.143558651687052588e+03 7.789874012087678238e+03 6.008740586548505007e+02 -1.874855370716887364e+03 2.549133943200700685e+02 4.519351017972003319e+03 5.873093805360186707e+03 2.970278317354349838e+03 1.214641938140461434e+03 4.122082414767551199e+03 2.259791897731030076e+03 -2.114591664791038511e+03 -4.555322561105857631e+02 2.750180345286886677e+03 2.963236102681860757e+03 1.325805599770257913e+03 4.445598098915361916e+05 3.282732095592326368e+05 -9.157527701017023355e+04 3.112533173396276470e+04 1.340785322290948670e+03 -7.390534763443745032e+04 -2.213033950126613854e+04 2.400482930631423369e+04 1.893630525675184617e+04 2.612104663245059783e+03 -1.493698591352719086e+04 9.262227798305442775e+03 3.470587787422733072e+03 1.882594519321073903e+03 2.013337761772870363e+04 1.222387488892985203e+02 -7.730470137909219375e+03 1.180717708035036537e+02 4.215130577840505453e+02 -1.717945445467875345e+02 1.110155599316939998e+02 7.940075388544983070e+02 1.943120341608988255e+01 2.909892875310002182e+03 3.759631128712054760e+03 4.781265316988848099e+03 -1.463579269099642715e+03 -2.591284246614990479e+03 -9.361542553750282423e+02 1.151315518775856390e+03
-1.169444235096371558e+05 5.899254579458374064e+04 7.601759959246023209e+04 2.687914573971039863e+04 3.203530025497414317e+04 2.874276860595539256e+04 1.814123646138079494e+04 -4.644882989142829501e+02 3.341306589051227093e+03 6.371897768472969801e+03 5.628923728321536146e+03 1.793173361681700044e+04 8.481608573842556507e+04 1.733584675416734171e+04 6.831808460601671868e+03 3.142240228640061105e+03 2.724012306063468259e+03 1.572819370855283296e+03 -1.369982796592325656e+02 3.103404623809813984e+03 9.956706439544145724e+02 2.328020532615832053e+03 1.096397412727838628e+03 3.389004552932005936e+03 1.354996917800609936e+03 1.677875065335382487e+03 1.866158508633403699e+02 -7.934680764621332116e+01 1.804464620523975782e+03 1.630715512223453629e+02 -3.800501683952914318e+05 1.525260211624593358e+05 7.340505467879050411e+04 -3.516355338169811876e+04 -2.454681267130795732e+03 3.417066163843060622e+03 1.884439414262563787e+03 -1.411977721673827727e+04 -1.364837090872034241e+04 -9.305549284454069493e+03 -5.656886823737434497e+03 -1.679935324687985485e+04 3.059925633557868059e+04 2.546353629088286198e+03 6.316793215099099143e+03 -9.354436159165701383e+02 -4.242477832499475880e+03 3.239455849533057062e+03 -1.080781761809961836e+03 4.832099318466005570e+03 2.110348564576080207e+03 3.160592635141819073e+02 9.462587578772601091e+02 4.223694702840279206e+03 7.702643168650283769e+02 1.127462256239559110e+03 2.893448619862757027e+02 1.334284728487007669e+03 1.461214192346892560e+03 -2.446742106822027836e+03 2.733070440067310119e+05 -1.998389547786464391e+05 -1.973212428319670144e+05 -8.753101139223898645e+04 -7.685875257073251123e+04 -3.495838253815013013e+04 3.886886513574115088e+04 4.009747812237424114e+03 1.729014418269468297e+04 -2.437852525705199878e+04 5.590820565023948802e+03 5.364682024747461583e+03 9.777719246374183058e+03 -1.360925298658548854e+04 1.173485200601804900e+04 2.003713601694779811e+02 -5.091490375279784530e+03 4.537387496818445243e+02 -4.206197324981146267e+03 8.006310652258958953e+02 -7.175842272661495826e+02 3.354609933919033210e+03 3.292346763448168986e+03 2.208902624725584246e+03 2.000067846352319378e+00 1.555501648014296279e+03 3.960502156209382974e+03 4.014661995577679136e+03 5.903323306748060304e+02 9.362396403589921192e+02
-6.417846407159629598e+04 4.401270368813873210e+04 2.534317642904982131e+04 4.393121624011640051e+03 4.577122634653858768e+03 1.713961834620702211e+04 8.364511947488745136e+03 6.050988592801025334e+03 1.080298264299685434e+04 5.970816001996722662e+03 6.205854953832590581e+03 6.915991292471101133e+02 1.733584675416734171e+04 5.877578669511487533e+04 8.822283782593111027e+03 3.437369610317062325e+03 3.164943095214756340e+03 3.937193439014078649e+03 2.955348243119859035e+03 2.737851263187632867e+03 1.991549099539094414e+03 3.094617653579889065e+03 1.628165049193189589e+03 1.852452862236459168e+03 1.271262867033733755e+03 1.314981158093376280e+03 1.399179551086014271e+03 1.366462290093546244e+03 1.768204076634969852e+03 4.084335647979874011e+02 1.269650352243026427e+05 6.738344993704650551e+04 1.614382772346790589e+05 6.438035644135568145e+04 3.763202233563309710e+04 -8.682257083082187819e+03 2.286737157495643987e+04 -4.130444784152055945e+03 2.297451775990791793e+04 -3.248463078274126474e+03 -1.217251919840087976e+04 -1.233092089343811313e+04 -7.358340884807768134e+02 3.030632723813406847e+04 1.199562768123274145e+04 5.239424976284694822e+03 3.760701556007606541e+03 9.914625753124043968e+02 1.006603124683528449e+03 1.178861593219069391e+03 6.525787025232304586e+03 1.989811984566286583e+03 -1.947014908730932120e+03 2.283186046508171330e+03 1.027038939991259667e+03 8.502974853397914785e+02 1.245823201036309456e+03 -2.298005921407785081e+03 -1.058883473627073045e+03 -1.336891264720582058e+03 2.582784054278755793e+05 5.250625238719260960e+04 -5.018732905437074805e+04 -8.464408662071869185e+04 -2.320896342630075378e+04 -2.913345277228342820e+04 1.438198111464264730e+04 -1.330902144183280870e+04 1.656681002659192745e+04 4.619548899288951361e+03 4.380210263674975977e+03 5.499169152374378427e+03 -3.173770504298965989e+03 1.750594812271034243e+03 -1.366653377409682662e+03 1.639354859714061163e+01 -1.666943604780216447e+03 -4.429358369611015405e+03 1.717544141407790676e+03 1.281262180873053467e+02 4.567339278919539680e+01 -1.757895653512656281e+03 -3.365743419521674241e+03 2.344707986833532686e+03 -5.052505582311266039e+02 8.327477352847608927e+02 5.505130061452266546e+02 -4.380374592698416336e+01 6.552929040557728513e+01 -1.552841998094265819e+03
1.204999389639322326e+05 4.768027161247173353e+04 1.626998000032778327e+04 5.231849597182968864e+03 2.421506135653718957e+03 6.272073551269071686e+03 2.052978458765129108e+04 1.166424731068986148e+04 1.212975570206548764e+04 5.863967006976055927e+03 5.072231120563240438e+03 3.406871356656981334e+03 6.831808460601671868e+03 8.822283782593111027e+03 4.820539234790213231e+04 6.094793426856002952e+03 2.117725359278252654e+03 3.053889179137798237e+03 1.814019306013416326e+03 2.558722055991922389e+03 1.751435595198005558e+03 1.077350388660456701e+03 8.876381531500526307e+02 1.457464894692461257e+03 -4.959431370105392602e+02 1.124513623380627223e+03 7.377657675247003226e+02 1.956310189867294866e+02 1.323308679161476903e+03 5.787915397262155466e+02 -1.874634785771068709e+05 1.062418666968298785e+05 9.965073077252111398e+04 3.789657879043209687e+04 1.657374463063617804e+04 4.711985158624866745e+04 2.327796426590150804e+04 -1.053764536968033826e+04 1.222207764865949866e+04 1.076537235445210172e+04 -2.015590906086677933e+03 1.317562584002100039e+03 4.188167716432657471e+03 2.921105074348474318e+03 2.884958368717709891e+04 -2.374195320772372725e+03 1.849637556685147047e+03 2.296817368972027907e+03 -5.001292959439996366e+02 3.856156457266490634e+03 1.122308960774494835e+03 2.249755988575865103e+03 2.865319083920613139e+03 2.059882550801752132e+03 1.195328691887204968e+03 1.206363080604554483e+02 -2.152071173356870304e+02 -8.281521525672088728e+02 3.640838511150281533e+02 -9.548641064744567757e+02 -1.829478620359584456e+05 -1.939531321369586512e+05 -5.167570611247297347e+04 -2.665419526598200173e+04 1.685959867363821832e+04 9.787411726491918671e+03 1.898544523882896465e+04 -3.629281698155601043e+04 3.466550805704112918e+03 6.218405414102928262e+03 7.088558106063789637e+03 9.289129011581329905e+03 1.087891505754876562e+04 3.435020224143834639e+03 1.123850688985322267e+04 4.659774100231236844e+03 -1.071734950696504029e+03 -3.241305451643661399e+03 2.870229752854173512e+03 3.574481780593243457e+03 1.762883171011293825e+03 5.332402411256741743e+02 -1.074879827611996234e+03 2.199952066039458714e+03 1.796651588496508793e+03 4.465472418075563837e+03 -1.552179587752100588e+03 -1.465718570751567142e+02 3.198811776121677326e+02 -2.050160343426873339e+02
1.026748225093281944e+05 7.582797421505268721e+04 6.666697165498087998e+04 3.801111192943245260e+04 2.670285049011393767e+03 7.258063870593305182e+03 -6.677447100010538179e+02 -2.316807603649975135e+03 2.734501105490890041e+03 4.125508415627778049e+03 4.535637747178770951e+03 3.980832925353997325e+03 3.142240228640061105e+03 3.437369610317062325e+03 6.094793426856002952e+03 3.843324607017212111e+04 8.671566722079402098e+03 2.826216612478110619e+03 2.113521018904059019e+03 2.515133670230630287e+03 2.354345842784654906e+03 1.288996884557663179e+03 1.506998031754874773e+03 9.337094700367870246e+02 3.933666627241892115e+02 8.261520627147480127e+02 4.473559555904641343e+02 1.001067983434950634e+03 8.770773767341213443e+02 1.027714836297125657e+03 -1.688304053723058757e+02 1.320127489402316860e+05 1.000665395082793548e+05 6.330171227791175625e+04 7.820565660917366586e+03 5.060793970655313024e+04 5.116968030523894413e+04 2.880385486897854662e+03 1.365172123381098027e+04 4.676415242470193334e+03 -2.907056988021184679e+03 -2.234178862336279963e+03 1.522991497948896495e+03 -3.602621445288621658e+02 5.312252921759931269e+03 1.556228571452045981e+04 9.529287025577921213e+02 -3.050022624029199051e+03 2.066241596688323909e+02 2.564734636207758285e+03 1.470778775113478559e+03 1.365836649953265578e+03 2.875188280967571245e+03 2.295681441923818056e+03 1.950181472209149433e+03 5.372226014199342217e+02 1.717149826555242953e+02 -1.034054247477566378e+03 3.708423372359138170e+02 -1.133015571332945001e+03 2.677372188790985965e+05 1.943455412203257147e+05 -4.479703604541959066e+04 4.390079749352909130e+04 3.220559445079593570e+04 1.416906157409907973e+04 3.774521658659549576e+04 1.537059756509214276e+04 8.482448512051427315e+03 1.044866730585607547e+04 8.772622435628944004e+03 -3.409494978185735363e+03 -7.838210014664048686e+03 3.634383743133444568e+03 1.622903168297810907e+03 4.471390622527643245e+03 9.688861929285186534e+02 -2.568865723941020860e+03 -1.439369921699110080e+02 3.075401978442336599e+02 4.992024662742944656e+02 -6.214288748188987483e+03 -1.758214064697419019e+02 9.488248486472859895e+02 2.304073186976560464e+03 1.693573740032444221e+03 8.601030328418277122e+02 -1.159331518315349513e+03 -1.677217320304176155e+03 -1.480208298485362093e+03
-1.143934619693934219e+05 -2.483097472655753518e+04 2.861935629074220924e+04 8.484065742173346734e+03 1.491023188237216164e+04 3.426292673712039687e+03 -1.073482212763810594e+03 -1.011305950101240256e+02 1.075949552445350491e+04 6.128913693022549523e+03 5.977940795950277789e+03 4.519387470778006900e+03 2.724012306063468259e+03 3.164943095214756340e+03 2.117725359278252654e+03 8.671566722079402098e+03 3.433986182589801319e+04 7.491079005551505361e+03 2.737340157523072776e+03 1.887254249759646427e+03 1.506838938715405675e+03 8.635295132349529013e+02 1.481856240301760181e+03 1.666366839824095678e+03 8.913123497026666655e+02 1.445276351311808412e+03 1.011211938244602038e+03 1.067719485314572239e+03 9.295722446885572481e+02 2.021567194180702245e+02 -2.414224889270250424e+04 -1.608395668293593917e+05 3.301367177280347823e+04 6.342815954485259863e+04 2.417361152544877041e+04 3.471453537109779427e+04 -2.866685898037111201e+03 -6.262004544108776827e+03 1.107677481834412902e+04 4.464873177436277729e+03 5.385201456659163341e+03 7.267804917379990911e+03 1.731201281072801294e+03 -9.971351277325031788e+02 -2.257573667389044090e+02 -1.462441479251899864e+03 1.357844238227025380e+04 2.156287956125421260e+03 1.593037032478403319e+02 7.529329869253530205e+02 -1.213726178431624703e+03 2.042694521435839306e+03 4.609827623390052054e+02 1.420466371708804900e+03 3.096256007942367432e+03 1.310474242481209558e+03 8.341835870947053309e+02 -2.495060024725679796e+03 6.156136950686938007e+02 1.093490568662454280e+03 1.670181394592177821e+05 -1.130806837171561783e+05 -1.524904112907103263e+04 -1.330991573370382321e+04 5.141914622004299599e+04 -2.039054408801915315e+03 -2.702194671745899541e+04 9.092780151274144373e+03 1.793038401758576219e+04 6.046964630302341902e+03 -1.787415067188861258e+03 3.540688684134497180e+03 1.066771846790604104e+04 3.814847648322403984e+03 1.806095573465301641e+03 5.667058491541042713e+03 1.635770635350923840e+03 1.518369981105221768e+03 -1.168028599379482330e+03 7.563183465365793836e+02 3.676095026325381241e+02 -1.456824322003548104e+02 2.145933722424768803e+03 1.377830417134839990e+03 1.106399700715090376e+03 1.652960425341968630e+03 3.714922116848892074e+03 -1.296718984514424619e+03 9.069297417861621398e+02 -1.573074207451292295e+03
